 -1.368276 0.000100 0.000100 0.000100
 -1.401799 0.000100 0.000100 0.000100
 -1.351927 0.000100 0.000100 0.000100
 -1.424788 0.000100 0.000100 0.000100
 -1.442806 -1.233715 -1.515127 -1.375365
 -1.181500 -1.769286 -1.386294 -1.299283
 -1.328536 -1.328536 -1.413693 -1.482686
 -2.056450 -1.483933 -1.069958 -1.196251
 -1.460402 -1.232144 -1.486378 -1.386294
 -1.403994 -1.586315 -1.558144 -1.081221
 -1.229109 -1.285198 -1.429779 -1.652922
 -1.835243 -1.429779 -1.158905 -1.247458
 -1.305326 -1.283347 -1.474401 -1.501070
 -1.327296 -1.797299 -1.414307 -1.120960
 -1.087440 -1.104247 -2.046287 -1.598264
 -1.879727 -1.276732 -1.088142 -1.462834
 -1.566420 -1.029620 -1.490434 -1.566420
 -1.247458 -1.681093 -1.739933 -1.046788
 -1.104548 -1.159607 -1.871801 -1.603538
 -1.532897 -1.704747 -1.011602 -1.432814
 -1.419084 -1.165304 -1.670398 -1.354546
 -1.556794 -1.853059 -1.636836 -0.825908
 -1.208046 -1.208046 -1.964370 -1.338666
 -1.637608 -1.555370 -1.034074 -1.431757
 -1.211941 -1.153673 -1.865866 -1.460402
 -1.470176 -1.863217 -1.900957 -0.764607
 -1.233954 -1.233954 -2.018070 -1.255933
 -1.681758 -1.541996 -1.013930 -1.438812
 -1.238659 -1.110041 -1.736496 -1.586965
 -1.650986 -2.056450 -1.780198 -0.670159
 -1.066037 -1.353718 -1.972755 -1.353718
 -1.686398 -1.686398 -0.842680 -1.614078
 -1.320337 -0.921990 -1.838278 -1.736496
 -1.331235 -2.073169 -2.024379 -0.738172
 -1.064711 -1.151723 -1.662547 -1.900957
 -1.521213 -1.744356 -0.997143 -1.436056
 -1.376038 -0.898411 -2.009760 -1.578978
 -1.732760 -1.831200 -1.866291 -0.676710
 -1.479076 -0.919461 -1.971551 -1.451677
 -1.515127 -1.945909 -0.886519 -1.490434
 -1.272056 -0.822140 -2.223029 -1.760408
 -1.849215 -1.882005 -2.025105 -0.582725
 -1.406362 -0.906407 -2.126905 -1.461932
 -1.395864 -1.633535 -1.113001 -1.475906
 -1.187844 -0.940984 -2.209491 -1.634130
 -1.776943 -2.358863 -1.869316 -0.541132
 -1.017388 -1.433547 -1.776491 -1.466337
 -1.404644 -1.897119 -0.882769 -1.655957
 -1.159913 -0.876551 -3.274433 -1.459156
 -1.771555 -1.589235 -2.045991 -0.699974
 -0.993253 -1.216396 -1.829498 -1.755391
 -1.390830 -1.842814 -1.223776 -1.208508
 -1.083575 -0.845617 -3.342345 -1.624705
 -1.462834 -1.879727 -1.781287 -0.804374
 -0.933534 -1.466337 -1.928958 -1.466337
 -1.562917 -1.683545 -1.142415 -1.252763
 -1.371479 -0.770706 -2.358863 -1.665718
 -1.431757 -1.455287 -1.321756 -1.342809
 -1.098613 -1.315677 -2.104131 -1.285824
 -1.950659 -1.567668 -1.034371 -1.224724
 -1.392373 -0.978812 -2.215571 -1.321756
 -1.213452 -1.464766 -1.572396 -1.331235
 -1.272056 -1.295046 -1.590509 -1.418660
 -2.895904 -1.266672 -0.993805 -1.228205
 -1.425009 -1.092304 -2.423533 -1.092304
 -1.410987 -1.179876 -1.857273 -1.228666
 -1.297215 -1.210204 -1.903349 -1.274742
 -2.361898 -1.340250 -1.032766 -1.244941
 -1.455287 -1.297063 -2.014901 -1.021652
 -1.358643 -1.358643 -1.494775 -1.340624
 -1.263692 -1.400893 -1.559957 -1.343735
 -2.183236 -1.391000 -0.991845 -1.318241
 -1.246249 -1.246249 -2.085996 -1.201797
 -1.545924 -1.625967 -1.654137 -0.919028
 -1.145133 -1.076140 -1.838278 -1.704747
 -2.605151 -1.218862 -1.123552 -1.186072
 -1.323381 -1.047969 -1.945908 -1.426035
 -1.634755 -1.469676 -1.634755 -0.967585
 -1.531476 -1.065387 -1.861716 -1.259543
 -2.365557 -1.202409 -1.057228 -1.353959
 -1.481604 -0.839752 -2.936881 -1.245216
 -1.657065 -1.211755 -1.632968 -1.151131
 -1.301395 -0.785930 -2.983144 -1.507247
 -2.128230 -1.127600 -1.518466 -1.084428
 -14.144817 -14.144817 -14.144817 -0.000002
 -14.774862 -14.774862 -14.774862 -0.000001
 -13.845074 -13.845074 -13.845074 -0.000003
 -14.566929 -14.566929 -14.566929 -0.000001
 -1.386294 -1.386294 -1.386294 -1.386294
 -1.386294 -1.386294 -1.386294 -1.386294
 -1.386294 -1.386294 -1.386294 -1.386294
 -15.782623 -15.782623 -0.000000 -15.782623
 -1.386294 -1.386294 -1.386294 -1.386294
 -1.386294 -1.386294 -1.386294 -1.386294
 -15.782623 -0.000001 -15.782623 -15.782623
 -1.386294 -1.386294 -1.386294 -1.386294
 -1.386294 -1.386294 -1.386294 -1.386294
 -0.000001 -15.782623 -15.782623 -15.782623
 -1.386294 -1.386294 -1.386294 -1.386294
 -1.386294 -1.386294 -1.386294 -1.386294
 -15.782623 -15.782623 -0.000000 -15.782623
 -1.386294 -1.386294 -1.386294 -1.386294
 -1.386294 -1.386294 -1.386294 -1.386294
 -1.386294 -1.386294 -1.386294 -1.386294
 -1.386294 -1.386294 -1.386294 -1.386294
 -1.386294 -1.386294 -1.386294 -1.386294
 -1.183211 -1.454289 -1.299283 -1.674443
 -1.386294 -1.386294 -1.386294 -1.386294
 -1.457246 -1.418780 -1.627871 -1.112406
 -1.562645 -1.429114 -1.591633 -1.057552
 -1.145866 -1.162126 -2.014901 -1.444358
 -2.332886 -1.184268 -1.184268 -1.234279
 -1.210204 -1.297215 -2.036880 -1.210204
 -1.341174 -1.559427 -1.341174 -1.321756
 -1.306252 -1.185624 -1.443453 -1.673975
 -1.707076 -1.327587 -1.227504 -1.345286
 -1.360154 0.000100 0.000100 0.000100
 -1.252061 0.000100 0.000100 0.000100
 -1.536707 0.000100 0.000100 0.000100
 -1.417267 0.000100 0.000100 0.000100
 -1.875719 -1.125555 -1.026965 -1.806726
 -1.623572 -1.188883 -1.202804 -1.620020
 -1.552331 -0.939411 -1.353264 -1.973335
 -2.564121 -0.906406 -1.090368 -1.698559
 -1.476848 -1.418164 -1.187793 -1.493469
 -1.209302 -1.479329 -1.184796 -1.783818
 -1.349380 -1.157685 -1.240097 -1.987556
 -2.040756 -1.175759 -1.022683 -1.600200
 -1.278814 -1.504894 -1.447736 -1.329953
 -1.320462 -1.337222 -1.549858 -1.354268
 -1.059865 -1.244058 -1.552172 -1.874072
 -2.006824 -1.097454 -1.283951 -1.366787
 -1.858221 -1.218615 -0.942879 -1.839441
 -1.654558 -1.130741 -1.249093 -1.613121
 -1.550723 -0.968923 -1.293457 -2.009222
 -2.424802 -1.038508 -1.018706 -1.627295
 -1.443236 -1.339439 -1.207670 -1.594785
 -1.237627 -1.453068 -1.227371 -1.698191
 -1.412270 -1.155125 -1.200722 -1.963152
 -1.954073 -1.185941 -1.105605 -1.505821
 -1.183047 -1.358309 -1.624577 -1.428926
 -1.305084 -1.435953 -1.501910 -1.315808
 -1.111937 -1.254419 -1.515392 -1.795074
 -1.949279 -1.089684 -1.346729 -1.342428
 -1.853666 -1.284748 -0.888140 -1.863056
 -1.660423 -1.166666 -1.190420 -1.637609
 -1.667977 -0.883443 -1.364865 -1.947717
 -2.586188 -1.002666 -1.059122 -1.555739
 -1.361887 -1.452134 -1.242414 -1.509292
 -1.247128 -1.460997 -1.320121 -1.543822
 -1.418803 -1.147463 -1.249449 -1.871500
 -2.141778 -1.120515 -1.086148 -1.519012
 -1.218721 -1.449033 -1.596015 -1.320912
 -1.438273 -1.459846 -1.475545 -1.198201
 -1.155689 -1.184741 -1.631879 -1.694056
 -1.985622 -1.084370 -1.432424 -1.252251
 -1.967468 -1.162204 -0.961533 -1.801283
 -1.639070 -1.111099 -1.196700 -1.746102
 -1.573671 -0.905611 -1.385361 -1.979136
 -2.517539 -1.001666 -1.040802 -1.614935
 -1.320780 -1.350485 -1.296682 -1.606837
 -1.224576 -1.457986 -1.274437 -1.640799
 -1.377061 -1.109806 -1.272436 -1.981156
 -1.901049 -1.096262 -1.061657 -1.768502
 -1.353350 -1.546845 -1.437000 -1.234196
 -1.281637 -1.385592 -1.651051 -1.271561
 -1.203512 -1.248278 -1.576113 -1.579463
 -1.781361 -1.209018 -1.420556 -1.232642
 -1.870262 -1.263218 -0.882582 -1.900722
 -1.575279 -1.179814 -1.236677 -1.632876
 -1.514803 -0.919078 -1.380744 -2.041220
 -2.516630 -0.983626 -0.995921 -1.737652
 -1.435578 -1.425269 -1.141440 -1.598402
 -1.205556 -1.413957 -1.227579 -1.806096
 -1.398957 -1.168076 -1.207374 -1.943516
 -2.052902 -1.093734 -1.047380 -1.682982
 -1.149256 -1.425745 -1.515251 -1.500381
 -1.279219 -1.413852 -1.437663 -1.422715
 -1.100564 -1.256669 -1.612040 -1.696981
 -1.833483 -1.110704 -1.330205 -1.400822
 -2.010683 -1.273771 -0.844249 -1.855030
 -1.689977 -1.160773 -1.116631 -1.743820
 -1.465745 -1.005404 -1.309399 -2.015791
 -2.476720 -1.045266 -0.977486 -1.670633
 -1.419760 -1.440924 -1.150572 -1.584437
 -1.307157 -1.366067 -1.302591 -1.597130
 -1.288208 -1.166554 -1.330143 -1.908128
 -1.982232 -1.121001 -1.102309 -1.588743
 -1.223450 -1.506525 -1.408545 -1.428748
 -1.362534 -1.434095 -1.587751 -1.199739
 -1.191891 -1.118443 -1.667917 -1.709669
 -1.901126 -1.158147 -1.436612 -1.207979
 -2.114864 -1.329910 -0.827895 -1.726641
 -1.649099 -1.317546 -1.196420 -1.436700
 -1.657996 -1.043470 -1.212685 -1.833511
 -2.497768 -1.205572 -0.913898 -1.526695
 -1.499954 -1.136512 -1.682275 -1.309435
 -1.344077 -0.962518 -1.610123 -1.848797
 -1.408212 -0.753286 -1.634200 -2.413582
 -1.964110 -0.921817 -1.446168 -1.485218
 -16.234100 -16.234100 -16.234100 -0.000000
 -16.828592 -16.828592 -16.828592 -0.000000
 -16.131012 -16.131012 -16.131012 -0.000000
 -15.911072 -15.911072 -15.911072 -0.000000
 -1.386294 -1.386294 -1.386294 -1.386294
 -1.386294 -1.386294 -1.386294 -1.386294
 -1.386294 -1.386294 -1.386294 -1.386294
 -17.724329 -17.724329 0.000000 -17.724329
 -1.386294 -1.386294 -1.386294 -1.386294
 -1.386294 -1.386294 -1.386294 -1.386294
 -17.724329 0.000000 -17.724329 -17.724329
 -1.386294 -1.386294 -1.386294 -1.386294
 -1.386294 -1.386294 -1.386294 -1.386294
 0.000000 -17.724329 -17.724329 -17.724329
 -1.386294 -1.386294 -1.386294 -1.386294
 -1.386294 -1.386294 -1.386294 -1.386294
 -17.724329 -17.724329 0.000000 -17.724329
 -1.386294 -1.386294 -1.386294 -1.386294
 -1.386294 -1.386294 -1.386294 -1.386294
 -1.386294 -1.386294 -1.386294 -1.386294
 -1.386294 -1.386294 -1.386294 -1.386294
 -1.386294 -1.386294 -1.386294 -1.386294
 -1.309096 -1.105457 -1.399219 -1.883305
 -1.386294 -1.386294 -1.386294 -1.386294
 -1.355568 -1.399758 -1.264721 -1.545410
 -1.181994 -1.473636 -1.591419 -1.344745
 -1.074515 -1.123305 -1.739491 -1.846911
 -1.660870 -1.113231 -1.454534 -1.394241
 -1.862669 -1.237704 -0.955512 -1.771500
 -1.677170 -1.240695 -1.132286 -1.601376
 -1.551628 -0.897532 -1.398086 -2.014001
 -2.417188 -1.113278 -1.000741 -1.538324
