 -1.275001 0.000100 0.000100 0.000100
 -1.419170 0.000100 0.000100 0.000100
 -1.382421 0.000100 0.000100 0.000100
 -1.479795 0.000100 0.000100 0.000100
 -1.264405 -1.332227 -1.483458 -1.483458
 -1.339288 -1.620190 -1.765372 -0.997003
 -1.355835 -1.124724 -1.630271 -1.506658
 -1.769286 -1.238659 -1.076140 -1.615135
 -1.509354 -1.169487 -1.440361 -1.462834
 -1.194404 -1.623966 -1.699951 -1.147884
 -1.093042 -1.236142 -1.632037 -1.721649
 -1.614552 -1.751753 -0.960627 -1.406914
 -1.426300 -1.292768 -1.533930 -1.310787
 -1.293921 -1.760010 -1.536867 -1.082613
 -1.014196 -1.202248 -1.796953 -1.766182
 -1.583462 -1.533452 -1.119890 -1.375823
 -1.079655 -1.093840 -1.941135 -1.704747
 -1.380961 -1.898903 -1.863811 -0.812269
 -1.104247 -1.174451 -1.626435 -1.814487
 -1.486642 -1.486642 -1.182431 -1.422104
 -1.325140 -1.154183 -1.665007 -1.470852
 -1.527067 -1.704747 -1.396447 -1.039772
 -1.305756 -0.932552 -1.824548 -1.747587
 -1.574695 -1.527067 -1.054161 -1.481604
 -1.250064 -1.177305 -1.609437 -1.582769
 -1.435084 -1.913119 -1.633535 -0.869771
 -1.177305 -1.030702 -1.962258 -1.636836
 -1.573810 -1.549118 -1.043183 -1.478500
 -1.309333 -1.237875 -2.120261 -1.139435
 -1.321756 -1.584120 -2.014901 -0.929195
 -1.036621 -1.196251 -2.011998 -1.563975
 -1.716957 -1.357584 -1.168993 -1.376632
 -1.159237 -1.143733 -2.140064 -1.386294
 -1.484564 -1.675619 -1.912007 -0.824570
 -1.182312 -1.048781 -1.587776 -1.975540
 -1.482478 -1.770159 -1.077014 -1.339378
 -1.098613 -0.936094 -2.227075 -1.791758
 -1.558144 -1.663504 -1.988926 -0.769688
 -1.268512 -1.049823 -1.609437 -1.779336
 -1.497251 -1.457246 -1.019624 -1.700192
 -1.396245 -0.964463 -2.012429 -1.437067
 -1.535970 -1.851823 -1.769585 -0.782200
 -1.098613 -0.974560 -2.073169 -1.810806
 -1.552867 -1.391599 -1.098613 -1.578185
 -1.423632 -0.845555 -2.307831 -1.468084
 -1.700192 -1.560430 -1.923335 -0.773952
 -1.085190 -0.971861 -2.001478 -1.906168
 -1.400346 -1.632968 -1.196251 -1.363305
 -1.114613 -0.965082 -2.408530 -1.604160
 -1.488709 -1.570387 -1.837015 -0.898747
 -0.923672 -1.151455 -1.916921 -1.968214
 -1.413693 -1.665007 -1.139998 -1.395344
 -1.041454 -0.943816 -2.833207 -1.613973
 -1.223776 -1.604548 -1.852383 -1.055441
 -0.826680 -1.256242 -2.261759 -1.750936
 -1.707201 -1.580450 -1.084014 -1.292768
 -1.209591 -0.867101 -2.381225 -1.665608
 -1.098613 -1.518466 -1.881370 -1.219973
 -1.248895 -1.563975 -1.363305 -1.394076
 -1.471452 -1.614552 -1.217672 -1.289131
 -1.130506 -1.063367 -2.316127 -1.455928
 -1.182199 -1.485385 -1.549923 -1.367602
 -1.239064 -1.239064 -1.757857 -1.393215
 -1.679171 -1.202248 -1.478500 -1.255357
 -1.107959 -1.080179 -2.326113 -1.458615
 -1.098613 -1.524280 -1.702528 -1.321756
 -1.446919 -1.062508 -1.734600 -1.416147
 -1.950998 -1.205667 -1.331960 -1.222761
 -1.010389 -1.302525 -2.383434 -1.302525
 -1.318472 -1.558144 -1.422012 -1.270463
 -1.708377 -1.143065 -1.526056 -1.263692
 -1.936008 -1.314321 -1.176171 -1.277953
 -1.335001 -1.169487 -2.111528 -1.186581
 -1.337976 -1.547067 -1.524078 -1.181134
 -1.240787 -1.374318 -1.678000 -1.305326
 -2.192582 -1.107959 -1.327587 -1.227504
 -1.272966 -0.930680 -2.525724 -1.403586
 -1.400346 -1.196251 -1.438812 -1.541996
 -1.259236 -1.151605 -1.952381 -1.354546
 -2.790283 -1.085541 -1.180851 -1.224653
 -0.184827 -14.285517 -1.779336 -14.285517
 -0.454737 -14.771024 -1.006805 -14.771024
 -0.567611 -14.266589 -0.836739 -14.266589
 -1.015435 -14.488457 -0.449802 -14.488457
 -0.728707 -1.306588 -2.948812 -1.638232
 -1.386294 -1.386294 -1.386294 -1.386294
 -1.108182 -1.219973 -1.820746 -1.547880
 -1.386294 -1.386294 -1.386294 -1.386294
 -0.000001 -14.994166 -14.994166 -14.994166
 -0.000001 -14.590240 -14.590240 -14.590240
 -0.000004 -13.527834 -13.527834 -13.527834
 -0.000002 -14.260199 -14.260199 -14.260199
 -15.860620 -0.000000 -15.860620 -15.860620
 -1.386294 -1.386294 -1.386294 -1.386294
 -1.386294 -1.386294 -1.386294 -1.386294
 -1.386294 -1.386294 -1.386294 -1.386294
 -1.386294 -1.386294 -1.386294 -1.386294
 -0.000000 -15.860620 -15.860620 -15.860620
 -1.386294 -1.386294 -1.386294 -1.386294
 -1.386294 -1.386294 -1.386294 -1.386294
 -15.860620 -15.860620 -0.000000 -15.860620
 -1.386294 -1.386294 -1.386294 -1.386294
 -1.386294 -1.386294 -1.386294 -1.386294
 -1.386294 -1.386294 -1.386294 -1.386294
 -1.386294 -1.386294 -1.386294 -1.386294
 -1.386294 -1.386294 -1.386294 -1.386294
 -1.220934 -1.392784 -1.124826 -2.025306
 -1.386294 -1.386294 -1.386294 -1.386294
 -1.645155 -1.224653 -1.478102 -1.254959
 -1.731134 -1.287204 -1.619909 -1.052803
 -1.414579 -1.181648 -1.613430 -1.382318
 -1.852382 -0.863774 -1.791758 -1.366876
 -1.214784 -1.193278 -1.907929 -1.379864
 -1.529395 -1.321756 -1.473306 -1.246533
 -1.367366 -1.030895 -1.559738 -1.724040
 -1.964174 -0.887304 -1.427871 -1.569521
 -1.343577 0.000100 0.000100 0.000100
 -1.301018 0.000100 0.000100 0.000100
 -1.337557 0.000100 0.000100 0.000100
 -1.587928 0.000100 0.000100 0.000100
 -1.438351 -1.371906 -1.223896 -1.537230
 -1.345472 -1.321322 -1.428854 -1.455783
 -1.219702 -1.168206 -1.429219 -1.869105
 -1.936700 -1.017206 -1.327168 -1.474077
 -1.528688 -1.257043 -1.190054 -1.637421
 -1.369309 -1.278795 -1.377766 -1.536172
 -1.329542 -1.156845 -1.278018 -1.949566
 -2.074124 -1.053201 -1.198656 -1.496490
 -1.331591 -1.410062 -1.358915 -1.448700
 -1.254320 -1.484305 -1.378030 -1.443941
 -1.215976 -1.173495 -1.406634 -1.901604
 -1.907505 -1.088065 -1.233776 -1.498384
 -1.399238 -1.336717 -1.209910 -1.648781
 -1.308104 -1.310225 -1.463668 -1.476121
 -1.199113 -1.153695 -1.455635 -1.898339
 -2.030867 -1.030827 -1.228917 -1.516599
 -1.536997 -1.340717 -1.137574 -1.595928
 -1.377345 -1.289111 -1.342326 -1.555900
 -1.315458 -1.163873 -1.342733 -1.843623
 -2.140466 -1.081165 -1.071776 -1.605446
 -1.246719 -1.405013 -1.340293 -1.582695
 -1.248489 -1.334145 -1.454981 -1.531209
 -1.275438 -1.197332 -1.372879 -1.799896
 -1.918555 -1.054728 -1.247881 -1.524263
 -1.406048 -1.403557 -1.181409 -1.597891
 -1.369963 -1.313285 -1.327673 -1.551853
 -1.198242 -1.188090 -1.481851 -1.794225
 -2.036882 -1.020335 -1.282041 -1.462655
 -1.485166 -1.283175 -1.218785 -1.605496
 -1.312574 -1.306544 -1.374964 -1.573729
 -1.267534 -1.097440 -1.347751 -2.080028
 -2.024716 -1.056541 -1.173201 -1.556193
 -1.381604 -1.344855 -1.292145 -1.543809
 -1.286950 -1.364810 -1.362788 -1.548752
 -1.277292 -1.163379 -1.438969 -1.762544
 -1.786644 -1.206826 -1.357649 -1.287107
 -1.384413 -1.379413 -1.181012 -1.656347
 -1.310583 -1.439363 -1.397594 -1.402150
 -1.136970 -1.198436 -1.524330 -1.833970
 -1.952584 -1.055222 -1.304718 -1.432427
 -1.570000 -1.192101 -1.274044 -1.566983
 -1.413008 -1.251642 -1.301904 -1.616756
 -1.362919 -1.136936 -1.355835 -1.798452
 -2.100816 -1.004264 -1.199451 -1.560791
 -1.318241 -1.375236 -1.220667 -1.689666
 -1.122819 -1.428529 -1.451664 -1.605460
 -1.239173 -1.215825 -1.394308 -1.796331
 -1.884002 -1.151737 -1.182908 -1.489233
 -1.420801 -1.387465 -1.134330 -1.675928
 -1.398486 -1.275524 -1.391501 -1.491463
 -1.205163 -1.193328 -1.392257 -1.906278
 -2.002298 -1.075158 -1.183988 -1.524748
 -1.447747 -1.379694 -1.117329 -1.681510
 -1.239790 -1.324071 -1.348917 -1.687488
 -1.312912 -1.163264 -1.312912 -1.900698
 -2.061656 -1.022467 -1.262187 -1.469605
 -1.350115 -1.345051 -1.327529 -1.536505
 -1.251959 -1.425687 -1.478391 -1.403611
 -1.214239 -1.131458 -1.501296 -1.847313
 -1.754780 -1.138793 -1.237048 -1.529659
 -1.335844 -1.416840 -1.241991 -1.580966
 -1.269316 -1.251651 -1.489987 -1.572295
 -1.112751 -1.276985 -1.432662 -1.872121
 -1.858268 -1.070252 -1.286247 -1.492412
 -1.505582 -1.199772 -1.207788 -1.726019
 -1.307061 -1.253317 -1.355238 -1.682312
 -1.263597 -1.158237 -1.357166 -1.924587
 -1.951512 -0.961595 -1.149360 -1.839991
 -1.293724 -1.284016 -1.359239 -1.650399
 -1.055679 -1.444803 -1.505824 -1.637751
 -1.104818 -1.164276 -1.452559 -2.098749
 -1.655423 -1.141661 -1.335188 -1.484605
 -1.311811 -1.410251 -1.222199 -1.650238
 -1.263476 -1.422267 -1.318536 -1.567159
 -1.250472 -1.212308 -1.302127 -1.936777
 -2.232127 -1.022433 -1.138995 -1.547211
 -0.881966 -16.572351 -0.534382 -16.572351
 -0.677897 -16.681704 -0.708634 -16.681704
 -0.651093 -16.714733 -0.737049 -16.714733
 -1.149072 -16.299583 -0.381159 -16.299583
 -1.374866 -1.366635 -1.221896 -1.622056
 -1.386294 -1.386294 -1.386294 -1.386294
 -1.310954 -1.350132 -1.126323 -1.917268
 -1.386294 -1.386294 -1.386294 -1.386294
 -0.000000 -16.626719 -16.626719 -16.626719
 -0.000000 -16.608515 -16.608515 -16.608515
 -0.000000 -16.797651 -16.797651 -16.797651
 -0.000000 -16.193203 -16.193203 -16.193203
 -17.966078 0.000000 -17.966078 -17.966078
 -1.386294 -1.386294 -1.386294 -1.386294
 -1.386294 -1.386294 -1.386294 -1.386294
 -1.386294 -1.386294 -1.386294 -1.386294
 -1.386294 -1.386294 -1.386294 -1.386294
 0.000000 -17.966078 -17.966078 -17.966078
 -1.386294 -1.386294 -1.386294 -1.386294
 -1.386294 -1.386294 -1.386294 -1.386294
 -17.966078 -17.966078 0.000000 -17.966078
 -1.386294 -1.386294 -1.386294 -1.386294
 -1.386294 -1.386294 -1.386294 -1.386294
 -1.386294 -1.386294 -1.386294 -1.386294
 -1.386294 -1.386294 -1.386294 -1.386294
 -1.386294 -1.386294 -1.386294 -1.386294
 -1.370507 -0.949448 -1.458646 -2.067383
 -1.386294 -1.386294 -1.386294 -1.386294
 -1.373964 -1.282672 -1.232498 -1.725749
 -1.224264 -1.407694 -1.434677 -1.500014
 -1.205781 -1.121224 -1.504077 -1.880991
 -1.619450 -0.948562 -1.500969 -1.651402
 -1.314417 -1.526865 -1.170456 -1.589986
 -1.213072 -1.472516 -1.358425 -1.531069
 -1.222496 -1.237830 -1.426796 -1.740594
 -1.764138 -1.232379 -1.333355 -1.296541
