 -1.501760 0.000100 0.000100 0.000100
 -1.347609 0.000100 0.000100 0.000100
 -1.431379 0.000100 0.000100 0.000100
 -1.278616 0.000100 0.000100 0.000100
 -1.306252 -1.306252 -1.386294 -1.568615
 -1.284512 -1.460402 -1.673975 -1.192139
 -1.456675 -1.079382 -1.499234 -1.590206
 -1.954276 -1.123931 -1.073920 -1.651996
 -1.252763 -1.150981 -1.812377 -1.449473
 -1.225364 -1.540444 -1.840548 -1.098613
 -1.513294 -1.433251 -1.395511 -1.225613
 -1.449473 -1.326871 -1.449473 -1.326871
 -1.080914 -1.252763 -2.079438 -1.386294
 -1.333185 -1.564986 -1.756040 -1.036920
 -1.196252 -1.158511 -1.563975 -1.746295
 -1.593308 -1.767660 -1.027996 -1.315677
 -1.107124 -1.369487 -1.635189 -1.512588
 -1.233532 -1.590206 -1.995668 -0.997144
 -1.335001 -0.942960 -2.251286 -1.418383
 -1.972341 -1.107347 -1.377636 -1.279197
 -1.333185 -0.986910 -1.655957 -1.756040
 -1.468986 -1.402295 -2.271328 -0.865991
 -1.440361 -0.834228 -1.845824 -1.765782
 -1.411828 -1.345136 -1.065552 -1.888749
 -1.219974 -0.869772 -2.014900 -1.881369
 -1.223776 -1.777159 -1.654557 -1.062508
 -1.287855 -1.031922 -1.980998 -1.470176
 -1.376633 -1.543686 -1.338892 -1.302525
 -0.989129 -1.106912 -1.962575 -1.851350
 -1.568615 -1.791758 -1.742968 -0.798509
 -1.479076 -0.903714 -1.730388 -1.661396
 -1.342234 -1.531476 -0.948331 -2.001477
 -1.360977 -0.830350 -2.197220 -1.626679
 -1.709067 -1.920375 -2.114529 -0.594709
 -1.119891 -1.119891 -2.068966 -1.509354
 -1.499234 -1.744356 -0.971169 -1.499234
 -1.435084 -0.847299 -1.709520 -1.881369
 -1.328187 -1.871800 -2.277262 -0.736824
 -1.360977 -0.745793 -2.277260 -1.791757
 -1.784153 -1.507901 -1.113998 -1.264280
 -1.029621 -0.974051 -2.187067 -1.876915
 -1.768769 -2.026596 -2.087221 -0.555749
 -1.271226 -0.880361 -1.767660 -2.008820
 -1.338285 -1.402824 -1.370034 -1.436725
 -1.163152 -0.868353 -2.926726 -1.540444
 -1.512588 -2.285773 -1.551808 -0.763353
 -1.504077 -0.750308 -1.974077 -1.791757
 -1.492516 -1.425825 -1.146241 -1.527607
 -1.262242 -0.712197 -2.871667 -1.773066
 -1.452986 -1.987066 -1.824548 -0.759840
 -0.795803 -1.110883 -2.327270 -2.104129
 -1.223776 -1.601069 -1.313388 -1.446919
 -1.264280 -0.849847 -2.795746 -1.474000
 -1.420196 -1.386294 -2.014900 -0.980830
 -1.481604 -1.098614 -1.624704 -1.417066
 -1.558144 -1.478101 -1.239691 -1.302212
 -1.157454 -1.016375 -2.708040 -1.358124
 -1.565635 -1.342492 -1.432104 -1.234279
 -0.916293 -1.252764 -2.639043 -1.415282
 -1.913647 -1.220503 -1.248673 -1.307514
 -1.414732 -0.844189 -2.593379 -1.376992
 -1.222227 -1.248895 -2.220751 -1.170933
 -1.596858 -1.037245 -1.661396 -1.373716
 -2.450999 -1.287855 -1.227230 -1.064712
 -1.666595 -0.810932 -2.553890 -1.241714
 -1.561647 -1.156183 -1.630639 -1.273965
 -1.171638 -1.127187 -1.960090 -1.490090
 -2.359275 -0.994041 -1.442990 -1.206601
 -1.027155 -1.258955 -1.996550 -1.504077
 -1.609437 -1.036093 -1.711220 -1.329853
 -1.484274 -0.851754 -2.371569 -1.373049
 -2.389591 -0.836249 -1.290985 -1.609437
 -1.145133 -1.481604 -1.912384 -1.181501
 -1.591088 -1.216396 -1.829498 -1.080264
 -1.479076 -0.968252 -1.804496 -1.479076
 -3.931779 -1.014056 -0.887305 -1.580450
 -1.450010 -1.062246 -2.602678 -1.062246
 -1.909541 -1.055128 -2.708042 -0.827739
 -1.598855 -0.987948 -2.145395 -1.176000
 -3.004018 -0.989129 -1.330055 -1.158205
 -1.163152 -1.067842 -3.060244 -1.214445
 -1.432507 -1.214784 -1.824548 -1.193278
 -1.575535 -0.969403 -2.114525 -1.227231
 -2.092511 -0.909819 -1.704747 -1.230290
 -13.687682 -13.687682 -13.687682 -0.000003
 -14.234223 -14.234223 -14.234223 -0.000002
 -13.353481 -13.353481 -13.353481 -0.000005
 -14.062374 -14.062374 -14.062374 -0.000002
 -1.386294 -1.386294 -1.386294 -1.386294
 -1.386294 -1.386294 -1.386294 -1.386294
 -1.386294 -1.386294 -1.386294 -1.386294
 -15.276449 -0.000001 -15.276449 -15.276449
 -1.386294 -1.386294 -1.386294 -1.386294
 -15.276449 -0.000001 -15.276449 -15.276449
 -1.386294 -1.386294 -1.386294 -1.386294
 -1.386294 -1.386294 -1.386294 -1.386294
 -1.386294 -1.386294 -1.386294 -1.386294
 -0.000001 -15.276449 -15.276449 -15.276449
 -1.386294 -1.386294 -1.386294 -1.386294
 -1.386294 -1.386294 -1.386294 -1.386294
 -15.276449 -15.276449 -0.000001 -15.276449
 -1.386294 -1.386294 -1.386294 -1.386294
 -1.386294 -1.386294 -1.386294 -1.386294
 -1.386294 -1.386294 -1.386294 -1.386294
 -1.386294 -1.386294 -1.386294 -1.386294
 -1.386294 -1.386294 -1.386294 -1.386294
 -1.393279 -1.383977 -1.035671 -1.922973
 -1.386294 -1.386294 -1.386294 -1.386294
 -1.581786 -1.728388 -2.107876 -0.702539
 -1.791758 -1.280934 -1.546636 -1.071214
 -1.533930 -0.936094 -1.596450 -1.663141
 -2.351365 -0.885041 -1.198697 -1.658226
 -1.278406 -1.150573 -1.971549 -1.324926
 -1.267689 -1.144075 -1.860751 -1.408767
 -1.363305 -0.927988 -1.746295 -1.746295
 -2.041981 -0.814756 -1.617100 -1.474000
 -1.365662 0.000100 0.000100 0.000100
 -1.255209 0.000100 0.000100 0.000100
 -1.519919 0.000100 0.000100 0.000100
 -1.422783 0.000100 0.000100 0.000100
 -1.835457 -1.078397 -1.085930 -1.815655
 -1.753638 -0.919152 -1.451214 -1.641371
 -1.498879 -0.817467 -1.589533 -2.032177
 -2.704677 -0.755886 -1.298383 -1.657890
 -1.446919 -1.353233 -1.195605 -1.590707
 -1.259335 -1.330328 -1.293477 -1.729059
 -1.401876 -1.039189 -1.345695 -1.967793
 -2.314057 -0.997443 -1.042246 -1.716701
 -1.188593 -1.423768 -1.559360 -1.409461
 -1.354746 -1.390577 -1.384160 -1.416665
 -1.057678 -1.231257 -1.632861 -1.799127
 -1.887069 -1.059610 -1.448815 -1.320336
 -1.739524 -1.154351 -1.021520 -1.903228
 -1.752448 -0.954451 -1.379244 -1.661476
 -1.435817 -0.851455 -1.556682 -2.083843
 -2.625392 -0.762865 -1.295669 -1.673735
 -1.452342 -1.356268 -1.101567 -1.737226
 -1.320204 -1.334256 -1.306347 -1.615668
 -1.386294 -1.111013 -1.281638 -1.943565
 -2.184359 -1.025643 -1.109629 -1.613430
 -1.221949 -1.457701 -1.457701 -1.427937
 -1.212623 -1.463409 -1.514578 -1.381359
 -1.099727 -1.209183 -1.618387 -1.769732
 -1.975351 -0.989632 -1.484328 -1.335908
 -1.820816 -1.118684 -1.023211 -1.884152
 -1.846219 -0.949522 -1.373421 -1.599476
 -1.599762 -0.788009 -1.501090 -2.116779
 -2.460809 -0.772234 -1.337299 -1.660203
 -1.441314 -1.290400 -1.215459 -1.652091
 -1.302394 -1.312881 -1.318924 -1.652068
 -1.429949 -1.048402 -1.366022 -1.863934
 -2.157219 -0.977918 -1.131208 -1.684069
 -1.185368 -1.429466 -1.663701 -1.326167
 -1.385770 -1.402684 -1.539571 -1.239739
 -1.228714 -1.197154 -1.597776 -1.594882
 -1.966887 -1.018847 -1.476922 -1.306529
 -1.854383 -1.042093 -1.078998 -1.891809
 -1.696660 -1.008271 -1.370184 -1.620520
 -1.553064 -0.834321 -1.492003 -2.045540
 -2.661530 -0.766230 -1.300554 -1.644983
 -1.430843 -1.237471 -1.241141 -1.705279
 -1.390763 -1.231507 -1.291611 -1.690461
 -1.421301 -1.084478 -1.298888 -1.912661
 -2.199138 -1.017835 -1.020484 -1.787943
 -1.215295 -1.417617 -1.707321 -1.273910
 -1.259224 -1.461711 -1.533088 -1.315209
 -1.116682 -1.246070 -1.548122 -1.758194
 -1.844557 -1.059392 -1.518466 -1.286665
 -1.865957 -1.108627 -1.049990 -1.800000
 -1.683268 -0.982036 -1.419406 -1.620354
 -1.583141 -0.839751 -1.478162 -2.003991
 -2.791431 -0.739540 -1.265848 -1.718509
 -1.589127 -1.317446 -1.113847 -1.610518
 -1.333452 -1.335001 -1.288058 -1.622167
 -1.395684 -1.080667 -1.280000 -2.003000
 -2.284668 -0.958561 -1.085380 -1.731750
 -1.112619 -1.448201 -1.574195 -1.473439
 -1.262668 -1.464386 -1.425963 -1.404032
 -1.021590 -1.226873 -1.638003 -1.881234
 -1.836965 -1.047457 -1.448993 -1.366239
 -1.828435 -1.114809 -1.006076 -1.926162
 -1.759299 -0.829854 -1.535459 -1.735201
 -1.573550 -0.807580 -1.573550 -1.970062
 -2.702039 -0.693901 -1.385541 -1.697615
 -1.470229 -1.251704 -1.328665 -1.517407
 -1.342315 -1.220911 -1.373968 -1.657066
 -1.455550 -1.032694 -1.324984 -1.931890
 -2.289499 -0.876077 -1.194227 -1.718520
 -1.197430 -1.526202 -1.588506 -1.285759
 -1.291074 -1.502595 -1.448528 -1.318423
 -1.166950 -1.215249 -1.513294 -1.761043
 -1.926319 -1.089660 -1.437966 -1.270912
 -2.109756 -1.184461 -0.954172 -1.672961
 -2.098921 -0.843985 -1.428881 -1.570983
 -1.683936 -0.855794 -1.562687 -1.715685
 -3.073353 -0.721979 -1.435746 -1.469647
 -1.558145 -1.288720 -1.293758 -1.428734
 -1.294389 -1.372861 -1.432701 -1.452903
 -1.265448 -1.126612 -1.665608 -1.586298
 -1.838049 -0.972784 -1.269050 -1.705152
 -16.528881 -16.528881 -16.528881 -0.000000
 -16.730034 -16.730034 -16.730034 -0.000000
 -16.497217 -16.497217 -16.497217 -0.000000
 -16.401016 -16.401016 -16.401016 -0.000000
 -1.386294 -1.386294 -1.386294 -1.386294
 -1.386294 -1.386294 -1.386294 -1.386294
 -1.386294 -1.386294 -1.386294 -1.386294
 -17.932920 0.000000 -17.932920 -17.932920
 -1.386294 -1.386294 -1.386294 -1.386294
 -17.932920 0.000000 -17.932920 -17.932920
 -1.386294 -1.386294 -1.386294 -1.386294
 -1.386294 -1.386294 -1.386294 -1.386294
 -1.386294 -1.386294 -1.386294 -1.386294
 0.000000 -17.932920 -17.932920 -17.932920
 -1.386294 -1.386294 -1.386294 -1.386294
 -1.386294 -1.386294 -1.386294 -1.386294
 -17.932920 -17.932920 0.000000 -17.932920
 -1.386294 -1.386294 -1.386294 -1.386294
 -1.386294 -1.386294 -1.386294 -1.386294
 -1.386294 -1.386294 -1.386294 -1.386294
 -1.386294 -1.386294 -1.386294 -1.386294
 -1.386294 -1.386294 -1.386294 -1.386294
 -1.436388 -0.981481 -1.350462 -2.053082
 -1.386294 -1.386294 -1.386294 -1.386294
 -1.243559 -1.282305 -1.575765 -1.481057
 -1.268753 -1.398978 -1.528493 -1.366074
 -1.240892 -1.131842 -1.566983 -1.716126
 -1.779149 -0.936157 -1.600594 -1.438389
 -1.759183 -1.161346 -0.993553 -1.934536
 -1.718209 -1.029731 -1.392441 -1.536923
 -1.550819 -0.818310 -1.558145 -1.993463
 -2.378684 -0.767697 -1.352393 -1.689421
