 -1.348130 0.000100 0.000100 0.000100
 -1.558145 0.000100 0.000100 0.000100
 -1.322042 0.000100 0.000100 0.000100
 -1.335001 0.000100 0.000100 0.000100
 -1.055503 -1.399598 -1.711377 -1.493124
 -1.263692 -1.813737 -1.749199 -0.966441
 -1.174373 -1.292156 -1.559218 -1.579837
 -1.911718 -1.609437 -0.905480 -1.395028
 -1.293673 -1.357186 -1.617912 -1.309177
 -1.346289 -2.020016 -1.751753 -0.835464
 -1.458615 -1.039905 -1.609437 -1.541996
 -1.782948 -1.549334 -1.172040 -1.172040
 -1.426300 -1.257677 -1.533930 -1.347828
 -1.344525 -1.714271 -1.917870 -0.885951
 -0.991193 -1.260525 -1.900561 -1.630271
 -1.687909 -1.609437 -1.057942 -1.317050
 -1.305227 -1.072295 -1.654900 -1.631910
 -1.143733 -1.852383 -1.916921 -0.974315
 -1.200578 -1.235064 -1.471452 -1.722766
 -1.733263 -1.358570 -1.063106 -1.510120
 -1.390671 -1.027003 -1.796135 -1.482478
 -1.587931 -1.827160 -1.653889 -0.813107
 -1.275069 -1.084014 -1.734600 -1.580450
 -1.567668 -1.460038 -1.147166 -1.420032
 -1.315677 -1.118318 -1.826501 -1.410987
 -1.779180 -1.779180 -2.034071 -0.631779
 -0.957677 -1.177305 -1.924517 -1.819157
 -1.484036 -1.659240 -1.032052 -1.484036
 -1.308333 -1.228290 -1.847328 -1.275543
 -1.480657 -2.216362 -1.523216 -0.808564
 -0.997732 -1.295566 -2.051889 -1.473814
 -1.561011 -1.507901 -1.113998 -1.425210
 -1.322848 -0.967815 -2.389197 -1.339378
 -1.381179 -2.137503 -1.871801 -0.740401
 -0.929537 -1.396876 -2.111528 -1.440361
 -1.648658 -1.648658 -1.094774 -1.270222
 -1.300703 -0.937798 -2.092288 -1.547562
 -1.866982 -1.806357 -1.806357 -0.659891
 -1.092421 -1.038354 -1.714108 -2.036880
 -1.650875 -1.840918 -0.848529 -1.507774
 -1.376442 -0.797409 -2.130212 -1.724748
 -1.528714 -1.865186 -1.837015 -0.757097
 -1.194404 -1.132846 -1.903550 -1.487390
 -1.345136 -1.808708 -1.029620 -1.521027
 -1.355657 -0.905242 -2.371575 -1.408767
 -1.783175 -2.188639 -2.150898 -0.505096
 -1.011602 -1.181500 -1.992428 -1.644123
 -1.514505 -1.552971 -1.265289 -1.250691
 -1.089310 -0.996529 -2.593383 -1.515828
 -1.791759 -1.739115 -1.847328 -0.693148
 -1.049823 -1.358124 -1.722765 -1.540444
 -1.538210 -1.586219 -1.208457 -1.266277
 -1.213023 -0.995959 -2.358152 -1.432385
 -1.327587 -1.844276 -1.657065 -0.951798
 -0.947063 -1.442384 -1.847848 -1.522426
 -1.580450 -1.799139 -1.084014 -1.236354
 -1.244566 -0.848671 -3.008148 -1.450010
 -1.220780 -1.537117 -1.801809 -1.123931
 -1.261131 -1.609437 -1.504077 -1.222665
 -2.059716 -1.465010 -1.036817 -1.248787
 -1.424761 -0.802710 -2.958684 -1.349253
 -1.390452 -1.514505 -1.459445 -1.208131
 -1.470176 -1.247033 -1.863217 -1.116005
 -2.464863 -1.232722 -1.191900 -1.139941
 -1.458615 -1.036621 -2.102970 -1.235472
 -1.628130 -1.408767 -1.628130 -1.013455
 -1.664162 -1.518981 -1.603538 -0.940245
 -2.576418 -1.061295 -1.165435 -1.323659
 -1.510998 -1.480226 -1.885689 -0.916292
 -1.398129 -1.498212 -1.691115 -1.063927
 -1.375823 -1.335001 -1.813036 -1.136151
 -2.557929 -1.194627 -1.242255 -1.105680
 -1.344746 -1.442384 -2.333353 -0.901254
 -1.659334 -1.659334 -1.431551 -0.966188
 -1.566420 -1.272181 -1.677645 -1.126470
 -2.273121 -1.276294 -1.252763 -1.101940
 -1.609437 -1.092182 -2.098984 -1.073134
 -1.853536 -1.428654 -1.529749 -0.949081
 -1.440361 -1.258040 -1.691675 -1.221673
 -2.410796 -1.137833 -1.210404 -1.232144
 -1.289668 -1.263692 -2.219200 -1.098613
 -1.442086 -1.363305 -1.702811 -1.122143
 -1.336033 -1.224807 -1.630271 -1.396657
 -1.820332 -1.171638 -1.084626 -1.659990
 -14.488457 -14.488457 -14.488457 -0.000002
 -14.731803 -14.731803 -14.731803 -0.000001
 -14.488457 -14.488457 -14.488457 -0.000002
 -14.657080 -14.657080 -14.657080 -0.000001
 -1.386294 -1.386294 -1.386294 -1.386294
 -1.386294 -1.386294 -1.386294 -1.386294
 -1.386294 -1.386294 -1.386294 -1.386294
 -0.900963 -15.983421 -0.989255 -1.505222
 -15.082459 -15.082459 -15.082459 -0.000001
 -1.386294 -1.386294 -1.386294 -1.386294
 -14.994166 -14.994166 -14.994166 -0.000001
 -14.478201 -14.478201 -14.478201 -0.000002
 -1.386294 -1.386294 -1.386294 -1.386294
 -1.386294 -1.386294 -1.386294 -1.386294
 -1.386294 -1.386294 -1.386294 -1.386294
 -0.000000 -15.983421 -15.983421 -15.983421
 -15.983421 -15.983421 -0.000000 -15.983421
 -1.386294 -1.386294 -1.386294 -1.386294
 -1.386294 -1.386294 -1.386294 -1.386294
 -1.386294 -1.386294 -1.386294 -1.386294
 -1.386294 -1.386294 -1.386294 -1.386294
 -1.386294 -1.386294 -1.386294 -1.386294
 -1.397802 -1.450070 -1.096327 -1.691676
 -1.386294 -1.386294 -1.386294 -1.386294
 -1.216396 -1.525131 -2.330753 -0.944462
 -1.410987 -1.410987 -1.889022 -1.018945
 -1.122877 -1.210846 -1.725510 -1.616310
 -1.823306 -1.003868 -1.555043 -1.343735
 -1.155521 -1.269931 -1.698385 -1.508342
 -1.561235 -1.149256 -1.504077 -1.382188
 -1.077107 -1.098613 -1.836210 -1.791758
 -1.997610 -1.042101 -1.262500 -1.475422
 -1.439701 0.000100 0.000100 0.000100
 -1.346959 0.000100 0.000100 0.000100
 -1.291390 0.000100 0.000100 0.000100
 -1.478045 0.000100 0.000100 0.000100
 -1.352393 -1.583141 -1.227230 -1.414913
 -1.369297 -1.482176 -1.319972 -1.380596
 -1.190550 -1.482686 -1.333651 -1.582770
 -1.866118 -1.422783 -1.255209 -1.141880
 -1.499563 -1.314991 -1.421601 -1.320625
 -1.344285 -1.451053 -1.437067 -1.319284
 -1.139771 -1.430257 -1.413544 -1.621608
 -1.838490 -1.316615 -1.232354 -1.268348
 -1.404871 -1.482832 -1.386294 -1.281548
 -1.275069 -1.602112 -1.334707 -1.363037
 -1.268999 -1.300748 -1.356011 -1.666682
 -1.892698 -1.308185 -1.128600 -1.364380
 -1.386294 -1.497885 -1.337800 -1.331900
 -1.251999 -1.433251 -1.513294 -1.365113
 -1.134528 -1.437802 -1.387652 -1.653828
 -1.683663 -1.425089 -1.294727 -1.204480
 -1.467281 -1.413536 -1.335284 -1.335284
 -1.350604 -1.515996 -1.407045 -1.285685
 -1.270647 -1.335888 -1.308185 -1.681389
 -1.971417 -1.257217 -1.236598 -1.252023
 -1.502442 -1.517257 -1.189350 -1.371672
 -1.411574 -1.411574 -1.186024 -1.574802
 -1.270984 -1.337504 -1.306252 -1.681411
 -1.768502 -1.296346 -1.329136 -1.233826
 -1.452986 -1.720189 -1.146516 -1.311726
 -1.288966 -1.616873 -1.402725 -1.272966
 -1.307553 -1.341786 -1.341786 -1.576187
 -1.760409 -1.479696 -1.085954 -1.336595
 -1.475134 -1.428921 -1.279390 -1.372480
 -1.303252 -1.303252 -1.518614 -1.436784
 -1.246981 -1.336033 -1.360848 -1.643517
 -1.858653 -1.301737 -1.184555 -1.323596
 -1.406914 -1.406914 -1.381596 -1.350824
 -1.341843 -1.391992 -1.586965 -1.253474
 -1.280375 -1.316185 -1.326656 -1.668405
 -1.708693 -1.366029 -1.255128 -1.277475
 -1.318321 -1.670923 -1.318321 -1.284610
 -1.336462 -1.466824 -1.417431 -1.330922
 -1.191703 -1.355657 -1.402725 -1.647178
 -1.731655 -1.475722 -1.143869 -1.288039
 -1.363037 -1.440688 -1.422226 -1.323596
 -1.383021 -1.409513 -1.523110 -1.248673
 -1.212771 -1.346967 -1.465415 -1.552971
 -1.838490 -1.273597 -1.183083 -1.367329
 -1.389376 -1.514128 -1.341174 -1.312186
 -1.177203 -1.621134 -1.374734 -1.421801
 -1.300772 -1.374460 -1.328475 -1.561498
 -1.824549 -1.383366 -1.163738 -1.288588
 -1.361127 -1.635255 -1.287854 -1.298783
 -1.270664 -1.633929 -1.405839 -1.276428
 -1.271994 -1.412485 -1.296566 -1.595924
 -1.872548 -1.389284 -1.265531 -1.155420
 -1.465827 -1.407933 -1.329816 -1.347309
 -1.368037 -1.401484 -1.436090 -1.342061
 -1.254831 -1.319692 -1.463586 -1.531304
 -1.827350 -1.509687 -1.100012 -1.254163
 -1.609438 -1.467938 -1.154548 -1.368847
 -1.337432 -1.507117 -1.384778 -1.325938
 -1.433145 -1.382142 -1.219347 -1.537214
 -1.989039 -1.350551 -1.269644 -1.129657
 -1.365241 -1.598855 -1.241304 -1.372210
 -1.491826 -1.485000 -1.282476 -1.304949
 -1.273152 -1.407348 -1.301455 -1.593934
 -1.714642 -1.454685 -1.150572 -1.309177
 -1.413518 -1.515996 -1.279987 -1.350604
 -1.378197 -1.472862 -1.577435 -1.164127
 -1.352135 -1.392750 -1.387582 -1.413693
 -1.970190 -1.332306 -1.174914 -1.245295
 -1.467443 -1.519115 -1.203420 -1.384637
 -1.375566 -1.419187 -1.339634 -1.412838
 -1.407862 -1.373573 -1.267090 -1.511932
 -1.646761 -1.502721 -1.134528 -1.334730
 -1.637377 -1.483227 -1.226372 -1.254385
 -1.505663 -1.403881 -1.505663 -1.169191
 -1.383753 -1.348837 -1.474000 -1.343947
 -1.753006 -1.318721 -1.180937 -1.377217
 -1.683950 -1.100365 -1.330109 -1.527107
 -1.181994 -1.305227 -1.694431 -1.433308
 -1.148185 -1.297862 -1.672555 -1.505501
 -1.451641 -1.312379 -1.268362 -1.535522
 -15.775606 -15.775606 -15.775606 -0.000000
 -15.850217 -15.850217 -15.850217 -0.000000
 -15.633588 -15.633588 -15.633588 -0.000000
 -15.608936 -15.608936 -15.608936 -0.000001
 -1.386294 -1.386294 -1.386294 -1.386294
 -1.386294 -1.386294 -1.386294 -1.386294
 -1.386294 -1.386294 -1.386294 -1.386294
 -1.055357 -17.108379 -1.074754 -1.169411
 -16.053024 -16.053024 -16.053024 -0.000000
 -1.386294 -1.386294 -1.386294 -1.386294
 -16.033627 -16.033627 -16.033627 -0.000000
 -15.938970 -15.938970 -15.938970 -0.000000
 -1.386294 -1.386294 -1.386294 -1.386294
 -1.386294 -1.386294 -1.386294 -1.386294
 -1.386294 -1.386294 -1.386294 -1.386294
 0.000000 -17.108379 -17.108379 -17.108379
 -17.108379 -17.108379 -0.000000 -17.108379
 -1.386294 -1.386294 -1.386294 -1.386294
 -1.386294 -1.386294 -1.386294 -1.386294
 -1.386294 -1.386294 -1.386294 -1.386294
 -1.386294 -1.386294 -1.386294 -1.386294
 -1.386294 -1.386294 -1.386294 -1.386294
 -1.130697 -1.143436 -1.602774 -1.850667
 -1.386294 -1.386294 -1.386294 -1.386294
 -1.489228 -1.382848 -1.282546 -1.401367
 -1.205528 -1.412270 -1.556107 -1.402746
 -1.258314 -1.318532 -1.550334 -1.443236
 -1.285198 -1.472661 -1.365241 -1.432252
 -1.353683 -1.694442 -1.369856 -1.191164
 -1.202479 -1.832955 -1.307287 -1.312827
 -1.141374 -1.541996 -1.281865 -1.665229
 -1.290151 -1.738175 -1.160097 -1.446155
