 -1.346695 0.000100 0.000100 0.000100
 -1.361962 0.000100 0.000100 0.000100
 -1.484565 0.000100 0.000100 0.000100
 -1.358124 0.000100 0.000100 0.000100
 -1.465075 -1.515506 -1.285490 -1.299283
 -1.355989 -1.371027 -1.732040 -1.166233
 -1.056053 -1.506253 -1.430746 -1.653889
 -1.632694 -1.220715 -1.260455 -1.486983
 -1.413693 -1.239340 -1.445954 -1.462483
 -1.185624 -1.418555 -1.637608 -1.355042
 -1.250749 -1.386294 -1.264934 -1.706766
 -1.716535 -1.296682 -1.034318 -1.653357
 -1.300581 -1.272410 -1.597832 -1.405941
 -1.234278 -1.513449 -1.719785 -1.172147
 -1.027408 -1.271386 -1.524581 -1.938556
 -1.700192 -1.751485 -1.112406 -1.154966
 -1.509354 -1.175153 -1.362030 -1.541615
 -1.458207 -1.651110 -1.493925 -1.046911
 -1.381975 -1.179738 -1.530394 -1.491174
 -1.586090 -1.317827 -1.142885 -1.567042
 -1.377636 -1.412728 -1.449095 -1.310945
 -1.170477 -1.624144 -1.624144 -1.218679
 -1.102481 -1.187380 -1.750165 -1.665007
 -1.266749 -1.658228 -1.198696 -1.486378
 -1.226446 -1.226446 -1.643339 -1.514127
 -1.357186 -1.661397 -1.706859 -0.990724
 -1.322848 -1.143263 -1.696052 -1.463430
 -1.688811 -1.423108 -1.098613 -1.423108
 -1.434304 -1.201372 -1.593933 -1.355523
 -1.279431 -1.945909 -1.472622 -1.050897
 -1.277400 -1.116470 -1.570387 -1.682865
 -1.826048 -1.397594 -0.962276 -1.561897
 -1.373923 -1.222117 -1.495813 -1.477464
 -1.250804 -1.803593 -1.552279 -1.086917
 -1.068535 -1.125694 -1.579360 -2.071836
 -1.421942 -1.617250 -1.167050 -1.390193
 -1.393312 -1.102115 -1.992429 -1.261543
 -1.457010 -1.779783 -1.625632 -0.912283
 -1.240443 -1.094489 -1.660296 -1.682275
 -1.377926 -1.540445 -1.141538 -1.540445
 -1.308333 -1.150109 -1.919241 -1.322722
 -1.467577 -1.810521 -1.517174 -0.950321
 -1.252763 -1.098613 -1.609437 -1.709521
 -1.580966 -1.529673 -1.018848 -1.529673
 -1.173648 -1.148005 -1.906534 -1.492101
 -1.282498 -1.695029 -1.807507 -0.980830
 -1.213784 -1.172399 -1.398926 -1.921114
 -1.412464 -1.541676 -1.069520 -1.613134
 -1.362030 -1.098613 -1.988926 -1.295781
 -1.442086 -1.791759 -1.997610 -0.773837
 -1.085709 -1.124930 -1.613776 -1.976680
 -1.592976 -1.459445 -1.194338 -1.341662
 -1.247033 -1.031921 -1.926933 -1.557187
 -1.360605 -1.605727 -1.881138 -0.940752
 -1.088303 -1.391489 -1.828702 -1.370870
 -1.428259 -1.487099 -1.188118 -1.472061
 -1.188561 -1.098613 -1.847021 -1.588160
 -1.359828 -1.390133 -1.714372 -1.157802
 -0.949500 -1.509115 -1.604425 -1.655718
 -1.708377 -1.559958 -0.995429 -1.430746
 -1.313724 -0.967773 -1.893541 -1.605860
 -1.386294 -1.483144 -1.449808 -1.243194
 -1.032198 -1.407987 -1.519213 -1.713368
 -1.755391 -1.365927 -1.216396 -1.288369
 -1.275665 -1.102393 -1.942142 -1.405343
 -1.386294 -1.254525 -1.717148 -1.254525
 -1.201028 -1.326191 -1.570387 -1.488709
 -1.843052 -1.149906 -1.246533 -1.437587
 -1.276958 -1.262773 -1.696811 -1.366570
 -1.277661 -1.389578 -1.625967 -1.289495
 -1.103503 -1.410987 -1.538820 -1.561809
 -1.848454 -1.332642 -1.317827 -1.167887
 -1.254666 -1.323659 -1.810953 -1.254666
 -1.532898 -1.271884 -1.663926 -1.157109
 -1.080431 -1.414203 -1.858133 -1.341444
 -1.837221 -1.349927 -1.203973 -1.267689
 -1.312760 -1.254773 -2.083464 -1.135427
 -1.737100 -1.412861 -1.492904 -1.033372
 -1.348554 -1.132846 -1.553348 -1.576338
 -2.454445 -1.266604 -1.088356 -1.218976
 -1.151817 -1.434049 -1.736329 -1.311447
 -1.389809 -1.221673 -1.574951 -1.389809
 -1.340165 -1.443705 -1.480746 -1.292156
 -1.825207 -1.217218 -1.262681 -1.347580
 -1.058121 -1.576914 -1.992429 -1.171450
 -1.340105 -1.286038 -1.979184 -1.128135
 -1.170072 -1.439404 -1.685537 -1.319603
 -2.182297 -1.164656 -1.712295 -0.929537
 -0.700930 -1.248895 -2.417463 -2.056450
 -0.780159 -1.121602 -1.862376 -2.803356
 -1.136353 -1.027154 -1.349927 -2.785004
 -2.138555 -0.603622 -1.371302 -2.506279
 -0.102099 -15.039288 -2.332436 -15.039288
 -0.171851 -15.199303 -1.845826 -15.199303
 -0.327045 -14.457367 -1.276732 -14.457367
 -0.542327 -13.664692 -0.870830 -13.664692
 -0.000000 -15.931767 -15.931767 -15.931767
 -1.386294 -1.386294 -1.386294 -1.386294
 -0.000002 -14.430698 -14.430698 -14.430698
 -1.386294 -1.386294 -1.386294 -1.386294
 -16.132984 -16.132984 -0.000000 -16.132984
 -1.386294 -1.386294 -1.386294 -1.386294
 -1.386294 -1.386294 -1.386294 -1.386294
 -1.386294 -1.386294 -1.386294 -1.386294
 -1.386294 -1.386294 -1.386294 -1.386294
 -1.386294 -1.386294 -1.386294 -1.386294
 -1.287854 -1.429582 -1.120526 -1.841239
 -1.386294 -1.386294 -1.386294 -1.386294
 -1.609437 -1.278081 -1.400683 -1.290984
 -1.432618 -1.318674 -1.601241 -1.230382
 -1.553623 -0.957932 -1.643235 -1.553623
 -1.945908 -1.111113 -1.169382 -1.526056
 -1.362427 -1.325386 -1.325386 -1.548529
 -1.383203 -1.245053 -1.529157 -1.408204
 -1.227230 -1.287854 -1.457753 -1.618096
 -2.099401 -1.176681 -1.126671 -1.406255
 -1.286026 0.000100 0.000100 0.000100
 -1.326252 0.000100 0.000100 0.000100
 -1.448748 0.000100 0.000100 0.000100
 -1.499245 0.000100 0.000100 0.000100
 -1.744101 -1.255208 -0.955732 -1.860140
 -1.557057 -1.113286 -1.296347 -1.675377
 -1.419881 -1.020289 -1.364596 -1.949941
 -2.427092 -0.954524 -1.123112 -1.602237
 -1.352211 -1.466002 -1.178038 -1.596504
 -1.250569 -1.488184 -1.193884 -1.688297
 -1.289325 -1.268013 -1.196529 -1.959622
 -2.018613 -1.198149 -1.005184 -1.612288
 -1.164476 -1.486456 -1.430432 -1.502668
 -1.339596 -1.402265 -1.440859 -1.365374
 -1.056802 -1.285126 -1.540178 -1.823400
 -1.894282 -1.124423 -1.337127 -1.338897
 -1.742889 -1.271355 -0.935880 -1.881943
 -1.583649 -1.113267 -1.305713 -1.633158
 -1.419877 -1.034488 -1.335781 -1.966863
 -2.398834 -0.964890 -1.137334 -1.572728
 -1.383596 -1.481611 -1.143381 -1.593005
 -1.243557 -1.488367 -1.202816 -1.684405
 -1.294122 -1.261214 -1.199531 -1.957464
 -2.051818 -1.194119 -1.008702 -1.590438
 -1.185138 -1.472077 -1.449074 -1.469415
 -1.379457 -1.397456 -1.456020 -1.317151
 -1.094301 -1.273879 -1.531441 -1.776330
 -1.891848 -1.143518 -1.333420 -1.320743
 -1.773680 -1.267139 -0.938689 -1.848226
 -1.606264 -1.106927 -1.279808 -1.657053
 -1.429245 -1.026230 -1.346174 -1.952487
 -2.457020 -0.949332 -1.124671 -1.596761
 -1.370077 -1.485687 -1.163312 -1.574476
 -1.241846 -1.482882 -1.206615 -1.687624
 -1.297084 -1.254187 -1.215937 -1.931486
 -2.058156 -1.197771 -0.996263 -1.603517
 -1.187792 -1.488231 -1.427723 -1.471939
 -1.364313 -1.403392 -1.443386 -1.337294
 -1.078461 -1.298589 -1.535367 -1.762657
 -1.909510 -1.132379 -1.321232 -1.336457
 -1.730479 -1.291168 -0.945892 -1.835599
 -1.570765 -1.123396 -1.285609 -1.658323
 -1.428796 -1.050000 -1.322502 -1.937963
 -2.420862 -0.976423 -1.118394 -1.571686
 -1.349908 -1.518621 -1.135527 -1.607094
 -1.234471 -1.501217 -1.189798 -1.704463
 -1.273573 -1.292921 -1.184260 -1.968047
 -2.017322 -1.215968 -0.984752 -1.624380
 -1.132070 -1.535424 -1.424802 -1.506366
 -1.332576 -1.408960 -1.416631 -1.389193
 -1.022748 -1.322847 -1.545114 -1.828021
 -1.856903 -1.147845 -1.310756 -1.359035
 -1.745893 -1.322079 -0.899985 -1.881543
 -1.580852 -1.104388 -1.285455 -1.680602
 -1.426182 -1.041474 -1.319700 -1.968786
 -2.432110 -0.972478 -1.113275 -1.582200
 -1.354758 -1.511955 -1.121730 -1.630683
 -1.230858 -1.488190 -1.184207 -1.736202
 -1.289278 -1.266221 -1.190183 -1.977102
 -2.071854 -1.188877 -0.982631 -1.633936
 -1.124014 -1.513513 -1.399468 -1.569430
 -1.337224 -1.390584 -1.430740 -1.388839
 -1.044938 -1.280165 -1.544309 -1.852556
 -1.913615 -1.111027 -1.315964 -1.366422
 -1.725053 -1.321654 -0.886457 -1.944706
 -1.599028 -1.103479 -1.271561 -1.683092
 -1.422885 -1.034111 -1.322256 -1.988457
 -2.422358 -0.972391 -1.090026 -1.625047
 -1.366864 -1.524142 -1.111691 -1.618051
 -1.228977 -1.498049 -1.205325 -1.691474
 -1.290057 -1.268240 -1.198694 -1.953121
 -2.002810 -1.208880 -0.988781 -1.637410
 -1.156649 -1.500058 -1.457727 -1.471505
 -1.386965 -1.422106 -1.467116 -1.278795
 -1.050210 -1.294605 -1.560314 -1.795407
 -1.843164 -1.182814 -1.324431 -1.311874
 -1.762667 -1.300331 -0.911548 -1.870347
 -1.625069 -1.126193 -1.257406 -1.637602
 -1.428299 -1.044599 -1.317101 -1.962263
 -2.424410 -0.993557 -1.056319 -1.642587
 -1.377707 -1.515468 -1.077100 -1.673674
 -1.257834 -1.471399 -1.160796 -1.755098
 -1.262112 -1.323317 -1.144785 -2.021918
 -1.980597 -1.224230 -0.944280 -1.719981
 -1.103209 -1.546664 -1.445478 -1.515926
 -1.342679 -1.366700 -1.465355 -1.374714
 -0.992786 -1.355287 -1.525693 -1.870066
 -1.832707 -1.192511 -1.293262 -1.338696
 -1.558017 -1.172832 -0.975205 -2.274557
 -1.424151 -0.873723 -1.430041 -2.276983
 -1.390477 -0.962641 -1.347441 -2.214063
 -2.694704 -0.709356 -1.199815 -1.971650
 -0.822668 -19.630447 -0.578494 -19.630447
 -0.629332 -20.321653 -0.761314 -20.321653
 -0.689478 -20.047506 -0.696829 -20.047506
 -1.507172 -19.067471 -0.250432 -19.067471
 0.000000 -20.502071 -20.502071 -20.502071
 -1.386294 -1.386294 -1.386294 -1.386294
 0.000000 -20.620857 -20.620857 -20.620857
 -1.386294 -1.386294 -1.386294 -1.386294
 -21.256372 -21.256372 0.000000 -21.256372
 -1.386294 -1.386294 -1.386294 -1.386294
 -1.386294 -1.386294 -1.386294 -1.386294
 -1.386294 -1.386294 -1.386294 -1.386294
 -1.386294 -1.386294 -1.386294 -1.386294
 -1.386294 -1.386294 -1.386294 -1.386294
 -1.247907 -1.267973 -1.211997 -2.010728
 -1.386294 -1.386294 -1.386294 -1.386294
 -1.187534 -1.446893 -1.383865 -1.564850
 -1.329412 -1.408411 -1.513137 -1.307049
 -1.058325 -1.239046 -1.578722 -1.851098
 -1.680160 -1.090233 -1.510938 -1.359400
 -1.708627 -1.365211 -0.904054 -1.841154
 -1.617939 -1.247699 -1.162892 -1.599748
 -1.405236 -1.035950 -1.341263 -1.978428
 -2.406219 -1.110209 -1.034860 -1.491307
