 -1.310262 0.000100 0.000100 0.000100
 -1.560556 0.000100 0.000100 0.000100
 -1.282091 0.000100 0.000100 0.000100
 -1.415622 0.000100 0.000100 0.000100
 -1.203973 -1.278081 -1.683545 -1.445135
 -1.472472 -1.600305 -1.290151 -1.225613
 -1.057791 -1.535826 -1.358896 -1.711716
 -1.840548 -1.172721 -1.402295 -1.252763
 -1.393620 -1.364633 -1.518783 -1.282395
 -1.137528 -1.784153 -1.830673 -1.046557
 -1.293921 -1.209364 -1.775758 -1.354546
 -2.359275 -1.410200 -0.892945 -1.378451
 -1.508184 -1.140460 -1.585145 -1.370034
 -1.331806 -2.120260 -1.331806 -1.044125
 -1.059082 -1.264934 -1.642227 -1.729238
 -2.163996 -1.126012 -0.886339 -1.906168
 -1.491655 -1.455287 -1.261132 -1.353505
 -1.423473 -1.624143 -1.485993 -1.091340
 -1.031020 -1.156183 -1.918320 -1.704747
 -1.734600 -1.446919 -1.141538 -1.313388
 -1.550597 -1.169230 -1.481604 -1.386294
 -1.355523 -1.760986 -1.716535 -0.940008
 -1.236763 -1.354546 -1.524444 -1.452986
 -1.769779 -1.321756 -0.993253 -1.647177
 -1.529395 -1.529395 -1.290985 -1.232144
 -1.507901 -1.739702 -1.697142 -0.867865
 -1.153963 -1.203973 -1.689480 -1.609437
 -1.371906 -1.493266 -1.120592 -1.631416
 -1.617100 -1.186319 -1.617100 -1.211636
 -1.446919 -1.643628 -1.734600 -0.928977
 -0.924260 -1.225364 -1.840548 -1.891841
 -1.667007 -1.407497 -1.225175 -1.299283
 -1.319849 -1.319849 -1.697142 -1.264280
 -1.471287 -1.769779 -1.769779 -0.844833
 -1.324052 -1.027787 -1.983295 -1.433251
 -1.602517 -1.791758 -0.926763 -1.443453
 -1.106710 -1.156721 -1.987066 -1.524444
 -1.617736 -2.156729 -1.800057 -0.652658
 -1.446919 -0.867102 -1.688080 -1.834683
 -1.432507 -1.405839 -1.131403 -1.642227
 -1.535329 -0.824484 -1.871800 -1.648658
 -1.690662 -2.309698 -1.904236 -0.566735
 -1.164988 -0.907160 -2.388756 -1.646824
 -1.270913 -1.500486 -1.220902 -1.602269
 -1.233270 -1.015547 -2.010971 -1.548350
 -1.651401 -2.093232 -2.344545 -0.529261
 -0.966442 -1.189585 -2.219198 -1.577349
 -1.208312 -1.540445 -1.145133 -1.778855
 -1.199417 -0.809221 -2.585705 -1.725509
 -1.737270 -2.189252 -1.737270 -0.623623
 -0.944463 -1.280934 -2.101910 -1.555370
 -1.301395 -1.730389 -1.212448 -1.373716
 -1.098613 -0.875470 -2.890362 -1.637608
 -1.448815 -2.049586 -2.110210 -0.663296
 -1.045125 -1.375365 -1.677645 -1.566420
 -1.360319 -1.527373 -1.195240 -1.497520
 -1.297063 -0.867502 -2.445681 -1.514127
 -1.456362 -1.632252 -1.558144 -1.019149
 -1.000174 -1.374866 -1.632694 -1.693318
 -1.448598 -1.671741 -1.052703 -1.477586
 -1.408113 -0.927142 -2.295412 -1.350955
 -1.220902 -1.150285 -2.101258 -1.323556
 -1.116962 -1.404643 -1.704747 -1.404643
 -1.984823 -1.137528 -1.291679 -1.319849
 -2.026596 -0.685427 -2.374901 -1.304465
 -1.486378 -1.486378 -1.486378 -1.134981
 -1.247033 -1.421386 -1.470176 -1.421386
 -2.340321 -1.167606 -1.034075 -1.439539
 -1.165305 -1.313724 -1.893539 -1.313724
 -1.556639 -1.283347 -1.398416 -1.327798
 -1.336698 -1.187166 -1.369487 -1.726161
 -2.247773 -1.266948 -1.105680 -1.266948
 -1.404643 -1.442384 -1.655957 -1.116962
 -1.379515 -1.301553 -1.524696 -1.352847
 -1.515506 -1.299283 -1.481604 -1.271884
 -2.564942 -1.229949 -0.842184 -1.609437
 -1.415853 -1.302525 -1.690289 -1.200742
 -1.574346 -1.386294 -1.609437 -1.070442
 -1.379126 -1.270913 -1.567178 -1.350955
 -2.086765 -1.393620 -1.135792 -1.182312
 -1.718999 -1.572396 -1.572396 -0.902240
 -1.446919 -1.580450 -1.654557 -1.000633
 -1.609437 -1.386294 -1.742968 -0.980830
 -2.753653 -1.318576 -1.418660 -0.851554
 -0.365117 -13.652996 -1.184556 -13.652996
 -0.599330 -14.014365 -0.796689 -14.014365
 -0.424336 -13.883173 -1.061912 -13.883173
 -1.279959 -14.533352 -0.325799 -14.533352
 -14.743731 -0.851259 -1.621366 -0.979513
 -1.386294 -1.386294 -1.386294 -1.386294
 -14.793839 -0.873967 -1.201470 -1.266008
 -1.386294 -1.386294 -1.386294 -1.386294
 -1.386294 -1.386294 -1.386294 -1.386294
 -14.599414 -14.599414 -14.599414 -0.000001
 -14.077878 -14.077878 -14.077878 -0.000002
 -14.346141 -14.346141 -14.346141 -0.000002
 -1.386294 -1.386294 -1.386294 -1.386294
 -1.386294 -1.386294 -1.386294 -1.386294
 -1.386294 -1.386294 -1.386294 -1.386294
 -0.000001 -15.462245 -15.462245 -15.462245
 -15.462245 -15.462245 -0.000001 -15.462245
 -1.386294 -1.386294 -1.386294 -1.386294
 -1.386294 -1.386294 -1.386294 -1.386294
 -1.386294 -1.386294 -1.386294 -1.386294
 -1.386294 -1.386294 -1.386294 -1.386294
 -1.386294 -1.386294 -1.386294 -1.386294
 -1.221466 -1.588465 -1.116106 -1.752094
 -1.386294 -1.386294 -1.386294 -1.386294
 -1.475090 -1.201797 -2.140063 -1.041455
 -1.229452 -1.331235 -1.773066 -1.296144
 -1.223776 -1.422226 -1.768502 -1.223776
 -1.727219 -1.280934 -1.455287 -1.167606
 -1.121603 -1.417066 -1.887068 -1.271884
 -1.507655 -1.415282 -1.358124 -1.278081
 -1.363305 -1.158511 -1.563975 -1.509908
 -2.136963 -0.970531 -1.470486 -1.297215
 -1.481333 0.000100 0.000100 0.000100
 -1.316383 0.000100 0.000100 0.000100
 -1.251211 0.000100 0.000100 0.000100
 -1.521408 0.000100 0.000100 0.000100
 -1.406131 -1.548160 -1.213411 -1.406131
 -1.204697 -1.497222 -1.422421 -1.446738
 -1.248363 -1.350314 -1.309283 -1.693616
 -1.883875 -1.184897 -1.220403 -1.397917
 -1.459156 -1.475906 -1.218231 -1.413693
 -1.308411 -1.460642 -1.487854 -1.302664
 -1.291049 -1.283346 -1.368731 -1.642582
 -1.969440 -1.304464 -1.219307 -1.225155
 -1.439435 -1.493697 -1.104473 -1.574980
 -1.188705 -1.389376 -1.440020 -1.564317
 -1.262630 -1.351278 -1.272966 -1.724951
 -1.844784 -1.261407 -1.136895 -1.436024
 -1.345441 -1.376118 -1.272629 -1.575405
 -1.303615 -1.416494 -1.413354 -1.416494
 -1.173336 -1.347074 -1.375684 -1.725972
 -1.844580 -1.250894 -1.196827 -1.372360
 -1.374246 -1.468359 -1.293743 -1.417066
 -1.294053 -1.412861 -1.460114 -1.385545
 -1.256401 -1.256401 -1.456221 -1.621860
 -1.989753 -1.224133 -1.227177 -1.286849
 -1.521089 -1.477916 -1.089020 -1.528469
 -1.280934 -1.430208 -1.373049 -1.471287
 -1.248608 -1.322513 -1.325358 -1.709681
 -1.810558 -1.263754 -1.124865 -1.473379
 -1.406032 -1.571879 -1.241024 -1.354240
 -1.338524 -1.455943 -1.312623 -1.446155
 -1.150149 -1.405648 -1.325398 -1.757329
 -1.834398 -1.208824 -1.281297 -1.331559
 -1.373292 -1.468906 -1.302882 -1.407299
 -1.318784 -1.376816 -1.441774 -1.412019
 -1.168110 -1.273471 -1.508682 -1.671388
 -1.762456 -1.207093 -1.350412 -1.308673
 -1.545043 -1.426862 -1.202445 -1.401703
 -1.227445 -1.441257 -1.375365 -1.525178
 -1.296660 -1.205813 -1.356024 -1.775346
 -1.708477 -1.233918 -1.167960 -1.529204
 -1.367989 -1.581713 -1.266105 -1.355450
 -1.311039 -1.494988 -1.358205 -1.389953
 -1.291678 -1.447092 -1.261825 -1.575999
 -1.784487 -1.246850 -1.237371 -1.368211
 -1.439835 -1.436507 -1.311735 -1.362874
 -1.326492 -1.465789 -1.462237 -1.302026
 -1.224476 -1.243707 -1.521727 -1.612241
 -1.838856 -1.238737 -1.200481 -1.385488
 -1.531880 -1.498849 -1.187973 -1.363965
 -1.233729 -1.438639 -1.420119 -1.470287
 -1.257361 -1.404813 -1.332710 -1.577832
 -1.769606 -1.258781 -1.188100 -1.423789
 -1.311385 -1.552547 -1.264865 -1.441521
 -1.231023 -1.486956 -1.426332 -1.419817
 -1.156881 -1.382806 -1.352626 -1.736700
 -1.795938 -1.228457 -1.186610 -1.443796
 -1.366593 -1.502605 -1.310398 -1.375301
 -1.375262 -1.407112 -1.516436 -1.262717
 -1.299761 -1.253481 -1.399291 -1.634130
 -1.790003 -1.231893 -1.353448 -1.262476
 -1.466337 -1.431851 -1.281096 -1.375823
 -1.360529 -1.369288 -1.363440 -1.454968
 -1.353278 -1.228470 -1.353278 -1.658228
 -1.749393 -1.243915 -1.181557 -1.465050
 -1.556037 -1.457097 -1.188620 -1.380405
 -1.327371 -1.415622 -1.400851 -1.403787
 -1.290599 -1.348816 -1.300934 -1.644706
 -1.620630 -1.270035 -1.199417 -1.513972
 -1.436865 -1.443691 -1.234340 -1.447121
 -1.385530 -1.317557 -1.526515 -1.329051
 -1.212581 -1.328904 -1.500262 -1.538362
 -1.715940 -1.210846 -1.174170 -1.545595
 -1.363522 -1.444341 -1.224570 -1.539651
 -1.195017 -1.493196 -1.385565 -1.502984
 -1.303818 -1.349281 -1.221215 -1.747504
 -1.513747 -1.342898 -1.248171 -1.461884
 -1.337504 -1.434496 -1.261997 -1.531660
 -1.284588 -1.337542 -1.567506 -1.377609
 -1.183678 -1.374614 -1.484234 -1.540675
 -1.674284 -1.270463 -1.244487 -1.411541
 -1.404205 -1.453598 -1.225404 -1.482492
 -1.462320 -1.459068 -1.427116 -1.217906
 -1.308643 -1.343735 -1.453736 -1.447113
 -1.703063 -1.319440 -1.220408 -1.364609
 -0.978892 -16.302914 -0.471168 -16.302914
 -0.687681 -16.362610 -0.698644 -16.362610
 -0.735007 -16.429983 -0.652970 -16.429983
 -0.920130 -16.384298 -0.508275 -16.384298
 -16.937435 -1.225805 -0.931389 -1.163239
 -1.386294 -1.386294 -1.386294 -1.386294
 -17.176580 -0.979673 -0.794583 -1.755640
 -1.386294 -1.386294 -1.386294 -1.386294
 -1.386294 -1.386294 -1.386294 -1.386294
 -16.676569 -16.676569 -16.676569 -0.000000
 -16.904734 -16.904734 -16.904734 -0.000000
 -16.306234 -16.306234 -16.306234 -0.000000
 -1.386294 -1.386294 -1.386294 -1.386294
 -1.386294 -1.386294 -1.386294 -1.386294
 -1.386294 -1.386294 -1.386294 -1.386294
 0.000000 -17.757286 -17.757286 -17.757286
 -17.757286 -17.757286 0.000000 -17.757286
 -1.386294 -1.386294 -1.386294 -1.386294
 -1.386294 -1.386294 -1.386294 -1.386294
 -1.386294 -1.386294 -1.386294 -1.386294
 -1.386294 -1.386294 -1.386294 -1.386294
 -1.386294 -1.386294 -1.386294 -1.386294
 -1.180501 -1.217196 -1.537537 -1.704263
 -1.386294 -1.386294 -1.386294 -1.386294
 -1.531634 -1.390094 -1.104954 -1.591894
 -1.216068 -1.299064 -1.471817 -1.602902
 -1.433460 -1.392638 -1.381788 -1.339528
 -1.225912 -1.353746 -1.341425 -1.677897
 -1.317451 -1.685799 -1.201226 -1.402174
 -1.307354 -1.633848 -1.240034 -1.406851
 -1.102198 -1.548350 -1.206601 -1.857587
 -1.314016 -1.585950 -1.213771 -1.472143
