 -1.220627 0.000100 0.000100 0.000100
 -1.456253 0.000100 0.000100 0.000100
 -1.399900 0.000100 0.000100 0.000100
 -1.490654 0.000100 0.000100 0.000100
 -1.125694 -1.636518 -1.457471 -1.393957
 -1.113212 -1.189584 -2.336983 -1.307367
 -1.098613 -1.154966 -1.862710 -1.627871
 -2.302582 -1.155183 -1.220780 -1.237875
 -1.315677 -1.378197 -1.161526 -1.791759
 -1.187844 -1.378197 -1.655183 -1.378197
 -1.116005 -1.116005 -1.330414 -2.519993
 -2.035380 -1.045969 -1.112218 -1.665007
 -1.399598 -1.417617 -1.190844 -1.574802
 -0.992480 -1.445954 -1.549495 -1.706680
 -1.038715 -1.086343 -1.664420 -2.125764
 -1.810806 -1.117661 -1.240263 -1.513556
 -1.271884 -1.285490 -14.786291 -0.813776
 -1.272966 -1.316768 -14.731803 -0.794074
 -1.005831 -1.386294 -14.585621 -0.956438
 -2.354541 -1.002153 -14.272938 -0.619945
 -14.682612 -14.682612 -0.000001 -14.682612
 -14.739771 -14.739771 -0.000001 -14.739771
 -1.386294 -1.386294 -1.386294 -1.386294
 -15.196794 -15.196794 -0.000001 -15.196794
 -1.386294 -1.386294 -1.386294 -1.386294
 -1.386294 -1.386294 -1.386294 -1.386294
 -15.999312 -15.999312 -15.999312 -0.000000
 -1.386294 -1.386294 -1.386294 -1.386294
 -1.386294 -1.386294 -1.386294 -1.386294
 -1.386294 -1.386294 -1.386294 -1.386294
 -1.386294 -1.386294 -1.386294 -1.386294
 -0.000000 -15.999312 -15.999312 -15.999312
 -0.000000 -15.999312 -15.999312 -15.999312
 -1.386294 -1.386294 -1.386294 -1.386294
 -1.386294 -1.386294 -1.386294 -1.386294
 -1.386294 -1.386294 -1.386294 -1.386294
 -15.999312 -15.999312 -0.000000 -15.999312
 -1.386294 -1.386294 -1.386294 -1.386294
 -1.386294 -1.386294 -1.386294 -1.386294
 -1.386294 -1.386294 -1.386294 -1.386294
 -1.386294 -1.386294 -1.386294 -1.386294
 -1.386294 -1.386294 -1.386294 -1.386294
 -15.999312 -15.999312 -15.999312 -0.000000
 -1.386294 -1.386294 -1.386294 -1.386294
 -1.386294 -1.386294 -1.386294 -1.386294
 -1.386294 -1.386294 -1.386294 -1.386294
 -1.386294 -1.386294 -1.386294 -1.386294
 -1.984950 -1.194260 -1.526281 -1.071944
 -1.913647 -1.193104 -1.193104 -1.402824
 -1.390019 -1.605727 -1.451577 -1.152061
 -1.370870 -1.202248 -1.412543 -1.599128
 -2.721292 -2.003454 -0.904844 -0.929536
 -1.066661 -1.399366 -2.734360 -1.066661
 -1.335001 -1.088142 -2.762111 -1.088142
 -1.179582 -1.144075 -1.769780 -1.591088
 -2.057779 -1.256419 -1.502254 -1.007958
 -1.409179 -1.208508 -1.548015 -1.409179
 -1.523053 -1.252763 -1.754854 -1.129149
 -1.458615 -0.799371 -1.492516 -2.374901
 -2.347703 -1.105993 -1.511457 -1.041454
 -1.410392 -1.317302 -1.460402 -1.362764
 -1.393215 -1.239064 -1.778060 -1.227230
 -1.566420 -0.847299 -1.620487 -1.802808
 -2.079440 -1.156720 -1.308736 -1.236763
 -2.327270 0.000100 0.000100 0.000100
 -1.362197 0.000100 0.000100 0.000100
 -1.039425 0.000100 0.000100 0.000100
 -1.228666 0.000100 0.000100 0.000100
 -2.079391 -11.289832 -0.693172 -0.980846
 -1.435084 -1.435084 -1.945896 -0.965087
 -1.757852 -1.287856 -1.421385 -1.170074
 -1.232146 -1.386294 -1.232146 -1.791751
 -2.197197 -1.098618 -0.944470 -1.791748
 -1.152684 -1.845814 -2.251263 -0.865006
 -1.435084 -0.965087 -2.351344 -1.252765
 -2.079425 -0.980835 -0.980835 -2.079425
 -1.673968 -1.386294 -1.163156 -1.386294
 -1.178658 -1.648654 -1.871793 -1.060876
 -1.386294 -1.386294 -1.897107 -1.049828
 -2.302555 -1.609433 -0.916298 -1.203976
 -1.791748 -2.197197 -12.100735 -0.325437
 -0.810940 -1.280936 -12.100735 -1.280936
 -1.386294 -1.203976 -12.206093 -0.798517
 -1.178658 -2.159466 -12.468452 -0.550055
 -12.388411 -12.388411 -0.000012 -12.388411
 -11.982954 -11.982954 -0.000019 -11.982954
 -1.386294 -1.386294 -1.386294 -1.386294
 -12.948019 -12.948019 -0.000007 -12.948019
 -1.386294 -1.386294 -1.386294 -1.386294
 -1.386294 -1.386294 -1.386294 -1.386294
 -13.617064 -13.617064 -13.617064 -0.000004
 -1.386294 -1.386294 -1.386294 -1.386294
 -1.386294 -1.386294 -1.386294 -1.386294
 -1.386294 -1.386294 -1.386294 -1.386294
 -1.386294 -1.386294 -1.386294 -1.386294
 -0.000004 -13.617064 -13.617064 -13.617064
 -0.000004 -13.617064 -13.617064 -13.617064
 -1.386294 -1.386294 -1.386294 -1.386294
 -1.386294 -1.386294 -1.386294 -1.386294
 -1.386294 -1.386294 -1.386294 -1.386294
 -13.617064 -13.617064 -0.000004 -13.617064
 -1.386294 -1.386294 -1.386294 -1.386294
 -1.386294 -1.386294 -1.386294 -1.386294
 -1.386294 -1.386294 -1.386294 -1.386294
 -1.386294 -1.386294 -1.386294 -1.386294
 -1.386294 -1.386294 -1.386294 -1.386294
 -13.617064 -13.617064 -13.617064 -0.000004
 -1.386294 -1.386294 -1.386294 -1.386294
 -1.386294 -1.386294 -1.386294 -1.386294
 -1.386294 -1.386294 -1.386294 -1.386294
 -1.386294 -1.386294 -1.386294 -1.386294
 -2.209488 -1.315677 -1.005523 -1.362197
 -2.197169 -0.810950 -2.197169 -1.098623
 -1.704741 -2.397863 -0.788465 -1.299284
 -1.321757 -1.455286 -1.003306 -2.014891
 -1.945896 -1.658222 -0.847306 -1.435084
 -1.386294 -1.673968 -0.980838 -1.673968
 -1.446918 -0.753783 -2.140040 -1.734591
 -1.488076 -1.642224 -0.869043 -1.824542
 -1.280936 -1.504075 -1.280936 -1.504075
 -2.302555 -1.897107 -1.609433 -0.597848
 -1.252765 -1.435084 -2.351344 -0.965087
 -1.466336 -1.178658 -1.178658 -1.871793
 -2.014880 -0.916301 -1.609431 -1.321757
 -2.079417 -0.980838 -1.163156 -1.673968
 -1.145136 -1.992415 -1.145136 -1.481603
 -1.446918 -1.734591 -0.887312 -1.734591
 -1.909532 -1.504076 -0.993257 -1.349927
