 -1.202332 0.000100 0.000100 0.000100
 -1.411233 0.000100 0.000100 0.000100
 -1.484565 0.000100 0.000100 0.000100
 -1.473754 0.000100 0.000100 0.000100
 -1.508184 -1.370034 -1.307514 -1.370034
 -1.129385 -1.504077 -1.887067 -1.193923
 -0.910872 -0.995429 -2.442339 -1.956836
 -1.760009 -0.921683 -1.588160 -1.488077
 -1.054938 -1.192139 -1.627455 -1.885283
 -1.082613 -1.386294 -1.824548 -1.386294
 -0.791130 -1.373049 -1.484274 -2.708035
 -1.845824 -0.970359 -1.335001 -1.609437
 -1.203973 -1.571697 -1.153963 -1.732039
 -1.123931 -1.123931 -1.609437 -1.897118
 -1.134981 -1.029621 -1.295323 -3.044502
 -1.637607 -0.909372 -1.791757 -1.443452
 -1.282616 -0.994935 -13.989468 -1.041455
 -1.427116 -0.896489 -14.038657 -1.044125
 -0.916292 -0.967585 -13.815515 -1.514127
 -1.824546 -0.869040 -13.337481 -0.869040
 -13.937732 -13.937732 -0.000003 -13.937732
 -14.279247 -14.279247 -0.000002 -14.279247
 -1.386294 -1.386294 -1.386294 -1.386294
 -14.108183 -14.108183 -0.000002 -14.108183
 -1.386294 -1.386294 -1.386294 -1.386294
 -1.386294 -1.386294 -1.386294 -1.386294
 -15.216695 -15.216695 -15.216695 -0.000001
 -1.386294 -1.386294 -1.386294 -1.386294
 -1.386294 -1.386294 -1.386294 -1.386294
 -1.386294 -1.386294 -1.386294 -1.386294
 -1.386294 -1.386294 -1.386294 -1.386294
 -0.000001 -15.216695 -15.216695 -15.216695
 -15.216695 -0.000001 -15.216695 -15.216695
 -1.386294 -1.386294 -1.386294 -1.386294
 -1.386294 -1.386294 -1.386294 -1.386294
 -1.386294 -1.386294 -1.386294 -1.386294
 -1.386294 -1.386294 -1.386294 -1.386294
 -15.216695 -15.216695 -0.000001 -15.216695
 -1.386294 -1.386294 -1.386294 -1.386294
 -1.386294 -1.386294 -1.386294 -1.386294
 -1.386294 -1.386294 -1.386294 -1.386294
 -1.386294 -1.386294 -1.386294 -1.386294
 -15.216695 -15.216695 -15.216695 -0.000001
 -1.386294 -1.386294 -1.386294 -1.386294
 -1.386294 -1.386294 -1.386294 -1.386294
 -1.386294 -1.386294 -1.386294 -1.386294
 -1.386294 -1.386294 -1.386294 -1.386294
 -2.094329 -1.123551 -1.772246 -0.962928
 -2.813385 -1.078812 -3.911931 -0.544732
 -1.550597 -1.219241 -1.938361 -1.054161
 -1.289668 -1.189585 -1.400893 -1.749197
 -2.645523 -1.824548 -1.092182 -0.838734
 -1.019833 -1.338285 -2.724561 -1.166436
 -1.223776 -1.223776 -3.015519 -1.014056
 -0.992130 -1.353142 -2.542717 -1.230541
 -2.092511 -1.145133 -1.858897 -0.909819
 -1.312187 -1.089044 -1.871800 -1.425515
 -1.438480 -0.986496 -2.062631 -1.336698
 -0.980833 -1.049825 -2.079432 -1.897113
 -2.404859 -0.875470 -1.443453 -1.358896
 -1.134981 -1.211942 -2.233586 -1.295323
 -1.629240 -0.840784 -1.985913 -1.446919
 -1.113002 -0.990401 -2.302577 -1.609436
 -2.292529 -0.810932 -1.761905 -1.262916
 -1.590206 0.000100 0.000100 0.000100
 -1.329676 0.000100 0.000100 0.000100
 -0.984071 0.000100 0.000100 0.000100
 -1.846636 0.000100 0.000100 0.000100
 -0.741940 -1.295323 -2.233586 -1.945907
 -1.257361 -1.395511 -1.600305 -1.324052
 -1.124930 -1.348073 -1.540445 -1.602965
 -1.535329 -1.689478 -1.083346 -1.341174
 -1.909541 -1.167606 -0.794402 -2.420363
 -1.916920 -0.961413 -0.961413 -2.427741
 -2.257116 -0.670160 -1.621133 -1.681757
 -2.879183 -0.750969 -1.192800 -1.780584
 -0.800781 -1.812374 -1.252764 -2.282371
 -1.040457 -1.652257 -1.057552 -2.227619
 -1.358896 -0.926763 -1.414465 -2.261759
 -1.648656 -1.386294 -1.118032 -1.466336
 -0.724897 -1.418043 -14.062374 -1.296682
 -1.036920 -1.174121 -13.910825 -1.089563
 -0.586177 -1.419084 -14.030625 -1.601405
 -2.302573 -0.579823 -13.122372 -1.078812
 -14.375129 -14.375129 -0.000002 -14.375129
 -14.022528 -14.022528 -0.000002 -14.022528
 -1.386294 -1.386294 -1.386294 -1.386294
 -13.946543 -13.946543 -0.000003 -13.946543
 -1.386294 -1.386294 -1.386294 -1.386294
 -1.386294 -1.386294 -1.386294 -1.386294
 -15.231364 -15.231364 -15.231364 -0.000001
 -1.386294 -1.386294 -1.386294 -1.386294
 -1.386294 -1.386294 -1.386294 -1.386294
 -1.386294 -1.386294 -1.386294 -1.386294
 -1.386294 -1.386294 -1.386294 -1.386294
 -0.000001 -15.231364 -15.231364 -15.231364
 -15.231364 -0.000001 -15.231364 -15.231364
 -1.386294 -1.386294 -1.386294 -1.386294
 -1.386294 -1.386294 -1.386294 -1.386294
 -1.386294 -1.386294 -1.386294 -1.386294
 -1.386294 -1.386294 -1.386294 -1.386294
 -15.231364 -15.231364 -0.000001 -15.231364
 -1.386294 -1.386294 -1.386294 -1.386294
 -1.386294 -1.386294 -1.386294 -1.386294
 -1.386294 -1.386294 -1.386294 -1.386294
 -1.386294 -1.386294 -1.386294 -1.386294
 -15.231364 -15.231364 -15.231364 -0.000001
 -1.386294 -1.386294 -1.386294 -1.386294
 -1.386294 -1.386294 -1.386294 -1.386294
 -1.386294 -1.386294 -1.386294 -1.386294
 -1.386294 -1.386294 -1.386294 -1.386294
 -2.762924 -0.806088 -1.093770 -1.862140
 -1.871793 -1.060876 -1.871793 -1.060876
 -1.430746 -1.659587 -0.966441 -1.659587
 -1.595049 -1.189585 -1.238375 -1.595049
 -2.549431 -1.673974 -0.632526 -1.593932
 -0.960464 -1.450010 -1.829497 -1.504077
 -1.540444 -1.088461 -1.640527 -1.366092
 -0.936770 -1.413693 -1.629916 -1.778335
 -1.498212 -1.351609 -1.498212 -1.223776
 -2.557220 -0.947790 -0.908570 -2.026596
 -2.215569 -0.768656 -1.234745 -1.992427
 -1.897117 -0.718467 -1.337505 -2.302577
 -2.740828 -0.819029 -1.200396 -1.642226
 -1.386294 -2.079432 -0.980833 -1.386294
 -1.348349 -1.437297 -0.978990 -2.063001
 -1.799305 -1.019149 -1.176778 -1.799305
 -2.114525 -1.662545 -0.802350 -1.421385
