 -1.355897 0.000100 0.000100 0.000100
 -1.080263 0.000100 0.000100 0.000100
 -1.737692 0.000100 0.000100 0.000100
 -1.483458 0.000100 0.000100 0.000100
 -1.074943 -1.507076 -1.333804 -1.750697
 -0.904992 -1.333185 -2.258131 -1.481604
 -0.929537 -1.125281 -2.171245 -1.791758
 -2.100058 -0.983100 -1.252763 -1.524696
 -0.935616 -1.281891 -1.558144 -2.123456
 -0.677233 -1.797120 -1.734600 -1.898903
 -0.660888 -1.402824 -1.668526 -3.012248
 -1.648658 -1.038894 -1.571697 -1.401798
 -0.652477 -1.818529 -2.053368 -1.667706
 -0.762141 -1.640209 -2.272729 -1.442384
 -0.389842 -2.071595 -2.205126 -2.446286
 -2.208269 -1.419817 -1.375365 -0.927342
 -14.950134 -14.950134 -0.000001 -14.950134
 -13.937732 -13.937732 -0.000003 -13.937732
 -13.687682 -13.687682 -0.000003 -13.687682
 -14.122998 -14.122998 -0.000002 -14.122998
 -1.386294 -1.386294 -1.386294 -1.386294
 -1.386294 -1.386294 -1.386294 -1.386294
 -15.684232 -15.684232 -0.000000 -15.684232
 -1.386294 -1.386294 -1.386294 -1.386294
 -1.386294 -1.386294 -1.386294 -1.386294
 -1.386294 -1.386294 -1.386294 -1.386294
 -15.684232 -15.684232 -15.684232 -0.000000
 -1.386294 -1.386294 -1.386294 -1.386294
 -1.386294 -1.386294 -1.386294 -1.386294
 -1.386294 -1.386294 -1.386294 -1.386294
 -1.386294 -1.386294 -1.386294 -1.386294
 -0.000001 -15.684232 -15.684232 -15.684232
 -0.917063 -1.417645 -2.667227 -1.242782
 -1.386294 -1.386294 -1.386294 -1.386294
 -1.386294 -1.386294 -1.386294 -1.386294
 -1.386294 -1.386294 -1.386294 -1.386294
 -14.767170 -14.767170 -0.000001 -14.767170
 -14.266589 -14.266589 -0.000002 -14.266589
 -13.017012 -13.017012 -0.000007 -13.017012
 -14.441451 -14.441451 -0.000002 -14.441451
 -1.386294 -1.386294 -1.386294 -1.386294
 -1.386294 -1.386294 -1.386294 -1.386294
 -0.533720 -15.684232 -0.882904 -15.684232
 -1.386294 -1.386294 -1.386294 -1.386294
 -1.355204 -1.305442 -1.781288 -1.195239
 -1.386294 -1.386294 -1.386294 -1.386294
 -1.026639 -0.863600 -2.125249 -2.295148
 -1.386294 -1.386294 -1.386294 -1.386294
 -1.207415 -1.376038 -1.506658 -1.483668
 -1.404987 -1.424035 -1.568616 -1.185624
 -1.163152 -1.098613 -1.568615 -1.925288
 -1.623622 -1.864783 -1.064008 -1.194627
 -1.368699 -1.258698 -1.574550 -1.368699
 -1.329853 -1.405839 -1.609437 -1.236763
 -1.185045 -1.085955 -1.472727 -2.060511
 -2.122259 -1.205971 -1.480407 -1.040457
 -1.335001 -1.412963 -1.440361 -1.360319
 -1.391599 -1.147403 -1.776010 -1.329724
 -0.898592 -1.070442 -1.683545 -2.744410
 -2.122259 -1.007121 -1.380324 -1.333804
 -1.436305 -1.168041 -1.488948 -1.488948
 -1.302525 -1.233532 -1.995670 -1.200742
 -1.062508 -1.020835 -2.079439 -1.777159
 -1.960093 -0.985536 -1.777772 -1.149165
 -1.507828 0.000100 0.000100 0.000100
 -1.279865 0.000100 0.000100 0.000100
 -1.279865 0.000100 0.000100 0.000100
 -1.503008 0.000100 0.000100 0.000100
 -1.526056 -1.482571 -1.070039 -1.548529
 -1.129865 -1.776491 -1.284016 -1.466337
 -1.298002 -1.517630 -1.129865 -1.689480
 -1.530875 -1.811177 -0.871631 -1.599868
 -1.589235 -1.550014 -1.094539 -1.390384
 -1.419817 -1.593088 -1.291984 -1.272181
 -1.486713 -1.238534 -1.227605 -1.655048
 -2.176813 -1.124724 -1.278874 -1.260525
 -1.567547 -1.446919 -1.103975 -1.493439
 -2.091862 -1.450010 -1.349927 -0.960463
 -1.657329 -1.084327 -1.695795 -1.245595
 -1.898588 -1.512927 -1.220258 -1.094217
 -14.260199 -14.260199 -0.000002 -14.260199
 -14.711600 -14.711600 -0.000001 -14.711600
 -14.703403 -14.703403 -0.000001 -14.703403
 -14.883665 -14.883665 -0.000001 -14.883665
 -1.386294 -1.386294 -1.386294 -1.386294
 -1.386294 -1.386294 -1.386294 -1.386294
 -16.050888 -16.050888 -0.000000 -16.050888
 -1.386294 -1.386294 -1.386294 -1.386294
 -1.386294 -1.386294 -1.386294 -1.386294
 -1.386294 -1.386294 -1.386294 -1.386294
 -16.050888 -16.050888 -16.050888 -0.000000
 -1.386294 -1.386294 -1.386294 -1.386294
 -1.386294 -1.386294 -1.386294 -1.386294
 -1.386294 -1.386294 -1.386294 -1.386294
 -1.386294 -1.386294 -1.386294 -1.386294
 -0.000000 -16.050888 -16.050888 -16.050888
 -1.675760 -1.100754 -1.797121 -1.156967
 -1.386294 -1.386294 -1.386294 -1.386294
 -1.386294 -1.386294 -1.386294 -1.386294
 -1.386294 -1.386294 -1.386294 -1.386294
 -14.375129 -14.375129 -0.000002 -14.375129
 -14.950134 -14.950134 -0.000001 -14.950134
 -14.253768 -14.253768 -0.000002 -14.253768
 -14.893922 -14.893922 -0.000001 -14.893922
 -1.386294 -1.386294 -1.386294 -1.386294
 -1.386294 -1.386294 -1.386294 -1.386294
 -0.660530 -16.050888 -0.726865 -16.050888
 -1.386294 -1.386294 -1.386294 -1.386294
 -1.452629 -1.443818 -1.182805 -1.497885
 -1.386294 -1.386294 -1.386294 -1.386294
 -1.368750 -1.130076 -1.342997 -1.823222
 -1.386294 -1.386294 -1.386294 -1.386294
 -1.335001 -1.600704 -1.047320 -1.691675
 -1.341174 -1.417547 -1.355989 -1.433547
 -1.349390 -1.306830 -1.489152 -1.409109
 -1.391834 -1.701989 -0.993805 -1.614977
 -1.269430 -1.597117 -1.254831 -1.463586
 -1.161284 -1.376992 -1.271632 -1.869467
 -1.124492 -1.624144 -1.170477 -1.784486
 -1.634130 -1.431190 -1.032551 -1.561809
 -1.481604 -1.299283 -1.133298 -1.725801
 -1.566676 -1.233532 -1.320543 -1.456675
 -1.500599 -1.265033 -1.148623 -1.727656
 -2.237342 -1.121341 -1.087440 -1.468211
 -1.642227 -1.313724 -1.148210 -1.512174
 -1.427732 -1.412464 -1.147772 -1.613134
 -1.369258 -1.151535 -1.316615 -1.823175
 -2.186584 -1.299283 -0.900376 -1.567547
