 -1.294586 0.000100 0.000100 0.000100
 -1.369487 0.000100 0.000100 0.000100
 -1.391960 0.000100 0.000100 0.000100
 -1.499849 0.000100 0.000100 0.000100
 -1.093471 -1.173514 -1.741497 -1.712509
 -1.098613 -1.321756 -2.014901 -1.321756
 -0.751644 -1.258461 -2.531422 -1.803187
 -1.596859 -1.150573 -1.628607 -1.255933
 -1.203973 -1.403101 -1.290984 -1.719438
 -1.074859 -1.294487 -1.623966 -1.673976
 -0.722708 -1.499234 -1.543686 -2.555279
 -1.418660 -0.897364 -1.559738 -1.965201
 -1.208311 -1.399366 -1.165752 -1.945909
 -0.882390 -1.381380 -1.757857 -1.816697
 -0.743792 -1.098613 -1.996552 -2.890363
 -1.673975 -0.889859 -1.460402 -1.774058
 -0.930334 -1.305945 -14.735795 -1.094637
 -1.243194 -1.508896 -14.547880 -0.712566
 -0.661400 -1.329853 -14.253768 -1.517064
 -2.058384 -1.016936 -13.753639 -0.672096
 -14.735795 -14.735795 -0.000001 -14.735795
 -14.452089 -14.452089 -0.000002 -14.452089
 -1.386294 -1.386294 -1.386294 -1.386294
 -14.801329 -14.801329 -0.000001 -14.801329
 -1.386294 -1.386294 -1.386294 -1.386294
 -1.386294 -1.386294 -1.386294 -1.386294
 -15.772785 -15.772785 -15.772785 -0.000000
 -1.386294 -1.386294 -1.386294 -1.386294
 -1.386294 -1.386294 -1.386294 -1.386294
 -1.386294 -1.386294 -1.386294 -1.386294
 -1.386294 -1.386294 -1.386294 -1.386294
 -0.000001 -15.772785 -15.772785 -15.772785
 -0.617024 -1.606617 -3.007094 -1.558498
 -1.386294 -1.386294 -1.386294 -1.386294
 -1.386294 -1.386294 -1.386294 -1.386294
 -1.386294 -1.386294 -1.386294 -1.386294
 -15.155762 -15.155762 -0.000001 -15.155762
 -14.166170 -14.166170 -0.000002 -14.166170
 -12.765699 -12.765699 -0.000009 -12.765699
 -14.214290 -14.214290 -0.000002 -14.214290
 -1.386294 -1.386294 -1.386294 -1.386294
 -1.386294 -1.386294 -1.386294 -1.386294
 -1.196468 -0.676340 -1.664604 -15.772785
 -1.386294 -1.386294 -1.386294 -1.386294
 -1.161284 -1.271632 -1.652403 -1.537334
 -1.301137 -1.222665 -2.057462 -1.185624
 -1.047693 -0.803497 -2.125248 -2.499938
 -1.386294 -1.386294 -1.386294 -1.386294
 -1.506438 -1.424761 -1.296143 -1.331235
 -1.342998 -1.450243 -1.659334 -1.157856
 -0.683487 -1.108369 -3.025275 -2.149818
 -1.822156 -1.186169 -1.454432 -1.205971
 -1.636836 -1.213023 -1.962258 -1.000849
 -1.435084 -1.114613 -1.807759 -1.309922
 -1.263162 -0.817852 -1.841238 -2.143517
 -2.150702 -0.979068 -1.686398 -1.130874
 -1.504077 -1.332227 -1.414465 -1.306252
 -1.309922 -0.975553 -1.918510 -1.578185
 -1.279197 -0.737601 -1.972341 -2.260020
 -1.950998 -0.783395 -1.699684 -1.522003
 -1.519825 -1.163151 -1.742968 -1.225027
 -1.777473 -0.848498 -2.131112 -1.258173
 -1.419084 -0.742746 -1.875841 -2.047690
 -2.585705 -0.764100 -1.651401 -1.320045
 -1.426901 0.000100 0.000100 0.000100
 -1.399648 0.000100 0.000100 0.000100
 -1.132527 0.000100 0.000100 0.000100
 -1.655239 0.000100 0.000100 0.000100
 -1.101687 -1.534070 -1.570306 -1.410373
 -1.291595 -1.350353 -1.568467 -1.356134
 -1.048435 -1.297189 -1.586267 -1.763017
 -1.681397 -1.178896 -1.334615 -1.414658
 -1.780005 -1.253074 -0.897489 -1.979447
 -1.648799 -1.065483 -1.311285 -1.641526
 -1.581055 -0.991898 -1.360384 -1.790913
 -2.411151 -0.966935 -1.083906 -1.651461
 -1.305995 -1.578700 -1.072208 -1.711459
 -1.163367 -1.415918 -1.282665 -1.786369
 -1.480123 -1.055625 -1.199988 -2.093805
 -1.965497 -1.070980 -1.180543 -1.560032
 -0.820981 -1.468067 -16.418201 -1.109786
 -1.041988 -1.332699 -16.564064 -0.958461
 -0.736319 -1.320532 -16.608515 -1.369896
 -2.004201 -0.809516 -15.993666 -0.867123
 -16.833982 -16.833982 -0.000000 -16.833982
 -16.557640 -16.557640 -0.000000 -16.557640
 -1.386294 -1.386294 -1.386294 -1.386294
 -16.722412 -16.722412 -0.000000 -16.722412
 -1.386294 -1.386294 -1.386294 -1.386294
 -1.386294 -1.386294 -1.386294 -1.386294
 -17.809666 -17.809666 -17.809666 -0.000000
 -1.386294 -1.386294 -1.386294 -1.386294
 -1.386294 -1.386294 -1.386294 -1.386294
 -1.386294 -1.386294 -1.386294 -1.386294
 -1.386294 -1.386294 -1.386294 -1.386294
 0.000000 -17.809666 -17.809666 -17.809666
 -2.163175 -0.778485 -2.142556 -1.175758
 -1.386294 -1.386294 -1.386294 -1.386294
 -1.386294 -1.386294 -1.386294 -1.386294
 -1.386294 -1.386294 -1.386294 -1.386294
 -15.646491 -15.646491 -0.000000 -15.646491
 -17.031181 -17.031181 -0.000000 -17.031181
 -15.667110 -15.667110 -0.000000 -15.667110
 -16.633909 -16.633909 -0.000000 -16.633909
 -1.386294 -1.386294 -1.386294 -1.386294
 -1.386294 -1.386294 -1.386294 -1.386294
 -0.858227 -1.240495 -1.248810 -17.809666
 -1.386294 -1.386294 -1.386294 -1.386294
 -1.686660 -1.304949 -1.037911 -1.663457
 -1.668471 -1.006202 -1.421295 -1.587390
 -1.533405 -0.819639 -1.585325 -1.975238
 -1.386294 -1.386294 -1.386294 -1.386294
 -1.308144 -1.636259 -1.126405 -1.556964
 -1.281571 -1.657830 -1.116283 -1.587909
 -1.303257 -1.303257 -1.219291 -1.824681
 -1.592117 -1.528526 -0.969588 -1.607384
 -1.202563 -1.494951 -1.467042 -1.407678
 -1.229860 -1.499454 -1.534007 -1.313993
 -1.095240 -1.364022 -1.473306 -1.710678
 -1.587708 -1.263325 -1.452426 -1.276930
 -1.910492 -1.171407 -1.025454 -1.695932
 -1.607939 -1.181472 -1.203723 -1.646111
 -1.415044 -1.007359 -1.328866 -2.062580
 -2.219359 -0.967625 -1.224245 -1.526213
 -1.434234 -1.447717 -1.225479 -1.456808
 -1.267302 -1.562101 -1.189195 -1.588418
 -1.359122 -1.267846 -1.242635 -1.754152
 -2.014394 -1.317437 -0.928586 -1.591274
