 -1.412661 0.000100 0.000100 0.000100
 -1.353385 0.000100 0.000100 0.000100
 -1.231613 0.000100 0.000100 0.000100
 -1.578328 0.000100 0.000100 0.000100
 -1.441210 -1.378690 -1.237612 -1.507901
 -1.500486 -1.105833 -1.715597 -1.323556
 -1.318576 -1.144223 -1.227605 -2.111804
 -1.819156 -1.126012 -1.243795 -1.490654
 -1.402824 -1.402824 -1.066352 -1.808287
 -1.193923 -1.299283 -1.550597 -1.550597
 -1.690663 -0.905710 -1.098613 -2.550858
 -1.867265 -1.145133 -1.145133 -1.564986
 -1.346449 -1.767660 -1.174599 -1.346449
 -1.074943 -1.333804 -1.562645 -1.684006
 -1.098613 -1.262242 -1.431318 -1.933408
 -1.780584 -1.192800 -1.492904 -1.192800
 -0.945373 -1.367366 -14.266589 -1.030895
 -1.113319 -0.988156 -14.130324 -1.206409
 -0.983378 -0.814756 -14.085541 -1.697142
 -1.954796 -0.877242 -13.937732 -0.815366
 -14.352006 -14.352006 -0.000002 -14.352006
 -14.488457 -14.488457 -0.000002 -14.488457
 -1.386294 -1.386294 -1.386294 -1.386294
 -14.352006 -14.352006 -0.000002 -14.352006
 -1.386294 -1.386294 -1.386294 -1.386294
 -1.386294 -1.386294 -1.386294 -1.386294
 -15.498199 -15.498199 -15.498199 -0.000001
 -1.386294 -1.386294 -1.386294 -1.386294
 -1.386294 -1.386294 -1.386294 -1.386294
 -1.386294 -1.386294 -1.386294 -1.386294
 -1.386294 -1.386294 -1.386294 -1.386294
 -1.263978 -1.123073 -1.508735 -1.766070
 -1.335001 -1.217218 -2.028146 -1.173733
 -1.252763 -1.501224 -1.314639 -1.501224
 -1.195605 -1.065552 -1.521026 -2.006532
 -2.219198 -1.477266 -0.884204 -1.386294
 -0.961412 -1.416147 -14.122998 -0.980830
 -1.270035 -0.923165 -14.193950 -1.133460
 -0.780854 -1.068536 -14.085541 -1.617100
 -1.394326 -0.936495 -14.038657 -1.021652
 -1.477266 -1.551374 -1.263692 -1.283110
 -1.693995 -1.349155 -1.413693 -1.159913
 -1.386294 -1.386294 -1.386294 -1.386294
 -1.994403 -1.238079 -1.301257 -1.198073
 -1.887067 -1.417066 -0.957535 -1.504077
 -1.301737 -1.301737 -1.223776 -1.821611
 -1.436484 -1.112698 -1.299283 -1.827349
 -1.742968 -1.361602 -1.163151 -1.361602
 -1.558144 -1.270463 -1.403994 -1.335001
 -1.340385 -1.091924 -1.745849 -1.477586
 -1.057552 -1.246793 -1.621486 -1.785788
 -1.974078 -0.993253 -1.504077 -1.314836
 -1.446919 -1.249094 -1.275069 -1.616817
 -1.264598 -1.307157 -1.639290 -1.374598
 -1.342234 -1.308333 -1.213023 -1.765090
 -1.905417 -1.330055 -1.132230 -1.330055
 -1.442990 -1.476891 -1.155308 -1.511982
 -1.326871 -1.252763 -1.301553 -1.732335
 -1.273966 -1.201645 -1.156183 -2.254791
 -1.851350 -1.082219 -1.240443 -1.537694
 -1.214445 -1.386294 -1.355523 -1.633154
 -1.305756 -1.092182 -1.998901 -1.354546
 -1.225027 -1.104882 -1.609437 -1.742968
 -1.988924 -1.119891 -1.258041 -1.375823
 -1.360887 0.000100 0.000100 0.000100
 -1.332906 0.000100 0.000100 0.000100
 -1.367528 0.000100 0.000100 0.000100
 -1.491117 0.000100 0.000100 0.000100
 -1.537092 -1.223909 -1.232511 -1.612659
 -1.554289 -1.131267 -1.459663 -1.453625
 -1.355929 -1.035859 -1.490747 -1.819131
 -2.192930 -0.969026 -1.288969 -1.454986
 -1.649238 -1.283192 -1.035587 -1.739349
 -1.445959 -1.295409 -1.214660 -1.640499
 -1.608873 -1.184719 -1.244245 -1.580381
 -2.258954 -1.041698 -1.056893 -1.633981
 -1.379828 -1.363492 -1.382553 -1.420161
 -1.287820 -1.312190 -1.504756 -1.457460
 -1.382657 -1.088406 -1.452830 -1.723565
 -1.701841 -1.167806 -1.386934 -1.359600
 -1.137433 -0.994833 -19.692995 -1.172559
 -1.308646 -0.857715 -19.881618 -1.185202
 -1.046576 -0.878772 -19.657547 -1.454276
 -2.422375 -0.661933 -19.593039 -0.927766
 -19.756996 -19.756996 0.000000 -19.756996
 -20.252365 -20.252365 0.000000 -20.252365
 -1.386294 -1.386294 -1.386294 -1.386294
 -19.925669 -19.925669 0.000000 -19.925669
 -1.386294 -1.386294 -1.386294 -1.386294
 -1.386294 -1.386294 -1.386294 -1.386294
 -21.098513 -21.098513 -21.098513 0.000000
 -1.386294 -1.386294 -1.386294 -1.386294
 -1.386294 -1.386294 -1.386294 -1.386294
 -1.386294 -1.386294 -1.386294 -1.386294
 -1.386294 -1.386294 -1.386294 -1.386294
 -2.074554 -0.834128 -1.473419 -1.555926
 -2.012635 -0.853664 -1.825414 -1.275250
 -1.360907 -1.452946 -1.200377 -1.567284
 -1.678103 -1.179623 -1.097443 -1.759364
 -2.394871 -1.045315 -1.155773 -1.417082
 -1.030357 -1.164510 -19.438662 -1.105501
 -1.026739 -1.101207 -19.893452 -1.173258
 -0.972617 -1.002431 -19.873932 -1.366799
 -1.572972 -0.789525 -19.567322 -1.083196
 -1.513615 -1.262384 -1.236475 -1.577443
 -1.575935 -1.164752 -1.468919 -1.382255
 -1.386294 -1.386294 -1.386294 -1.386294
 -2.129436 -1.010363 -1.305090 -1.402990
 -1.594395 -1.345611 -1.106801 -1.580009
 -1.380159 -1.375278 -1.214777 -1.614873
 -1.414668 -1.187183 -1.216605 -1.859953
 -2.191270 -1.135013 -1.043843 -1.538476
 -1.309990 -1.392172 -1.458390 -1.390175
 -1.323269 -1.379615 -1.443520 -1.402562
 -1.234505 -1.255508 -1.433897 -1.683558
 -1.973696 -1.113820 -1.330842 -1.314902
 -1.513220 -1.272111 -1.217776 -1.591238
 -1.517296 -1.156117 -1.463324 -1.450195
 -1.307357 -1.090057 -1.512161 -1.755414
 -2.120293 -0.996005 -1.301438 -1.433338
 -1.634690 -1.274311 -1.106406 -1.636716
 -1.380647 -1.326859 -1.257675 -1.614648
 -1.437335 -1.101642 -1.308219 -1.833744
 -2.147503 -1.062064 -1.136782 -1.529549
 -1.331140 -1.402994 -1.450727 -1.364281
 -1.338369 -1.388182 -1.467838 -1.355668
 -1.257984 -1.232532 -1.452342 -1.659686
 -1.918184 -1.148659 -1.313313 -1.319994
