 -1.317375 0.000100 0.000100 0.000100
 -1.354957 0.000100 0.000100 0.000100
 -1.521238 0.000100 0.000100 0.000100
 -1.363504 0.000100 0.000100 0.000100
 -1.166435 -1.545924 -1.508184 -1.370034
 -1.332451 -1.527760 -1.508342 -1.211091
 -1.088613 -1.182431 -1.859316 -1.604425
 -1.954530 -1.373501 -1.292156 -1.107233
 -1.267578 -1.297884 -1.622123 -1.394733
 -1.346729 -1.381820 -1.769585 -1.144492
 -1.083798 -1.391282 -1.692386 -1.474663
 -1.879866 -1.406579 -1.135427 -1.268958
 -1.098613 -1.331544 -2.110211 -1.268031
 -1.287854 -1.514912 -1.554917 -1.227230
 -1.230731 -1.118613 -1.940970 -1.437067
 -1.462280 -1.346449 -1.330944 -1.410987
 -1.060440 -1.471539 -1.698928 -1.421942
 -1.463586 -1.638790 -1.576914 -1.000302
 -1.030790 -1.335001 -1.963608 -1.428091
 -1.901277 -1.357663 -1.357663 -1.090348
 -1.284245 -1.378064 -1.597117 -1.314551
 -1.202409 -1.554629 -1.723705 -1.171638
 -1.297463 -0.960992 -2.164961 -1.471816
 -1.639179 -1.435084 -1.178655 -1.346792
 -1.000974 -1.192641 -2.159482 -1.543298
 -1.236302 -1.373923 -1.723596 -1.280105
 -1.067841 -0.994816 -1.890198 -1.999397
 -1.859581 -1.402824 -1.338285 -1.090449
 -1.312186 -1.038894 -2.193384 -1.326575
 -1.477809 -1.494616 -1.834484 -0.947182
 -1.201930 -1.104767 -1.692552 -1.692552
 -1.778513 -1.544899 -1.305227 -1.059392
 -1.205510 -0.973179 -2.121799 -1.595707
 -1.490338 -1.422516 -1.749199 -1.022530
 -1.349927 -0.928714 -1.868719 -1.653608
 -1.441557 -1.553674 -1.200395 -1.382717
 -0.894785 -1.094274 -2.302583 -1.854559
 -1.505959 -1.822295 -1.594512 -0.883017
 -0.896927 -1.076513 -2.191651 -1.968508
 -1.613684 -1.592630 -1.173373 -1.244324
 -1.252763 -0.838788 -2.143734 -1.802809
 -1.672521 -1.770159 -2.101516 -0.654599
 -1.041455 -1.128466 -2.140064 -1.580450
 -1.349329 -1.433412 -1.242357 -1.544638
 -1.027154 -1.004426 -2.315005 -1.731861
 -1.318045 -1.643467 -1.957124 -0.921883
 -1.197284 -1.112127 -1.912902 -1.507438
 -1.443923 -1.589635 -1.078810 -1.514127
 -1.083518 -0.997444 -2.353276 -1.620910
 -1.656155 -1.613595 -1.771224 -0.821359
 -0.955512 -1.178655 -1.951843 -1.797693
 -1.329136 -1.429219 -1.345136 -1.446919
 -1.165435 -1.061295 -2.481109 -1.352646
 -1.394199 -1.426460 -1.776133 -1.071427
 -0.913008 -1.286211 -1.932836 -1.728043
 -1.394593 -1.481604 -1.198479 -1.499954
 -1.164656 -1.176777 -2.149508 -1.335001
 -1.063106 -1.492101 -2.051716 -1.199965
 -1.183354 -1.163151 -1.707877 -1.609437
 -1.493540 -1.456499 -1.304949 -1.304949
 -1.159468 -1.183278 -2.168130 -1.325453
 -1.230382 -1.149256 -1.996552 -1.365927
 -1.042524 -1.288656 -2.341802 -1.288656
 -1.873878 -1.552971 -1.280105 -1.030450
 -1.222970 -1.013620 -2.181222 -1.470377
 -1.142885 -1.180626 -1.687186 -1.666133
 -1.346021 -1.372689 -1.892562 -1.091787
 -2.276315 -1.352646 -1.529103 -0.862624
 -1.278198 -1.126392 -1.987873 -1.346020
 -1.252763 -1.265666 -1.677646 -1.404779
 -1.252763 -1.275753 -1.571216 -1.481604
 -2.444233 -1.210282 -1.375037 -1.015382
 -1.168993 -1.233532 -2.192379 -1.250339
 -1.307963 -1.307963 -1.609437 -1.349927
 -1.222665 -1.321756 -1.758969 -1.321756
 -2.450218 -1.197458 -1.533930 -0.926144
 -1.424761 -1.331235 -2.098488 -0.987139
 -1.582667 -1.183512 -1.475422 -1.348267
 -1.356081 -1.287088 -1.726453 -1.243603
 -2.583095 -1.161713 -1.422928 -0.992893
 -1.074943 -1.621486 -1.982498 -1.129010
 -1.544197 -1.324569 -1.616956 -1.132902
 -1.266672 -1.209513 -1.764509 -1.391834
 -2.052772 -1.333651 -1.308333 -1.085190
 -1.270155 -1.552006 -2.177709 -0.931180
 -1.289445 -1.532006 -1.880312 -1.033015
 -1.319086 -1.424446 -1.675760 -1.188058
 -1.963609 -1.270463 -1.525355 -1.017761
 -14.566929 -0.000001 -14.566929 -14.566929
 -14.599414 -0.000001 -14.599414 -14.599414
 -14.260199 -0.000002 -14.260199 -14.260199
 -14.991085 -0.000001 -14.991085 -14.991085
 -1.386294 -1.386294 -1.386294 -1.386294
 -16.024883 -0.000000 -16.024883 -16.024883
 -1.386294 -1.386294 -1.386294 -1.386294
 -1.386294 -1.386294 -1.386294 -1.386294
 -1.386294 -1.386294 -1.386294 -1.386294
 -0.000000 -16.024883 -16.024883 -16.024883
 -1.386294 -1.386294 -1.386294 -1.386294
 -1.386294 -1.386294 -1.386294 -1.386294
 -16.024883 -16.024883 -0.000000 -16.024883
 -1.386294 -1.386294 -1.386294 -1.386294
 -1.386294 -1.386294 -1.386294 -1.386294
 -1.386294 -1.386294 -1.386294 -1.386294
 -1.386294 -1.386294 -1.386294 -1.386294
 -1.386294 -1.386294 -1.386294 -1.386294
 -1.242389 -1.477005 -1.148116 -1.797263
 -1.386294 -1.386294 -1.386294 -1.386294
 -1.640328 -1.241421 -2.045792 -0.947182
 -1.699951 -1.243194 -1.466337 -1.210404
 -1.492039 -1.112550 -1.905226 -1.212080
 -2.072838 -1.085455 -1.210618 -1.433761
 -1.110241 -1.164308 -1.934414 -1.542373
 -1.379227 -1.164570 -1.671615 -1.393412
 -1.351609 -1.092748 -1.701810 -1.498212
 -1.942419 -1.011601 -1.379326 -1.421885
 -1.338179 0.000100 0.000100 0.000100
 -1.278037 0.000100 0.000100 0.000100
 -1.439229 0.000100 0.000100 0.000100
 -1.505154 0.000100 0.000100 0.000100
 -1.450977 -1.290395 -1.257960 -1.578601
 -1.367956 -1.164168 -1.499208 -1.561200
 -1.346247 -1.153118 -1.452730 -1.659663
 -2.148653 -1.021283 -1.249578 -1.441383
 -1.338768 -1.346658 -1.346658 -1.525027
 -1.237184 -1.297420 -1.421747 -1.633364
 -1.274137 -1.226969 -1.427892 -1.674863
 -2.053369 -1.063391 -1.229452 -1.452595
 -1.249675 -1.398511 -1.462678 -1.448926
 -1.214885 -1.397470 -1.452589 -1.504760
 -1.139988 -1.261327 -1.541997 -1.698566
 -1.979423 -1.111605 -1.311441 -1.334123
 -1.405114 -1.317528 -1.244324 -1.615814
 -1.334379 -1.255670 -1.469937 -1.505738
 -1.321576 -1.164210 -1.442180 -1.689000
 -2.192173 -0.978721 -1.266403 -1.466675
 -1.354137 -1.391840 -1.282745 -1.532766
 -1.291991 -1.297378 -1.399668 -1.583037
 -1.288895 -1.236252 -1.363126 -1.725443
 -2.074841 -1.072115 -1.226927 -1.431511
 -1.304094 -1.368748 -1.423073 -1.455928
 -1.254247 -1.368657 -1.516611 -1.423761
 -1.254043 -1.215196 -1.450819 -1.694880
 -1.915287 -1.115114 -1.327501 -1.348291
 -1.418801 -1.318629 -1.236017 -1.609662
 -1.396430 -1.171170 -1.458635 -1.560821
 -1.362310 -1.114202 -1.483701 -1.666232
 -2.198469 -0.985568 -1.295723 -1.418404
 -1.348138 -1.310659 -1.337144 -1.570026
 -1.289883 -1.282146 -1.391296 -1.616950
 -1.291691 -1.209538 -1.461171 -1.635297
 -2.042842 -1.102672 -1.202713 -1.435571
 -1.297797 -1.382076 -1.426060 -1.445804
 -1.249476 -1.373019 -1.430447 -1.510490
 -1.232677 -1.224434 -1.472130 -1.686706
 -1.946455 -1.124559 -1.302194 -1.345189
 -1.440213 -1.274460 -1.260242 -1.609660
 -1.363138 -1.151526 -1.485810 -1.601121
 -1.392356 -1.093049 -1.488509 -1.657531
 -2.174904 -1.001759 -1.260400 -1.445588
 -1.371295 -1.340959 -1.308619 -1.539750
 -1.293044 -1.234076 -1.424021 -1.641351
 -1.284202 -1.245416 -1.388755 -1.682429
 -2.110144 -1.031380 -1.214473 -1.489885
 -1.303083 -1.396302 -1.414668 -1.436366
 -1.180371 -1.479701 -1.424357 -1.494029
 -1.188530 -1.248754 -1.468874 -1.724375
 -1.992523 -1.137934 -1.281101 -1.326377
 -1.461545 -1.306334 -1.213120 -1.609223
 -1.357604 -1.194178 -1.494563 -1.535148
 -1.316473 -1.148428 -1.434900 -1.733603
 -2.202044 -0.986921 -1.265367 -1.450024
 -1.345493 -1.305817 -1.418159 -1.485107
 -1.295676 -1.214568 -1.463451 -1.619424
 -1.326837 -1.179636 -1.386949 -1.729021
 -2.031673 -1.068291 -1.239791 -1.444585
 -1.224391 -1.370783 -1.478011 -1.495822
 -1.212785 -1.368716 -1.458466 -1.534304
 -1.159449 -1.253894 -1.547404 -1.670515
 -1.931220 -1.115471 -1.357393 -1.309567
 -1.407142 -1.359294 -1.229561 -1.580390
 -1.425687 -1.167780 -1.463820 -1.526711
 -1.352866 -1.118620 -1.469113 -1.689338
 -2.207228 -0.975568 -1.285846 -1.441383
 -1.346089 -1.311552 -1.337094 -1.571494
 -1.261078 -1.187016 -1.478836 -1.694896
 -1.339234 -1.149385 -1.409668 -1.732184
 -2.025841 -1.049093 -1.206573 -1.520325
 -1.310240 -1.411057 -1.483017 -1.349356
 -1.162201 -1.439225 -1.522807 -1.461049
 -1.206572 -1.194746 -1.554259 -1.678510
 -1.840404 -1.123684 -1.393603 -1.316816
 -1.471546 -1.302306 -1.241454 -1.562736
 -1.439877 -1.196587 -1.491170 -1.445154
 -1.320809 -1.117733 -1.539940 -1.651997
 -2.250929 -1.005748 -1.276152 -1.387021
 -1.319274 -1.405281 -1.326334 -1.505422
 -1.301206 -1.372518 -1.388278 -1.492436
 -1.312154 -1.280171 -1.366963 -1.620039
 -2.047310 -1.144549 -1.175471 -1.411089
 -1.399679 -1.491338 -1.256450 -1.412270
 -1.335792 -1.556170 -1.275912 -1.398644
 -1.374288 -1.327654 -1.269430 -1.604998
 -1.682877 -1.406956 -1.276038 -1.237416
 -17.558878 0.000000 -17.558878 -17.558878
 -17.546251 0.000000 -17.546251 -17.546251
 -17.719299 0.000000 -17.719299 -17.719299
 -17.575781 0.000000 -17.575781 -17.575781
 -1.386294 -1.386294 -1.386294 -1.386294
 -18.988831 0.000000 -18.988831 -18.988831
 -1.386294 -1.386294 -1.386294 -1.386294
 -1.386294 -1.386294 -1.386294 -1.386294
 -1.386294 -1.386294 -1.386294 -1.386294
 0.000000 -18.988831 -18.988831 -18.988831
 -1.386294 -1.386294 -1.386294 -1.386294
 -1.386294 -1.386294 -1.386294 -1.386294
 -18.988831 -18.988831 0.000000 -18.988831
 -1.386294 -1.386294 -1.386294 -1.386294
 -1.386294 -1.386294 -1.386294 -1.386294
 -1.386294 -1.386294 -1.386294 -1.386294
 -1.386294 -1.386294 -1.386294 -1.386294
 -1.386294 -1.386294 -1.386294 -1.386294
 -1.309648 -1.096123 -1.485442 -1.774794
 -1.386294 -1.386294 -1.386294 -1.386294
 -1.235388 -1.344365 -1.423066 -1.572149
 -1.217859 -1.355903 -1.606560 -1.403050
 -1.218932 -1.242060 -1.539611 -1.603450
 -1.763421 -1.004275 -1.449764 -1.480135
 -1.342492 -1.342492 -1.302813 -1.580628
 -1.366539 -1.266120 -1.509278 -1.418738
 -1.311526 -1.127298 -1.497671 -1.698087
 -2.124264 -1.028499 -1.287377 -1.398602
