 -1.247958 0.000100 0.000100 0.000100
 -1.560556 0.000100 0.000100 0.000100
 -1.369102 0.000100 0.000100 0.000100
 -1.392092 0.000100 0.000100 0.000100
 -1.266277 -1.242747 -1.745849 -1.366360
 -1.080431 -1.555853 -2.126395 -1.107830
 -1.356441 -1.245216 -1.624705 -1.356441
 -1.915371 -1.425825 -1.222227 -1.146241
 -1.145133 -1.327454 -1.704747 -1.448815
 -1.294357 -1.609437 -1.727220 -1.055128
 -1.302525 -1.233532 -1.638996 -1.415853
 -1.785069 -1.708108 -1.153799 -1.091924
 -1.417066 -1.032655 -1.838278 -1.417066
 -1.282616 -1.888749 -1.521026 -1.041455
 -1.031361 -1.377636 -1.449095 -1.854558
 -1.629240 -1.504077 -1.292769 -1.180291
 -1.223776 -1.151455 -1.777159 -1.511457
 -1.045369 -2.212969 -1.961656 -0.920206
 -1.142673 -1.090029 -1.757856 -1.757856
 -1.500486 -1.676376 -1.105833 -1.350955
 -1.392852 -1.079195 -1.894942 -1.341559
 -1.338285 -1.913647 -1.585145 -0.953875
 -1.176322 -1.581786 -1.453953 -1.376992
 -1.485993 -1.552685 -1.364633 -1.182312
 -1.113651 -1.286922 -2.125248 -1.286922
 -1.394593 -1.660295 -2.023199 -0.844548
 -1.216396 -1.044546 -2.379540 -1.349927
 -1.754018 -1.466337 -0.972319 -1.523495
 -0.998530 -1.201470 -1.894615 -1.712294
 -1.234279 -1.762344 -1.853316 -0.966015
 -1.004204 -1.149385 -1.842530 -1.842530
 -1.406362 -1.685074 -1.046989 -1.520772
 -1.175574 -0.913210 -2.197222 -1.720299
 -1.634130 -1.867743 -1.554087 -0.823202
 -1.011602 -1.368276 -1.992427 -1.404643
 -1.354546 -1.729238 -1.156721 -1.386294
 -1.294727 -0.856473 -2.093232 -1.725509
 -1.762344 -1.678963 -1.902106 -0.708187
 -1.088461 -1.088461 -2.187067 -1.540444
 -1.285198 -1.857716 -1.077560 -1.483024
 -1.349927 -0.993253 -1.909541 -1.504077
 -1.400479 -1.911303 -2.122611 -0.721722
 -1.078205 -1.048352 -1.866658 -1.866658
 -1.064711 -1.480226 -1.450373 -1.644529
 -1.138618 -0.856052 -2.465483 -1.772340
 -1.631416 -1.595049 -2.036879 -0.752868
 -0.716680 -1.621133 -2.151757 -1.621133
 -1.242255 -2.065453 -0.948495 -1.623622
 -1.061572 -0.991368 -2.503950 -1.603168
 -1.418043 -1.716535 -2.367118 -0.724897
 -1.098613 -1.037989 -2.079437 -1.673975
 -1.386294 -1.616817 -1.223776 -1.357307
 -1.335001 -0.896747 -2.625979 -1.360319
 -1.528857 -1.351927 -2.018403 -0.937494
 -0.680246 -1.778854 -1.858896 -1.778854
 -1.771555 -1.694595 -1.098613 -1.161792
 -1.216396 -0.993253 -2.420363 -1.408767
 -1.127812 -1.408113 -2.101258 -1.173274
 -0.984500 -1.419817 -1.419817 -1.945907
 -1.453434 -1.992428 -0.993902 -1.348073
 -1.073134 -1.214784 -2.098984 -1.432507
 -1.288839 -1.347680 -2.010971 -1.106518
 -1.071214 -1.546636 -1.791758 -1.280934
 -1.724317 -1.458615 -1.363305 -1.098613
 -1.126012 -1.026921 -2.512300 -1.441864
 -1.299283 -1.327454 -1.838278 -1.193923
 -1.247033 -1.374866 -1.521469 -1.421386
 -1.979356 -1.286211 -1.310309 -1.152680
 -1.401798 -1.284016 -2.034318 -1.060873
 -1.152680 -1.310309 -1.691675 -1.468532
 -1.441557 -1.588160 -1.488077 -1.098613
 -2.330752 -1.232144 -0.980830 -1.443453
 -1.227230 -1.319603 -2.674139 -0.992391
 -1.166054 -1.430746 -1.982812 -1.166054
 -1.455287 -1.290985 -1.791758 -1.123931
 -2.204142 -1.263162 -0.987751 -1.450373
 -1.361803 -1.082219 -2.598558 -1.106912
 -1.461518 -1.263692 -2.094037 -1.015232
 -1.570597 -1.118614 -2.130209 -1.059774
 -2.073169 -1.405342 -1.197704 -1.117661
 -1.348554 -1.553348 -2.564941 -0.794245
 -1.386294 -1.691675 -1.656584 -0.980830
 -1.020362 -1.746295 -1.889395 -1.158511
 -2.403557 -1.150799 -1.620801 -0.927655
 -13.928843 -13.928843 -13.928843 -0.000003
 -14.006134 -14.006134 -14.006134 -0.000002
 -13.652996 -13.652996 -13.652996 -0.000004
 -14.513647 -14.513647 -14.513647 -0.000001
 -1.386294 -1.386294 -1.386294 -1.386294
 -1.386294 -1.386294 -1.386294 -1.386294
 -1.386294 -1.386294 -1.386294 -1.386294
 -15.462245 -15.462245 -0.000001 -15.462245
 -1.386294 -1.386294 -1.386294 -1.386294
 -1.386294 -1.386294 -1.386294 -1.386294
 -15.462245 -0.000001 -15.462245 -15.462245
 -1.386294 -1.386294 -1.386294 -1.386294
 -1.386294 -1.386294 -1.386294 -1.386294
 -0.000001 -15.462245 -15.462245 -15.462245
 -1.386294 -1.386294 -1.386294 -1.386294
 -1.386294 -1.386294 -1.386294 -1.386294
 -15.462245 -15.462245 -0.000001 -15.462245
 -1.386294 -1.386294 -1.386294 -1.386294
 -1.386294 -1.386294 -1.386294 -1.386294
 -1.386294 -1.386294 -1.386294 -1.386294
 -1.386294 -1.386294 -1.386294 -1.386294
 -1.386294 -1.386294 -1.386294 -1.386294
 -1.042418 -1.579075 -1.392092 -1.646733
 -1.386294 -1.386294 -1.386294 -1.386294
 -1.359339 -1.425296 -1.775498 -1.098613
 -1.207094 -1.628305 -1.453953 -1.305533
 -1.563975 -0.967993 -2.026596 -1.276294
 -1.897117 -1.347074 -0.967585 -1.560647
 -1.269430 -1.184873 -1.851350 -1.361803
 -1.358124 -1.278081 -1.358124 -1.574346
 -1.377326 -1.243795 -1.451433 -1.490654
 -1.694595 -1.276861 -1.435084 -1.206243
 -1.436433 0.000100 0.000100 0.000100
 -1.319700 0.000100 0.000100 0.000100
 -1.433290 0.000100 0.000100 0.000100
 -1.360677 0.000100 0.000100 0.000100
 -1.391555 -1.279885 -1.253813 -1.672229
 -1.306467 -1.320356 -1.377926 -1.560248
 -1.473686 -1.097567 -1.403172 -1.653272
 -2.139580 -1.157718 -1.054838 -1.514835
 -1.271978 -1.322621 -1.389761 -1.588889
 -1.198122 -1.489515 -1.344433 -1.550837
 -1.288185 -1.208388 -1.364507 -1.771698
 -1.973343 -1.117235 -1.245410 -1.402414
 -1.266462 -1.391165 -1.426954 -1.472511
 -1.280753 -1.310507 -1.510432 -1.462423
 -1.173672 -1.257054 -1.582219 -1.605639
 -1.933832 -1.203568 -1.288006 -1.274877
 -1.434508 -1.281510 -1.288455 -1.568040
 -1.347074 -1.343583 -1.379048 -1.481604
 -1.371416 -1.274956 -1.271132 -1.680421
 -2.067720 -1.158233 -1.124672 -1.449333
 -1.343360 -1.410200 -1.382926 -1.410200
 -1.183534 -1.461628 -1.319546 -1.636345
 -1.242190 -1.245263 -1.355764 -1.797979
 -2.102972 -1.247544 -1.033347 -1.448665
 -1.399262 -1.352195 -1.314596 -1.487369
 -1.217705 -1.456239 -1.536962 -1.362786
 -1.182226 -1.251427 -1.533930 -1.652230
 -2.025246 -1.133099 -1.332100 -1.265556
 -1.491326 -1.465350 -1.077127 -1.592795
 -1.369060 -1.306322 -1.309706 -1.585035
 -1.346351 -1.232592 -1.265381 -1.794899
 -2.362548 -1.144075 -1.055127 -1.430650
 -1.204763 -1.539655 -1.349081 -1.485879
 -1.222155 -1.451434 -1.285268 -1.636837
 -1.350619 -1.219427 -1.353739 -1.675322
 -1.958256 -1.131034 -1.161925 -1.499181
 -1.306858 -1.464043 -1.414240 -1.366801
 -1.264987 -1.403260 -1.667146 -1.261681
 -1.195832 -1.220149 -1.596802 -1.610347
 -1.983135 -1.054531 -1.479414 -1.250938
 -1.441557 -1.373667 -1.181102 -1.592957
 -1.431484 -1.334460 -1.314121 -1.473880
 -1.503495 -1.164782 -1.262707 -1.699523
 -2.137120 -1.165711 -1.019251 -1.563320
 -1.213801 -1.582898 -1.336224 -1.449367
 -1.168801 -1.334825 -1.355096 -1.782995
 -1.343053 -1.211090 -1.321347 -1.746952
 -1.928042 -1.096211 -1.190443 -1.530875
 -1.405788 -1.450061 -1.454185 -1.249390
 -1.351732 -1.401742 -1.543154 -1.268211
 -1.284067 -1.195119 -1.527345 -1.593014
 -1.875029 -1.190321 -1.461196 -1.169356
 -1.579707 -1.318898 -1.131402 -1.589860
 -1.322681 -1.340195 -1.308888 -1.601147
 -1.435531 -1.267395 -1.236142 -1.661025
 -2.124317 -1.135706 -1.068265 -1.533930
 -1.216547 -1.439690 -1.347167 -1.576141
 -1.132635 -1.490091 -1.400479 -1.579947
 -1.265445 -1.220367 -1.352718 -1.806502
 -1.975800 -1.138668 -1.201930 -1.425073
 -1.183334 -1.529611 -1.408004 -1.458895
 -1.307683 -1.375204 -1.405057 -1.463553
 -1.186483 -1.270404 -1.534790 -1.617028
 -1.876170 -1.067954 -1.529299 -1.250275
 -1.519692 -1.421654 -1.004583 -1.750374
 -1.357917 -1.368807 -1.278152 -1.561400
 -1.386294 -1.198242 -1.339970 -1.679740
 -2.258782 -1.219733 -1.011868 -1.441073
 -1.344330 -1.335239 -1.381544 -1.491655
 -1.094943 -1.470635 -1.499035 -1.549679
 -1.252763 -1.326871 -1.338776 -1.677646
 -1.832271 -1.186752 -1.116135 -1.574090
 -1.231613 -1.397509 -1.569360 -1.375204
 -1.298336 -1.389142 -1.554124 -1.322941
 -1.305959 -1.132448 -1.578551 -1.606590
 -1.788129 -1.214125 -1.368276 -1.268646
 -1.706701 -1.375620 -1.118317 -1.431190
 -1.416392 -1.473551 -1.307704 -1.355332
 -1.484813 -1.263692 -1.263692 -1.569074
 -2.212399 -1.154354 -1.003850 -1.566209
 -1.411511 -1.364259 -1.531312 -1.257361
 -1.187062 -1.243504 -1.743634 -1.462623
 -1.189126 -1.142846 -1.648659 -1.691218
 -1.842938 -1.003500 -1.569050 -1.321214
 -16.157316 -16.157316 -16.157316 -0.000000
 -16.334013 -16.334013 -16.334013 -0.000000
 -15.876024 -15.876024 -15.876024 -0.000000
 -16.058346 -16.058346 -16.058346 -0.000000
 -1.386294 -1.386294 -1.386294 -1.386294
 -1.386294 -1.386294 -1.386294 -1.386294
 -1.386294 -1.386294 -1.386294 -1.386294
 -17.506388 -17.506388 -0.000000 -17.506388
 -1.386294 -1.386294 -1.386294 -1.386294
 -1.386294 -1.386294 -1.386294 -1.386294
 -17.506388 0.000000 -17.506388 -17.506388
 -1.386294 -1.386294 -1.386294 -1.386294
 -1.386294 -1.386294 -1.386294 -1.386294
 0.000000 -17.506388 -17.506388 -17.506388
 -1.386294 -1.386294 -1.386294 -1.386294
 -1.386294 -1.386294 -1.386294 -1.386294
 -17.506388 -17.506388 -0.000000 -17.506388
 -1.386294 -1.386294 -1.386294 -1.386294
 -1.386294 -1.386294 -1.386294 -1.386294
 -1.386294 -1.386294 -1.386294 -1.386294
 -1.386294 -1.386294 -1.386294 -1.386294
 -1.386294 -1.386294 -1.386294 -1.386294
 -1.174795 -1.205971 -1.474940 -1.814471
 -1.386294 -1.386294 -1.386294 -1.386294
 -1.181081 -1.454826 -1.371859 -1.579989
 -1.168499 -1.399717 -1.630491 -1.399717
 -1.094260 -1.158147 -1.851294 -1.639324
 -1.719403 -1.144039 -1.418982 -1.345779
 -1.450323 -1.393970 -1.198606 -1.533390
 -1.347287 -1.405912 -1.275215 -1.534603
 -1.371134 -1.140610 -1.312690 -1.848572
 -2.056350 -1.206572 -1.071183 -1.468564
