 -1.256019 0.000100 0.000100 0.000100
 -1.366976 0.000100 0.000100 0.000100
 -1.452134 0.000100 0.000100 0.000100
 -1.486036 0.000100 0.000100 0.000100
 -1.154966 -1.437828 -1.627871 -1.381739
 -1.217672 -1.640528 -1.516914 -1.235064
 -1.132514 -1.431757 -1.479385 -1.555370
 -1.826850 -1.521469 -1.116005 -1.227230
 -1.084627 -1.469472 -1.647720 -1.429466
 -1.171372 -1.675927 -1.558144 -1.229641
 -1.154493 -1.302913 -1.718427 -1.453735
 -1.565635 -1.519115 -1.277953 -1.225768
 -1.181994 -1.390749 -1.587459 -1.427116
 -1.213543 -1.553868 -1.638425 -1.213543
 -1.305326 -1.160745 -1.646251 -1.501070
 -1.463058 -1.342914 -1.552006 -1.218862
 -1.234158 -1.127186 -1.805943 -1.511144
 -1.299283 -1.822530 -1.650680 -0.984203
 -1.000375 -1.214784 -2.047690 -1.577689
 -2.017367 -1.945909 -0.791418 -1.305873
 -1.406497 -1.108663 -1.771956 -1.366492
 -1.456912 -1.559566 -1.874646 -0.907805
 -1.195005 -1.195005 -1.609437 -1.636836
 -1.648658 -1.367246 -1.348554 -1.226664
 -1.218414 -1.098613 -1.893541 -1.512174
 -1.262242 -1.572396 -2.024380 -0.974560
 -1.092056 -1.239691 -1.691675 -1.656584
 -1.604882 -1.517870 -1.019624 -1.517870
 -1.203973 -0.990399 -2.014901 -1.633535
 -1.356441 -1.574695 -1.887068 -0.957534
 -1.086418 -1.123459 -2.049226 -1.567389
 -1.376244 -1.650680 -1.193923 -1.376244
 -1.400088 -1.019624 -1.627871 -1.627871
 -1.321756 -1.683545 -1.913119 -0.916291
 -1.196805 -1.063274 -1.889950 -1.602269
 -1.411485 -1.614425 -1.113651 -1.474663
 -1.260254 -0.985817 -1.902106 -1.639743
 -1.664314 -1.772527 -2.069778 -0.664438
 -1.417843 -1.130161 -1.680206 -1.392525
 -1.208961 -1.837568 -1.225768 -1.391282
 -1.129865 -1.178655 -2.500407 -1.247648
 -1.506658 -1.900561 -1.833870 -0.757000
 -1.170072 -0.951383 -1.932209 -1.841238
 -1.211091 -1.721915 -1.285198 -1.399143
 -1.094098 -0.909527 -2.507787 -1.709283
 -1.797120 -1.704747 -2.012231 -0.656399
 -1.106160 -0.998530 -1.999975 -1.799305
 -1.386294 -1.600704 -1.286211 -1.302211
 -1.233532 -0.897060 -2.383434 -1.566676
 -1.414203 -1.600305 -2.126396 -0.830619
 -0.908260 -1.264934 -2.047690 -1.684786
 -1.223776 -1.814643 -1.390830 -1.223776
 -1.010506 -1.098613 -2.538970 -1.497520
 -1.267953 -1.796796 -1.796796 -0.949500
 -0.903444 -1.618095 -1.980999 -1.352393
 -1.360092 -1.431551 -1.549334 -1.230880
 -1.234489 -1.019832 -2.501433 -1.322781
 -1.375599 -1.512174 -1.791758 -1.021055
 -1.134015 -1.343735 -1.609437 -1.526056
 -1.604983 -1.268512 -1.368595 -1.334109
 -1.427116 -1.108663 -2.040219 -1.203973
 -1.395344 -1.359626 -1.739115 -1.139998
 -1.003997 -1.617100 -1.784153 -1.319849
 -1.878770 -1.332227 -1.264405 -1.200891
 -1.283110 -1.071802 -2.575873 -1.189584
 -1.123184 -1.499235 -1.716957 -1.302525
 -1.190550 -1.665007 -1.500704 -1.259543
 -2.446682 -1.193923 -1.208311 -1.165752
 -1.202153 -1.297463 -2.213751 -1.149044
 -1.504077 -1.255182 -1.504077 -1.307367
 -1.446919 -1.269238 -1.698233 -1.201797
 -2.088329 -1.186429 -1.549334 -1.026086
 -1.214126 -1.255798 -2.110211 -1.214126
 -1.255028 -1.548015 -1.684590 -1.149668
 -1.194627 -1.459319 -1.820331 -1.194627
 -1.958435 -1.167309 -1.514505 -1.115350
 -1.413106 -1.252763 -2.408530 -0.965082
 -1.396245 -1.644706 -1.644706 -1.004203
 -1.256420 -1.309063 -1.587776 -1.423473
 -2.188958 -1.357663 -1.295142 -1.030450
 -1.349927 -1.476678 -1.909541 -1.010060
 -1.428854 -1.450833 -1.961657 -0.953431
 -1.484275 -1.118816 -1.919591 -1.203973
 -1.968811 -1.025853 -1.436595 -1.331235
 -1.025854 -1.380025 -2.360850 -1.218757
 -1.063827 -1.613872 -2.162436 -1.076730
 -1.580450 -1.105993 -2.022280 -1.105993
 -2.146131 -1.182696 -1.642227 -0.959552
 -14.467837 -14.467837 -14.467837 -0.000002
 -14.538218 -14.538218 -14.538218 -0.000001
 -13.883173 -13.883173 -13.883173 -0.000003
 -14.786291 -14.786291 -14.786291 -0.000001
 -1.386294 -1.386294 -1.386294 -1.386294
 -1.386294 -1.386294 -1.386294 -1.386294
 -1.386294 -1.386294 -1.386294 -1.386294
 -15.855432 -0.000000 -15.855432 -15.855432
 -1.386294 -1.386294 -1.386294 -1.386294
 -0.000000 -15.855432 -15.855432 -15.855432
 -1.386294 -1.386294 -1.386294 -1.386294
 -1.386294 -1.386294 -1.386294 -1.386294
 -15.855432 -15.855432 -0.000000 -15.855432
 -1.386294 -1.386294 -1.386294 -1.386294
 -1.386294 -1.386294 -1.386294 -1.386294
 -1.386294 -1.386294 -1.386294 -1.386294
 -1.386294 -1.386294 -1.386294 -1.386294
 -1.386294 -1.386294 -1.386294 -1.386294
 -1.246928 -1.474607 -1.156153 -1.777556
 -1.386294 -1.386294 -1.386294 -1.386294
 -1.409179 -1.526961 -1.569521 -1.107704
 -1.432814 -1.432814 -1.278664 -1.409284
 -1.411400 -1.254831 -1.597117 -1.314551
 -1.923093 -1.129866 -1.341174 -1.312187
 -1.170072 -1.445483 -2.214613 -1.064711
 -1.225768 -1.474663 -1.519115 -1.352061
 -1.230540 -1.331636 -1.444114 -1.570865
 -1.614078 -1.084819 -1.568616 -1.367945
 -1.357442 0.000100 0.000100 0.000100
 -1.311940 0.000100 0.000100 0.000100
 -1.406028 0.000100 0.000100 0.000100
 -1.477227 0.000100 0.000100 0.000100
 -1.347768 -1.399474 -1.299671 -1.510352
 -1.319881 -1.364569 -1.421664 -1.443796
 -1.211330 -1.209281 -1.499354 -1.711952
 -2.077148 -1.119826 -1.238112 -1.353071
 -1.346906 -1.362597 -1.302402 -1.550775
 -1.211759 -1.333932 -1.468479 -1.567280
 -1.227643 -1.238681 -1.385126 -1.790007
 -2.075099 -1.091274 -1.201855 -1.435352
 -1.279431 -1.466738 -1.381793 -1.427116
 -1.182543 -1.437297 -1.427379 -1.532496
 -1.239378 -1.246333 -1.441700 -1.680111
 -1.905540 -1.156393 -1.300742 -1.330636
 -1.310559 -1.360407 -1.363746 -1.522925
 -1.295519 -1.366137 -1.470020 -1.421992
 -1.217828 -1.272234 -1.445564 -1.669667
 -2.045941 -1.101623 -1.260306 -1.367108
 -1.377500 -1.364302 -1.283068 -1.536898
 -1.287016 -1.290911 -1.443437 -1.547536
 -1.251268 -1.221384 -1.449616 -1.690778
 -2.119488 -1.040456 -1.222778 -1.460146
 -1.300018 -1.394520 -1.394520 -1.462877
 -1.165762 -1.411933 -1.497324 -1.509976
 -1.198878 -1.272470 -1.464123 -1.676389
 -1.991364 -1.124176 -1.254898 -1.372525
 -1.343640 -1.412555 -1.317776 -1.479044
 -1.330210 -1.340703 -1.460466 -1.419692
 -1.321067 -1.246959 -1.380186 -1.638660
 -2.001142 -1.166061 -1.198020 -1.380566
 -1.413693 -1.281634 -1.367708 -1.493954
 -1.265815 -1.373006 -1.390398 -1.534005
 -1.357806 -1.207317 -1.383723 -1.644376
 -2.025271 -1.106502 -1.190099 -1.456130
 -1.260373 -1.396671 -1.451607 -1.448856
 -1.202936 -1.396722 -1.414702 -1.564062
 -1.219634 -1.252905 -1.421589 -1.727896
 -1.870762 -1.109073 -1.328019 -1.381795
 -1.366046 -1.408122 -1.376119 -1.395427
 -1.318227 -1.351287 -1.463440 -1.418631
 -1.298673 -1.240024 -1.432524 -1.614334
 -2.034688 -1.117867 -1.266202 -1.345528
 -1.386612 -1.262644 -1.348026 -1.573002
 -1.246439 -1.313421 -1.403724 -1.620023
 -1.291121 -1.201477 -1.409040 -1.715298
 -2.073456 -1.051403 -1.177471 -1.529031
 -1.250713 -1.465075 -1.396447 -1.447471
 -1.179343 -1.451684 -1.437891 -1.509974
 -1.203689 -1.304221 -1.424231 -1.672178
 -1.945536 -1.176786 -1.274892 -1.311705
 -1.399249 -1.373506 -1.268698 -1.519586
 -1.306854 -1.400023 -1.438397 -1.404740
 -1.257584 -1.268211 -1.466037 -1.592155
 -2.030477 -1.148699 -1.208080 -1.374730
 -1.377461 -1.348977 -1.368706 -1.453117
 -1.312539 -1.252214 -1.408767 -1.606698
 -1.308591 -1.171091 -1.403053 -1.749128
 -2.226011 -0.976273 -1.209205 -1.528342
 -1.257033 -1.399159 -1.387278 -1.518937
 -1.212468 -1.369357 -1.410499 -1.588430
 -1.251322 -1.284112 -1.395276 -1.664884
 -1.965436 -1.105936 -1.289360 -1.372166
 -1.379101 -1.381397 -1.299764 -1.494450
 -1.348251 -1.380305 -1.362015 -1.458178
 -1.232821 -1.291415 -1.449885 -1.614188
 -2.143047 -1.143733 -1.209591 -1.325176
 -1.436550 -1.291042 -1.303855 -1.533468
 -1.309160 -1.216636 -1.520889 -1.536137
 -1.270214 -1.196251 -1.413315 -1.751187
 -2.131767 -0.992664 -1.242845 -1.504077
 -1.346824 -1.434176 -1.367001 -1.399366
 -1.168918 -1.413479 -1.519170 -1.482330
 -1.312060 -1.193303 -1.478715 -1.611507
 -1.877087 -1.158147 -1.279844 -1.367212
 -1.370053 -1.548469 -1.300063 -1.343930
 -1.258285 -1.514178 -1.482155 -1.314076
 -1.300833 -1.308829 -1.406320 -1.548740
 -2.027823 -1.185831 -1.209513 -1.329750
 -1.396709 -1.324507 -1.405632 -1.421117
 -1.365541 -1.188515 -1.549272 -1.479809
 -1.424523 -1.168822 -1.401997 -1.596823
 -2.077069 -1.011378 -1.248911 -1.495357
 -1.266671 -1.522196 -1.506498 -1.279002
 -1.204613 -1.520169 -1.517976 -1.338030
 -1.509988 -1.124325 -1.508621 -1.456713
 -1.645582 -1.159007 -1.453471 -1.348827
 -17.333601 -17.333601 -17.333601 -0.000000
 -17.386452 -17.386452 -17.386452 -0.000000
 -17.211695 -17.211695 -17.211695 -0.000000
 -17.355021 -17.355021 -17.355021 -0.000000
 -1.386294 -1.386294 -1.386294 -1.386294
 -1.386294 -1.386294 -1.386294 -1.386294
 -1.386294 -1.386294 -1.386294 -1.386294
 -18.710136 0.000000 -18.710136 -18.710136
 -1.386294 -1.386294 -1.386294 -1.386294
 0.000000 -18.710136 -18.710136 -18.710136
 -1.386294 -1.386294 -1.386294 -1.386294
 -1.386294 -1.386294 -1.386294 -1.386294
 -18.710136 -18.710136 0.000000 -18.710136
 -1.386294 -1.386294 -1.386294 -1.386294
 -1.386294 -1.386294 -1.386294 -1.386294
 -1.386294 -1.386294 -1.386294 -1.386294
 -1.386294 -1.386294 -1.386294 -1.386294
 -1.386294 -1.386294 -1.386294 -1.386294
 -1.352218 -1.074499 -1.566716 -1.654771
 -1.386294 -1.386294 -1.386294 -1.386294
 -1.199641 -1.459223 -1.479349 -1.433407
 -1.157074 -1.373442 -1.506602 -1.557323
 -1.194927 -1.258518 -1.495328 -1.665879
 -1.790585 -1.042630 -1.425030 -1.426659
 -1.317426 -1.539822 -1.284090 -1.423562
 -1.244034 -1.445550 -1.452551 -1.418025
 -1.255896 -1.247836 -1.506880 -1.577679
 -1.898831 -1.226446 -1.250032 -1.307752
