 -1.328830 0.000100 0.000100 0.000100
 -1.365872 0.000100 0.000100 0.000100
 -1.578291 0.000100 0.000100 0.000100
 -1.295622 0.000100 0.000100 0.000100
 -1.085709 -1.388895 -1.649178 -1.510592
 -1.362325 -1.585468 -1.351854 -1.271811
 -1.098613 -1.203973 -1.733490 -1.660731
 -1.752345 -1.432575 -1.134422 -1.323013
 -1.071076 -1.361230 -1.619642 -1.594324
 -1.186388 -1.458895 -1.629240 -1.323859
 -1.197347 -1.338998 -1.441946 -1.612291
 -1.820579 -1.397723 -1.067841 -1.397723
 -1.246639 -1.465518 -1.434102 -1.413693
 -1.289233 -1.417066 -1.576914 -1.289233
 -1.190802 -1.299283 -1.658938 -1.456912
 -1.600442 -1.398416 -1.141696 -1.461329
 -1.277360 -1.295879 -1.436108 -1.561988
 -1.375244 -1.443453 -1.467263 -1.270984
 -1.300250 -1.268834 -1.638852 -1.377636
 -1.802995 -1.511085 -1.135601 -1.226573
 -1.212508 -1.366658 -1.548980 -1.447627
 -1.235254 -1.590595 -1.442175 -1.312963
 -1.162034 -1.337238 -1.498506 -1.603867
 -1.664246 -1.484275 -1.164752 -1.301953
 -1.066231 -1.306057 -1.744779 -1.560045
 -1.255674 -1.606535 -1.496836 -1.235472
 -1.147124 -1.329446 -1.417414 -1.740187
 -2.003729 -1.409023 -1.202102 -1.138733
 -1.219240 -1.210730 -1.586965 -1.599387
 -1.426186 -1.380723 -1.646426 -1.153145
 -1.285651 -1.264598 -1.580450 -1.446919
 -1.742969 -1.443453 -1.158716 -1.290984
 -1.290984 -1.280934 -1.637608 -1.375244
 -1.409702 -1.569130 -1.569130 -1.080778
 -1.243794 -1.264848 -1.477409 -1.603450
 -1.760010 -1.397105 -1.114873 -1.375599
 -1.141909 -1.224906 -1.758422 -1.538563
 -1.362067 -1.671255 -1.548653 -1.069080
 -1.034791 -1.118874 -1.943048 -1.744198
 -1.496295 -1.418043 -1.250162 -1.396766
 -1.220902 -1.157889 -1.742626 -1.533276
 -1.396876 -1.829297 -1.497520 -0.998529
 -1.318417 -1.065715 -1.437764 -1.893780
 -1.721649 -1.486084 -1.153145 -1.275363
 -1.206747 -1.126704 -1.811340 -1.545072
 -1.324419 -1.959296 -1.710081 -0.886164
 -1.291516 -1.134331 -1.675927 -1.530746
 -1.461018 -1.449589 -1.282535 -1.362578
 -1.096045 -1.135266 -2.051555 -1.532762
 -1.442175 -1.797209 -1.847639 -0.820487
 -1.133099 -1.209639 -1.755149 -1.576101
 -1.553801 -1.553801 -1.217329 -1.269064
 -1.108739 -1.147655 -2.032691 -1.506599
 -1.579257 -1.417414 -1.428975 -1.164824
 -1.105833 -1.184970 -1.620288 -1.798979
 -1.475906 -1.562918 -1.219973 -1.321756
 -1.178019 -1.129623 -2.102607 -1.399099
 -1.381126 -1.444978 -1.536997 -1.210905
 -1.049372 -1.600018 -1.554209 -1.441414
 -1.820089 -1.426186 -1.126943 -1.295566
 -1.248895 -1.106395 -2.007180 -1.394076
 -1.263692 -1.323115 -1.882730 -1.207603
 -1.013195 -1.379945 -1.760408 -1.544700
 -1.892800 -1.348073 -1.191070 -1.252763
 -1.239926 -1.363305 -1.709929 -1.294986
 -1.321756 -1.408767 -1.526550 -1.303407
 -1.188561 -1.441557 -1.397105 -1.553674
 -1.959050 -1.363068 -1.096005 -1.313306
 -1.308611 -1.417414 -1.756188 -1.155935
 -1.182114 -1.266671 -1.657537 -1.509617
 -1.361258 -1.339518 -1.394781 -1.453277
 -1.824020 -1.370546 -1.216395 -1.243546
 -1.194756 -1.364316 -1.860752 -1.251375
 -1.329724 -1.578185 -1.435084 -1.234414
 -1.217151 -1.336210 -1.597425 -1.432670
 -1.964259 -1.165752 -1.271112 -1.318514
 -1.126704 -1.422970 -1.794533 -1.314167
 -1.525526 -1.170071 -1.525526 -1.367897
 -1.317094 -1.282805 -1.644306 -1.340624
 -2.315323 -1.344157 -1.191394 -1.088537
 -1.117305 -1.476678 -1.637608 -1.386294
 -1.245216 -1.427537 -1.366294 -1.527067
 -1.292107 -1.303407 -1.411296 -1.561236
 -1.841769 -1.271225 -1.179875 -1.371766
 -1.026416 -1.402467 -2.163054 -1.270295
 -1.284165 -1.323774 -1.714201 -1.284165
 -1.123305 -1.356920 -1.580063 -1.554088
 -2.019337 -1.251289 -1.482195 -1.038509
 -0.896586 -1.076471 -2.146303 -2.007467
 -0.985191 -1.088223 -1.482127 -2.769978
 -1.129503 -1.039555 -1.413271 -2.527628
 -1.928815 -0.796867 -1.244179 -2.156204
 -0.135117 -15.321809 -2.068415 -15.321809
 -0.233810 -15.505608 -1.567878 -15.505608
 -0.372676 -14.962914 -1.167605 -14.962914
 -0.679543 -14.193950 -0.706942 -14.193950
 -0.000000 -16.226053 -16.226053 -16.226053
 -1.386294 -1.386294 -1.386294 -1.386294
 -0.000001 -15.039288 -15.039288 -15.039288
 -1.386294 -1.386294 -1.386294 -1.386294
 -16.492414 -16.492414 -0.000000 -16.492414
 -1.386294 -1.386294 -1.386294 -1.386294
 -1.386294 -1.386294 -1.386294 -1.386294
 -1.386294 -1.386294 -1.386294 -1.386294
 -1.386294 -1.386294 -1.386294 -1.386294
 -1.386294 -1.386294 -1.386294 -1.386294
 -1.298137 -1.393196 -1.211336 -1.709919
 -1.386294 -1.386294 -1.386294 -1.386294
 -1.320497 -1.265437 -1.666448 -1.339545
 -1.378018 -1.422970 -1.794533 -1.076694
 -1.361207 -1.180389 -1.388606 -1.676288
 -1.988634 -1.072345 -1.367461 -1.323659
 -1.245522 -1.363305 -1.483933 -1.471194
 -1.372177 -1.353657 -1.308807 -1.523217
 -1.419084 -1.182696 -1.270664 -1.766280
 -1.891842 -1.290503 -1.181304 -1.319774
 -1.292265 0.000100 0.000100 0.000100
 -1.346227 0.000100 0.000100 0.000100
 -1.436862 0.000100 0.000100 0.000100
 -1.480784 0.000100 0.000100 0.000100
 -1.431495 -1.395234 -1.146412 -1.632201
 -1.348212 -1.262692 -1.417606 -1.536601
 -1.299825 -1.212461 -1.397110 -1.700207
 -2.104140 -1.100467 -1.165463 -1.454335
 -1.274977 -1.476502 -1.287077 -1.532243
 -1.185298 -1.509432 -1.273659 -1.642460
 -1.219435 -1.348609 -1.276574 -1.795706
 -1.934698 -1.242848 -1.079615 -1.481727
 -1.186566 -1.486985 -1.437208 -1.464952
 -1.259071 -1.410226 -1.459819 -1.428300
 -1.105270 -1.335049 -1.488574 -1.714581
 -1.924728 -1.183718 -1.310003 -1.279678
 -1.427817 -1.390017 -1.158692 -1.623535
 -1.361529 -1.266625 -1.385584 -1.552242
 -1.315228 -1.205599 -1.394907 -1.691634
 -2.107348 -1.110718 -1.157318 -1.449066
 -1.311653 -1.453519 -1.278334 -1.521525
 -1.193251 -1.502054 -1.297495 -1.605055
 -1.215505 -1.360994 -1.272129 -1.790962
 -1.949183 -1.249959 -1.086603 -1.453577
 -1.179019 -1.478042 -1.473914 -1.446858
 -1.281938 -1.419226 -1.452219 -1.400193
 -1.117464 -1.329969 -1.507515 -1.676932
 -1.917284 -1.189837 -1.320157 -1.267160
 -1.456959 -1.393179 -1.144652 -1.607256
 -1.354024 -1.273063 -1.383080 -1.555787
 -1.333971 -1.205613 -1.381569 -1.682664
 -2.144650 -1.105860 -1.146405 -1.451632
 -1.288550 -1.471661 -1.292503 -1.513203
 -1.192342 -1.514381 -1.287516 -1.606489
 -1.213433 -1.350656 -1.297485 -1.768807
 -1.934907 -1.253660 -1.088212 -1.455490
 -1.180442 -1.486378 -1.442868 -1.467863
 -1.274398 -1.403634 -1.449013 -1.427548
 -1.107718 -1.350279 -1.501308 -1.673008
 -1.928393 -1.185369 -1.319968 -1.266412
 -1.411646 -1.386320 -1.167470 -1.634185
 -1.339819 -1.289974 -1.385474 -1.548231
 -1.304356 -1.216738 -1.373147 -1.719535
 -2.139428 -1.103277 -1.154247 -1.447315
 -1.279535 -1.495439 -1.270299 -1.528154
 -1.173060 -1.513058 -1.277408 -1.652413
 -1.178636 -1.381238 -1.283432 -1.808194
 -1.937179 -1.257433 -1.065461 -1.483079
 -1.137388 -1.516036 -1.444301 -1.496765
 -1.250843 -1.425701 -1.438651 -1.443291
 -1.046877 -1.367318 -1.513217 -1.748827
 -1.910659 -1.192613 -1.300736 -1.286418
 -1.435085 -1.427308 -1.107308 -1.652850
 -1.356458 -1.263211 -1.397420 -1.549050
 -1.320338 -1.222318 -1.367010 -1.695322
 -2.132818 -1.102438 -1.142876 -1.467348
 -1.264646 -1.481818 -1.273824 -1.557429
 -1.168537 -1.507605 -1.295887 -1.639464
 -1.202839 -1.339973 -1.288049 -1.820168
 -1.966867 -1.237269 -1.062188 -1.495077
 -1.135179 -1.504736 -1.432554 -1.523898
 -1.265484 -1.390460 -1.472198 -1.429136
 -1.075319 -1.329870 -1.520901 -1.738496
 -1.947138 -1.152583 -1.331939 -1.281815
 -1.432329 -1.438700 -1.092961 -1.667123
 -1.365758 -1.284940 -1.368628 -1.543230
 -1.322054 -1.224468 -1.354121 -1.707467
 -2.121453 -1.122301 -1.135765 -1.454846
 -1.287016 -1.509761 -1.243393 -1.539260
 -1.184741 -1.538927 -1.283472 -1.597067
 -1.209598 -1.373763 -1.271504 -1.783071
 -1.917385 -1.263403 -1.062865 -1.492303
 -1.148006 -1.495108 -1.472985 -1.472869
 -1.300011 -1.417594 -1.490251 -1.347616
 -1.083838 -1.333905 -1.532676 -1.702092
 -1.922440 -1.212831 -1.306533 -1.253027
 -1.460503 -1.411113 -1.104556 -1.646875
 -1.391852 -1.283380 -1.348018 -1.539297
 -1.312523 -1.230610 -1.349310 -1.718549
 -2.136083 -1.142944 -1.105085 -1.461786
 -1.263343 -1.528809 -1.211003 -1.596519
 -1.175101 -1.550751 -1.227937 -1.680788
 -1.159120 -1.422694 -1.230101 -1.877901
 -1.882918 -1.284765 -1.016150 -1.564690
 -1.102382 -1.504902 -1.463078 -1.540102
 -1.262423 -1.388270 -1.464316 -1.442697
 -1.024695 -1.384653 -1.525381 -1.753624
 -1.893145 -1.192573 -1.293277 -1.303452
 -1.391828 -1.212733 -1.110842 -2.081728
 -1.280188 -0.962946 -1.441829 -2.265736
 -1.315359 -1.074666 -1.340274 -2.052320
 -2.396991 -0.819375 -1.121458 -1.948434
 -0.667783 -19.591055 -0.719172 -19.591055
 -0.557896 -20.055319 -0.849595 -20.055319
 -0.552242 -19.836023 -0.857214 -19.836023
 -1.395444 -18.990360 -0.284651 -18.990360
 0.000000 -20.421688 -20.421688 -20.421688
 -1.386294 -1.386294 -1.386294 -1.386294
 0.000000 -20.343454 -20.343454 -20.343454
 -1.386294 -1.386294 -1.386294 -1.386294
 -21.076483 -21.076483 0.000000 -21.076483
 -1.386294 -1.386294 -1.386294 -1.386294
 -1.386294 -1.386294 -1.386294 -1.386294
 -1.386294 -1.386294 -1.386294 -1.386294
 -1.386294 -1.386294 -1.386294 -1.386294
 -1.386294 -1.386294 -1.386294 -1.386294
 -1.182803 -1.335861 -1.322460 -1.806848
 -1.386294 -1.386294 -1.386294 -1.386294
 -1.107107 -1.483151 -1.483959 -1.533280
 -1.253872 -1.440189 -1.583516 -1.300236
 -1.073057 -1.294025 -1.587718 -1.717682
 -1.691297 -1.105525 -1.506734 -1.335412
 -1.433274 -1.455884 -1.087840 -1.653726
 -1.356292 -1.400155 -1.293411 -1.507362
 -1.285836 -1.210704 -1.399891 -1.720540
 -2.084212 -1.218020 -1.100733 -1.397750
