 -1.359626 0.000100 0.000100 0.000100
 -1.413693 0.000100 0.000100 0.000100
 -1.478726 0.000100 0.000100 0.000100
 -1.301688 0.000100 0.000100 0.000100
 -1.119890 -1.509354 -1.740466 -1.283041
 -1.439539 -1.424035 -1.647178 -1.109786
 -1.138941 -1.313882 -1.772189 -1.422516
 -1.798403 -1.616082 -1.095307 -1.199568
 -1.185624 -1.428854 -1.568616 -1.400281
 -1.067841 -1.738514 -1.760987 -1.175730
 -1.135884 -1.394458 -1.535039 -1.535039
 -1.641186 -1.505641 -1.235722 -1.225026
 -1.114511 -1.352183 -2.121314 -1.226303
 -1.427794 -1.791759 -1.698668 -0.890212
 -1.190728 -1.244795 -1.671313 -1.514127
 -1.504077 -1.686399 -1.337023 -1.108765
 -1.125192 -1.095339 -1.982641 -1.593177
 -1.244795 -1.609437 -1.910542 -1.010602
 -1.312187 -1.243194 -1.699951 -1.348554
 -1.771787 -1.467298 -1.224352 -1.185886
 -1.178655 -1.249273 -1.743968 -1.466337
 -1.414074 -1.706461 -1.599216 -0.985406
 -1.214685 -1.214685 -1.805552 -1.418780
 -1.526695 -1.541510 -1.224415 -1.291856
 -1.102043 -1.165895 -2.150392 -1.428259
 -1.444114 -1.675225 -2.031899 -0.808126
 -1.061341 -1.263368 -1.730390 -1.639418
 -1.544700 -1.742059 -1.105002 -1.272056
 -1.179465 -1.138222 -2.019768 -1.429276
 -1.601862 -1.834484 -1.660131 -0.801470
 -1.013930 -1.327587 -1.904901 -1.499437
 -1.311744 -1.788668 -1.289016 -1.245053
 -1.327363 -0.902017 -2.249694 -1.497708
 -1.370546 -1.559137 -2.128230 -0.875469
 -1.137079 -1.213452 -1.745667 -1.572396
 -1.517683 -1.633755 -1.173414 -1.286354
 -1.130361 -1.141172 -2.136598 -1.428854
 -1.555712 -2.362802 -1.798274 -0.636350
 -0.969401 -1.154323 -2.222161 -1.624326
 -1.628919 -1.612658 -1.144673 -1.251157
 -1.283640 -0.862046 -2.745917 -1.441864
 -1.577562 -1.871801 -2.418343 -0.596734
 -0.984071 -1.093770 -2.283351 -1.664314
 -1.335001 -1.571390 -1.244487 -1.422970
 -1.277661 -0.992924 -2.584815 -1.289495
 -1.583713 -1.876699 -1.942657 -0.696411
 -0.968854 -1.104655 -2.167546 -1.744691
 -1.423108 -1.528469 -1.362484 -1.251258
 -1.119447 -0.963794 -2.537826 -1.546189
 -1.581944 -1.565137 -1.875292 -0.839201
 -0.967277 -1.249843 -2.251289 -1.478102
 -1.293758 -1.684185 -1.283708 -1.335001
 -1.052522 -1.070704 -2.583995 -1.457986
 -1.548608 -1.516347 -2.021895 -0.831169
 -1.000849 -1.413693 -2.224621 -1.269112
 -1.563628 -1.491655 -1.257462 -1.268511
 -1.260940 -0.990650 -2.468749 -1.344821
 -1.389761 -1.492039 -1.795225 -1.022036
 -0.904797 -1.489730 -1.719303 -1.656783
 -1.788831 -1.321023 -1.343246 -1.187492
 -1.421885 -0.911060 -2.360153 -1.338504
 -1.314501 -1.363893 -1.801515 -1.168993
 -0.898411 -1.530188 -1.972020 -1.439217
 -2.245079 -1.305533 -1.414732 -0.967421
 -1.317050 -1.015382 -2.283891 -1.317050
 -1.358812 -1.323305 -1.807360 -1.162532
 -1.258243 -1.402824 -1.712978 -1.239195
 -2.064799 -1.181609 -1.251289 -1.272123
 -1.585627 -1.240787 -1.962104 -1.006594
 -1.359467 -1.539438 -1.582610 -1.129290
 -1.339774 -1.395864 -1.736189 -1.157453
 -2.157402 -1.361602 -1.325670 -1.014731
 -1.239691 -1.478102 -1.995357 -1.059898
 -1.347351 -1.546480 -1.563574 -1.146681
 -1.338563 -1.445808 -1.631910 -1.181994
 -2.090023 -1.248824 -1.276732 -1.169487
 -1.307514 -1.436725 -2.095969 -0.997359
 -1.531934 -1.215023 -1.848271 -1.109662
 -1.506171 -1.256956 -1.738793 -1.145730
 -2.155724 -1.196468 -1.304949 -1.168817
 -1.071584 -1.199417 -2.616479 -1.261938
 -1.272056 -1.622258 -1.837369 -1.013195
 -1.208724 -1.523216 -1.740939 -1.177471
 -1.759498 -1.317666 -1.425297 -1.140460
 -14.876768 -14.876768 -14.876768 -0.000001
 -14.816144 -14.816144 -14.816144 -0.000001
 -14.462616 -14.462616 -14.462616 -0.000002
 -15.090875 -15.090875 -15.090875 -0.000001
 -1.386294 -1.386294 -1.386294 -1.386294
 -1.386294 -1.386294 -1.386294 -1.386294
 -1.386294 -1.386294 -1.386294 -1.386294
 -1.539845 -1.209997 -1.231372 -1.632218
 -14.682612 -14.682612 -14.682612 -0.000001
 -15.012460 -15.012460 -15.012460 -0.000001
 -14.991085 -14.991085 -14.991085 -0.000001
 -14.590240 -14.590240 -14.590240 -0.000001
 -1.386294 -1.386294 -1.386294 -1.386294
 -1.386294 -1.386294 -1.386294 -1.386294
 -1.386294 -1.386294 -1.386294 -1.386294
 -0.000000 -16.222456 -16.222456 -16.222456
 -16.222456 -16.222456 -0.000000 -16.222456
 -1.386294 -1.386294 -1.386294 -1.386294
 -1.386294 -1.386294 -1.386294 -1.386294
 -1.386294 -1.386294 -1.386294 -1.386294
 -1.386294 -1.386294 -1.386294 -1.386294
 -1.386294 -1.386294 -1.386294 -1.386294
 -1.288530 -1.561077 -1.137185 -1.641477
 -1.386294 -1.386294 -1.386294 -1.386294
 -1.392852 -1.564702 -1.916922 -0.927795
 -1.519213 -1.407987 -1.762158 -1.008388
 -1.331636 -1.220971 -1.983109 -1.192800
 -2.038432 -1.180984 -1.400346 -1.151131
 -1.213388 -1.312760 -1.962104 -1.226994
 -1.307306 -1.372689 -1.565880 -1.320045
 -1.205757 -1.205757 -1.765372 -1.469908
 -1.771033 -1.183247 -1.526580 -1.183247
 -1.426578 0.000100 0.000100 0.000100
 -1.323431 0.000100 0.000100 0.000100
 -1.380539 0.000100 0.000100 0.000100
 -1.417961 0.000100 0.000100 0.000100
 -1.249883 -1.535330 -1.341174 -1.441644
 -1.233011 -1.466626 -1.326537 -1.548864
 -1.164070 -1.398304 -1.455681 -1.572480
 -1.708568 -1.364606 -1.258499 -1.275420
 -1.297566 -1.514440 -1.495097 -1.263560
 -1.210812 -1.479076 -1.500675 -1.381438
 -1.209890 -1.360092 -1.413202 -1.600627
 -1.741556 -1.240952 -1.437067 -1.210595
 -1.374067 -1.363704 -1.398673 -1.409407
 -1.205840 -1.432104 -1.476023 -1.455820
 -1.253261 -1.303271 -1.375409 -1.660469
 -1.936102 -1.261764 -1.236763 -1.264933
 -1.239605 -1.470129 -1.398670 -1.453802
 -1.160338 -1.517816 -1.429466 -1.478441
 -1.216735 -1.404576 -1.364788 -1.595049
 -1.799526 -1.313569 -1.227457 -1.299283
 -1.206851 -1.382852 -1.579712 -1.410728
 -1.247494 -1.430484 -1.422484 -1.458999
 -1.244745 -1.305564 -1.466337 -1.559711
 -1.992430 -1.215901 -1.378420 -1.154493
 -1.304723 -1.479076 -1.294772 -1.483052
 -1.245354 -1.340968 -1.492336 -1.488452
 -1.327255 -1.327255 -1.446919 -1.451165
 -1.824734 -1.266762 -1.256942 -1.300210
 -1.368677 -1.433215 -1.445050 -1.304598
 -1.301665 -1.369487 -1.376529 -1.508548
 -1.228137 -1.392661 -1.381772 -1.572067
 -1.708609 -1.306696 -1.202048 -1.395975
 -1.271785 -1.486765 -1.470635 -1.332614
 -1.255507 -1.441682 -1.534678 -1.335549
 -1.234689 -1.284856 -1.511220 -1.552378
 -1.888047 -1.293117 -1.329353 -1.172570
 -1.363801 -1.430002 -1.385385 -1.367366
 -1.235143 -1.490946 -1.451258 -1.387206
 -1.387290 -1.281531 -1.427946 -1.457422
 -1.924027 -1.149440 -1.329529 -1.299873
 -1.257202 -1.418297 -1.430567 -1.451358
 -1.192703 -1.503642 -1.388913 -1.491946
 -1.160170 -1.408937 -1.405127 -1.625423
 -1.741927 -1.259630 -1.269323 -1.346933
 -1.249335 -1.432855 -1.507517 -1.373501
 -1.305822 -1.433968 -1.502682 -1.316185
 -1.203973 -1.364711 -1.473636 -1.535005
 -1.812127 -1.286595 -1.394392 -1.163151
 -1.387190 -1.390781 -1.423690 -1.345079
 -1.218464 -1.424671 -1.487684 -1.436187
 -1.319247 -1.349783 -1.417946 -1.464663
 -1.788226 -1.290180 -1.240013 -1.316240
 -1.331032 -1.498412 -1.248511 -1.489973
 -1.136283 -1.604042 -1.290902 -1.595114
 -1.328008 -1.307318 -1.297131 -1.654771
 -1.778004 -1.356279 -1.101386 -1.422970
 -1.337720 -1.458524 -1.474211 -1.287289
 -1.251309 -1.381456 -1.558387 -1.377603
 -1.275569 -1.321954 -1.577516 -1.395833
 -1.839047 -1.283300 -1.380938 -1.162936
 -1.260157 -1.583085 -1.330774 -1.399270
 -1.385395 -1.235364 -1.583670 -1.371109
 -1.342699 -1.259000 -1.447178 -1.515542
 -1.945910 -1.337056 -1.191786 -1.234958
 -1.387290 -1.448911 -1.285122 -1.432104
 -1.195432 -1.571993 -1.336955 -1.482137
 -1.435814 -1.286602 -1.266993 -1.588688
 -1.880918 -1.338455 -1.107728 -1.366527
 -1.248365 -1.447899 -1.447899 -1.415109
 -1.209008 -1.391960 -1.592631 -1.388179
 -1.256378 -1.293685 -1.504478 -1.519024
 -1.732605 -1.295627 -1.332806 -1.252763
 -1.340093 -1.460806 -1.330109 -1.420135
 -1.186273 -1.415282 -1.627456 -1.365092
 -1.391322 -1.344069 -1.332597 -1.484216
 -1.709423 -1.356881 -1.250434 -1.290306
 -1.381688 -1.566955 -1.247697 -1.374362
 -1.238421 -1.514382 -1.402265 -1.409869
 -1.272181 -1.350319 -1.364554 -1.584120
 -1.751048 -1.335001 -1.135288 -1.419146
 -1.325943 -1.460474 -1.484766 -1.288203
 -1.207214 -1.530142 -1.552819 -1.298959
 -1.186380 -1.326551 -1.512012 -1.566289
 -1.531354 -1.309116 -1.482779 -1.249344
 -16.285303 -16.285303 -16.285303 -0.000000
 -16.183884 -16.183884 -16.183884 -0.000000
 -16.076231 -16.076231 -16.076231 -0.000000
 -16.233210 -16.233210 -16.233210 -0.000000
 -1.386294 -1.386294 -1.386294 -1.386294
 -1.386294 -1.386294 -1.386294 -1.386294
 -1.386294 -1.386294 -1.386294 -1.386294
 -1.664249 -1.176118 -1.287652 -1.486001
 -15.919645 -15.919645 -15.919645 -0.000000
 -16.407776 -16.407776 -16.407776 -0.000000
 -16.296242 -16.296242 -16.296242 -0.000000
 -16.097893 -16.097893 -16.097893 -0.000000
 -1.386294 -1.386294 -1.386294 -1.386294
 -1.386294 -1.386294 -1.386294 -1.386294
 -1.386294 -1.386294 -1.386294 -1.386294
 0.000000 -17.583895 -17.583895 -17.583895
 -17.583895 -17.583895 0.000000 -17.583895
 -1.386294 -1.386294 -1.386294 -1.386294
 -1.386294 -1.386294 -1.386294 -1.386294
 -1.386294 -1.386294 -1.386294 -1.386294
 -1.386294 -1.386294 -1.386294 -1.386294
 -1.386294 -1.386294 -1.386294 -1.386294
 -1.135776 -1.275178 -1.698992 -1.529804
 -1.386294 -1.386294 -1.386294 -1.386294
 -1.385576 -1.340624 -1.460126 -1.362847
 -1.182174 -1.355372 -1.737083 -1.348983
 -1.332227 -1.294664 -1.538763 -1.396447
 -1.550445 -1.173869 -1.397013 -1.463853
 -1.186673 -1.589235 -1.378340 -1.432603
 -1.162306 -1.591012 -1.382077 -1.459038
 -1.201843 -1.473112 -1.260254 -1.678964
 -1.699223 -1.466029 -1.170379 -1.287047
