 -1.247825 0.000100 0.000100 0.000100
 -1.437067 0.000100 0.000100 0.000100
 -1.629438 0.000100 0.000100 0.000100
 -1.275799 0.000100 0.000100 0.000100
 -1.313172 -1.263162 -1.718636 -1.313172
 -1.386294 -1.568615 -2.148431 -0.855667
 -0.984203 -1.299283 -1.459625 -2.110209
 -1.857716 -1.690662 -1.077560 -1.142098
 -1.214445 -1.296682 -1.716535 -1.386294
 -1.282616 -1.521026 -1.601069 -1.195605
 -0.971862 -1.342234 -1.936939 -1.531476
 -1.732335 -1.694595 -1.206243 -1.078410
 -1.063274 -1.220902 -1.889950 -1.567178
 -1.360977 -1.504077 -1.504077 -1.206826
 -1.117482 -1.146469 -2.475597 -1.305533
 -1.400479 -1.820331 -1.171638 -1.266948
 -1.168571 -1.308333 -1.819157 -1.359626
 -1.419084 -1.452986 -1.775758 -1.036093
 -1.237875 -1.171184 -1.609437 -1.609437
 -1.894615 -1.424613 -1.335001 -1.061709
 -1.190728 -1.427116 -1.461018 -1.496109
 -1.586964 -1.550597 -1.586964 -0.970780
 -1.049823 -1.021652 -2.120259 -1.771955
 -1.563225 -1.778335 -1.190550 -1.147065
 -1.237612 -1.068536 -2.236136 -1.348837
 -1.282616 -1.411828 -2.006532 -1.065552
 -1.201028 -1.360092 -1.549333 -1.469291
 -1.659989 -1.697729 -1.149165 -1.171638
 -1.245216 -1.121603 -1.938361 -1.417066
 -1.394076 -1.915371 -1.681758 -0.870830
 -1.011602 -1.129385 -2.110209 -1.650680
 -1.542746 -1.393215 -1.393215 -1.239064
 -1.364633 -1.182312 -1.975540 -1.206409
 -1.571697 -1.871800 -1.923093 -0.708653
 -1.178656 -1.178656 -1.566420 -1.738269
 -1.493925 -1.379515 -1.352847 -1.326871
 -1.050985 -1.174599 -2.247231 -1.444888
 -1.378451 -1.848453 -2.359275 -0.701054
 -1.186582 -1.221673 -1.720662 -1.509354
 -1.386294 -1.742968 -1.163151 -1.337504
 -1.057791 -1.141173 -2.025372 -1.602517
 -1.558144 -1.740465 -1.791758 -0.804374
 -0.858229 -1.263692 -2.219198 -1.688574
 -1.642227 -1.676128 -1.282225 -1.073134
 -1.249273 -0.973861 -2.477932 -1.379326
 -1.704747 -2.156729 -2.087737 -0.547297
 -0.899943 -1.291984 -2.025949 -1.677645
 -1.373049 -1.609437 -1.373049 -1.226446
 -1.015232 -1.035434 -2.624661 -1.559957
 -1.516347 -1.816450 -1.867743 -0.769135
 -1.085710 -1.348073 -1.778854 -1.453433
 -1.404422 -1.716795 -1.246793 -1.246793
 -0.980830 -1.306252 -3.178040 -1.163151
 -1.601069 -1.521026 -1.834683 -0.867102
 -0.693149 -1.408767 -2.553890 -1.727219
 -1.262681 -1.558144 -1.262681 -1.497520
 -1.160745 -1.017644 -2.547033 -1.398416
 -1.377926 -1.282616 -2.381222 -0.972462
 -0.791130 -1.752536 -2.238039 -1.321756
 -1.841238 -1.215534 -1.609437 -1.064711
 -1.408113 -0.891424 -2.536572 -1.323556
 -1.112127 -1.315067 -1.868451 -1.393028
 -1.166436 -1.338285 -1.471816 -1.625965
 -2.277264 -1.360977 -1.265667 -1.024505
 -1.304949 -1.244325 -2.468093 -1.033016
 -1.098613 -1.629240 -1.772340 -1.201797
 -1.120592 -1.386294 -1.956836 -1.263692
 -1.960093 -1.588531 -1.171638 -1.064008
 -1.393842 -1.040202 -2.810898 -1.083687
 -1.198243 -1.495493 -1.618095 -1.287855
 -1.397105 -1.006240 -1.824547 -1.488077
 -2.260533 -1.181728 -1.309561 -1.142507
 -1.248145 -1.314836 -2.484899 -1.018571
 -1.227605 -1.559738 -1.878190 -1.067262
 -1.241714 -1.364316 -1.791757 -1.241714
 -1.875139 -1.249436 -1.678430 -0.985284
 -14.046625 -14.046625 -14.046625 -0.000002
 -14.062374 -14.062374 -14.062374 -0.000002
 -13.541079 -13.541079 -13.541079 -0.000004
 -14.375129 -14.375129 -14.375129 -0.000002
 -1.386294 -1.386294 -1.386294 -1.386294
 -1.386294 -1.386294 -1.386294 -1.386294
 -1.386294 -1.386294 -1.386294 -1.386294
 -2.130213 -1.054075 -1.174703 -1.497170
 -1.455287 -0.916293 -2.302575 -1.321756
 -1.092947 -1.586965 -1.736496 -1.258461
 -1.199709 -1.412270 -1.791758 -1.243194
 -2.781467 -0.738405 -1.143870 -1.954796
 -0.000002 -14.054531 -14.054531 -14.054531
 -0.000002 -14.234223 -14.234223 -14.234223
 -0.000003 -13.805464 -13.805464 -13.805464
 -0.000002 -14.054531 -14.054531 -14.054531
 -15.434899 -0.000001 -15.434899 -15.434899
 -1.386294 -1.386294 -1.386294 -1.386294
 -1.386294 -1.386294 -1.386294 -1.386294
 -1.386294 -1.386294 -1.386294 -1.386294
 -1.386294 -1.386294 -1.386294 -1.386294
 -0.000001 -15.434899 -15.434899 -15.434899
 -1.386294 -1.386294 -1.386294 -1.386294
 -1.386294 -1.386294 -1.386294 -1.386294
 -15.434899 -15.434899 -0.000001 -15.434899
 -1.386294 -1.386294 -1.386294 -1.386294
 -1.386294 -1.386294 -1.386294 -1.386294
 -1.386294 -1.386294 -1.386294 -1.386294
 -1.386294 -1.386294 -1.386294 -1.386294
 -1.386294 -1.386294 -1.386294 -1.386294
 -1.404277 -1.479626 -1.118613 -1.609438
 -1.386294 -1.386294 -1.386294 -1.386294
 -1.524444 -1.131403 -1.824548 -1.209364
 -1.377636 -1.412727 -1.449095 -1.310945
 -1.392373 -1.135654 -1.810107 -1.321756
 -1.842530 -1.247825 -1.181134 -1.396245
 -1.261652 -1.469291 -2.088327 -1.013817
 -1.203973 -1.347074 -1.576648 -1.455287
 -1.358124 -1.098613 -1.395864 -1.820745
 -1.784485 -1.256420 -1.336462 -1.256420
 -1.363514 0.000100 0.000100 0.000100
 -1.286744 0.000100 0.000100 0.000100
 -1.360944 0.000100 0.000100 0.000100
 -1.552810 0.000100 0.000100 0.000100
 -1.294148 -1.372237 -1.429694 -1.456943
 -1.222822 -1.464352 -1.409201 -1.469520
 -1.074515 -1.310904 -1.510517 -1.782813
 -2.035327 -1.177878 -1.301359 -1.240398
 -1.493027 -1.354700 -1.233203 -1.487548
 -1.303464 -1.360351 -1.341027 -1.559397
 -1.266406 -1.389008 -1.351671 -1.560519
 -2.095488 -1.108794 -1.104418 -1.534193
 -1.256382 -1.415622 -1.352200 -1.542374
 -1.191142 -1.408327 -1.350619 -1.647690
 -1.168018 -1.373658 -1.329008 -1.765517
 -1.984825 -1.128049 -1.286138 -1.337141
 -1.229492 -1.441050 -1.425465 -1.467577
 -1.247782 -1.470925 -1.412861 -1.428366
 -1.228769 -1.285677 -1.478868 -1.594604
 -1.908347 -1.178257 -1.220591 -1.391091
 -1.368816 -1.404084 -1.252133 -1.541285
 -1.255933 -1.264861 -1.451677 -1.615787
 -1.222192 -1.204413 -1.554189 -1.638931
 -2.014185 -1.078725 -1.299761 -1.370636
 -1.307391 -1.474898 -1.342838 -1.428913
 -1.180073 -1.459182 -1.322607 -1.640528
 -1.251452 -1.260668 -1.332642 -1.791759
 -1.967650 -1.150634 -1.205510 -1.409606
 -1.327856 -1.484425 -1.357270 -1.382460
 -1.273683 -1.460499 -1.444413 -1.377550
 -1.234745 -1.277304 -1.516886 -1.556328
 -2.096915 -1.125749 -1.266239 -1.306131
 -1.365130 -1.380961 -1.242125 -1.586965
 -1.339774 -1.279431 -1.429835 -1.511625
 -1.281201 -1.225111 -1.425782 -1.669979
 -2.279962 -1.069433 -1.113528 -1.486732
 -1.313022 -1.318472 -1.302211 -1.652760
 -1.190876 -1.497321 -1.313317 -1.592631
 -1.267309 -1.246166 -1.429325 -1.653726
 -1.936549 -1.135328 -1.328440 -1.310844
 -1.228665 -1.589107 -1.405738 -1.354706
 -1.277304 -1.457888 -1.442384 -1.377845
 -1.258461 -1.313269 -1.498412 -1.498412
 -1.942799 -1.383184 -1.161283 -1.228146
 -1.344595 -1.310529 -1.320144 -1.596617
 -1.339148 -1.323481 -1.313172 -1.595739
 -1.335263 -1.141400 -1.608130 -1.526580
 -2.162935 -1.102496 -1.170933 -1.415130
 -1.315544 -1.534597 -1.252030 -1.468784
 -1.214736 -1.403045 -1.385188 -1.574614
 -1.275665 -1.385037 -1.218757 -1.743868
 -2.070364 -1.146871 -1.123229 -1.465324
 -1.185624 -1.463255 -1.418555 -1.510048
 -1.252763 -1.377326 -1.413693 -1.519642
 -1.170071 -1.304662 -1.475188 -1.662548
 -1.942765 -1.185767 -1.217183 -1.366029
 -1.369242 -1.354853 -1.281425 -1.560297
 -1.324569 -1.260911 -1.407746 -1.579915
 -1.333684 -1.207052 -1.472946 -1.569407
 -1.976493 -1.034451 -1.288796 -1.467844
 -1.259810 -1.584471 -1.315804 -1.414786
 -1.139434 -1.544899 -1.338563 -1.587459
 -1.301425 -1.339891 -1.325292 -1.608155
 -2.090319 -1.214851 -1.149336 -1.336548
 -1.277360 -1.537891 -1.286576 -1.468898
 -1.223231 -1.428025 -1.542263 -1.378153
 -1.175383 -1.370919 -1.419005 -1.632344
 -1.606514 -1.322488 -1.295386 -1.350345
 -1.556640 -1.292080 -1.292080 -1.428121
 -1.412341 -1.154260 -1.487304 -1.536394
 -1.354054 -1.194840 -1.406149 -1.640046
 -2.005738 -0.987461 -1.323173 -1.484441
 -1.348382 -1.204488 -1.684854 -1.366401
 -1.131612 -1.459034 -1.668754 -1.360453
 -1.257319 -1.157453 -1.655958 -1.558794
 -1.531476 -1.243794 -1.477409 -1.319506
 -15.942552 -15.942552 -15.942552 -0.000000
 -15.955577 -15.955577 -15.955577 -0.000000
 -15.605602 -15.605602 -15.605602 -0.000001
 -15.830414 -15.830414 -15.830414 -0.000000
 -1.386294 -1.386294 -1.386294 -1.386294
 -1.386294 -1.386294 -1.386294 -1.386294
 -1.386294 -1.386294 -1.386294 -1.386294
 -2.169630 -1.060506 -1.136517 -1.520672
 -1.690441 -0.974128 -1.479877 -1.558865
 -1.039555 -1.711424 -1.271473 -1.685449
 -1.341174 -1.525851 -1.024504 -1.819842
 -2.490948 -1.064560 -0.957019 -1.669968
 -0.000000 -15.825067 -15.825067 -15.825067
 -0.000000 -15.846288 -15.846288 -15.846288
 -0.000000 -16.096872 -16.096872 -16.096872
 -0.000001 -15.522076 -15.522076 -15.522076
 -17.229296 0.000000 -17.229296 -17.229296
 -1.386294 -1.386294 -1.386294 -1.386294
 -1.386294 -1.386294 -1.386294 -1.386294
 -1.386294 -1.386294 -1.386294 -1.386294
 -1.386294 -1.386294 -1.386294 -1.386294
 0.000000 -17.229296 -17.229296 -17.229296
 -1.386294 -1.386294 -1.386294 -1.386294
 -1.386294 -1.386294 -1.386294 -1.386294
 -17.229296 -17.229296 -0.000000 -17.229296
 -1.386294 -1.386294 -1.386294 -1.386294
 -1.386294 -1.386294 -1.386294 -1.386294
 -1.386294 -1.386294 -1.386294 -1.386294
 -1.386294 -1.386294 -1.386294 -1.386294
 -1.386294 -1.386294 -1.386294 -1.386294
 -1.345657 -1.046348 -1.565330 -1.718169
 -1.386294 -1.386294 -1.386294 -1.386294
 -1.340579 -1.261652 -1.365030 -1.610703
 -1.191863 -1.334252 -1.578979 -1.483668
 -1.266239 -1.180626 -1.526371 -1.641440
 -1.627957 -1.176822 -1.270348 -1.538612
 -1.250318 -1.662214 -1.289539 -1.392433
 -1.149421 -1.482988 -1.636293 -1.341242
 -1.189584 -1.382096 -1.445517 -1.565535
 -1.846347 -1.343474 -1.302413 -1.173201
