 -1.304616 0.000100 0.000100 0.000100
 -1.510749 0.000100 0.000100 0.000100
 -1.440953 0.000100 0.000100 0.000100
 -1.304616 0.000100 0.000100 0.000100
 -1.347828 -1.240583 -1.556919 -1.426300
 -0.984854 -1.779782 -1.448426 -1.501070
 -1.249958 -1.038649 -1.626435 -1.814487
 -1.916921 -1.159237 -1.159237 -1.489478
 -1.029620 -1.589235 -1.589235 -1.449473
 -0.996529 -1.340624 -1.998679 -1.453953
 -1.138054 -1.120960 -1.643148 -1.831200
 -2.442342 -1.092421 -1.297215 -1.189584
 -0.979323 -1.842814 -1.636962 -1.303818
 -1.247990 -1.731416 -1.876597 -0.960308
 -0.792521 -1.629916 -1.819157 -1.665007
 -3.213133 -1.064711 -1.151723 -1.207812
 -14.590240 -14.590240 -0.000001 -14.590240
 -14.291747 -14.291747 -0.000002 -14.291747
 -14.247295 -14.247295 -0.000002 -14.247295
 -14.603970 -14.603970 -0.000001 -14.603970
 -1.386294 -1.386294 -1.386294 -1.386294
 -1.386294 -1.386294 -1.386294 -1.386294
 -15.833077 -15.833077 -0.000000 -15.833077
 -1.386294 -1.386294 -1.386294 -1.386294
 -1.386294 -1.386294 -1.386294 -1.386294
 -1.386294 -1.386294 -1.386294 -1.386294
 -15.833077 -15.833077 -15.833077 -0.000000
 -1.386294 -1.386294 -1.386294 -1.386294
 -1.386294 -1.386294 -1.386294 -1.386294
 -1.386294 -1.386294 -1.386294 -1.386294
 -1.386294 -1.386294 -1.386294 -1.386294
 -0.000000 -15.833077 -15.833077 -15.833077
 -1.133799 -1.319431 -2.318670 -1.163151
 -1.386294 -1.386294 -1.386294 -1.386294
 -1.386294 -1.386294 -1.386294 -1.386294
 -1.386294 -1.386294 -1.386294 -1.386294
 -14.699280 -14.699280 -0.000001 -14.699280
 -14.513647 -14.513647 -0.000001 -14.513647
 -13.514411 -13.514411 -0.000004 -13.514411
 -14.669928 -14.669928 -0.000001 -14.669928
 -1.386294 -1.386294 -1.386294 -1.386294
 -1.386294 -1.386294 -1.386294 -1.386294
 -15.833077 -15.833077 -15.833077 -0.000000
 -1.386294 -1.386294 -1.386294 -1.386294
 -1.386294 -1.386294 -1.386294 -1.386294
 -1.386294 -1.386294 -1.386294 -1.386294
 -1.386294 -1.386294 -1.386294 -1.386294
 -1.802454 -1.109308 -1.681094 -1.142097
 -1.209364 -0.725939 -1.524444 -14.030625
 -0.959553 -1.419084 -0.980830 -14.723771
 -0.952659 -1.009818 -1.386294 -14.151986
 -2.148432 -1.014731 -0.652326 -14.690981
 -1.238842 -1.271632 -2.147098 -1.161284
 -1.146241 -1.394076 -1.746296 -1.348267
 -1.228071 -1.192139 -1.850599 -1.400683
 -1.386294 -1.386294 -1.386294 -1.386294
 -1.395183 -1.469291 -1.636345 -1.116470
 -1.051875 -1.558144 -1.845826 -1.264797
 -1.098613 -1.152680 -2.028145 -1.517322
 -2.094328 -1.170072 -1.421386 -1.123552
 -1.428854 -1.130361 -1.791758 -1.306252
 -1.381179 -1.559427 -1.746638 -1.010320
 -1.187560 -1.311174 -1.770705 -1.365241
 -2.192768 -1.206954 -1.237259 -1.206954
 -1.603358 0.000100 0.000100 0.000100
 -1.249719 0.000100 0.000100 0.000100
 -1.249719 0.000100 0.000100 0.000100
 -1.488948 0.000100 0.000100 0.000100
 -1.417066 -1.550595 -1.098615 -1.550595
 -1.547561 -1.142099 -1.652920 -1.285199
 -1.211092 -1.211092 -1.452252 -1.770702
 -2.001471 -0.838334 -1.665004 -1.413693
 -1.308334 -1.413693 -1.213024 -1.665004
 -1.312187 -1.178656 -2.159475 -1.178656
 -1.691672 -1.558143 -1.335002 -1.072640
 -1.819153 -1.413693 -1.126014 -1.308334
 -1.531475 -1.413693 -1.413693 -1.213024
 -1.339775 -1.540443 -1.540443 -1.172722
 -2.054114 -2.054114 -1.098615 -0.890977
 -1.263693 -1.189586 -1.631414 -1.526055
 -12.821269 -12.821269 -0.000008 -12.821269
 -12.821269 -12.821269 -0.000008 -12.821269
 -12.899230 -12.899230 -0.000007 -12.899230
 -13.122372 -13.122372 -0.000006 -13.122372
 -1.386294 -1.386294 -1.386294 -1.386294
 -1.386294 -1.386294 -1.386294 -1.386294
 -14.310209 -14.310209 -0.000002 -14.310209
 -1.386294 -1.386294 -1.386294 -1.386294
 -1.386294 -1.386294 -1.386294 -1.386294
 -1.386294 -1.386294 -1.386294 -1.386294
 -14.310209 -14.310209 -14.310209 -0.000002
 -1.386294 -1.386294 -1.386294 -1.386294
 -1.386294 -1.386294 -1.386294 -1.386294
 -1.386294 -1.386294 -1.386294 -1.386294
 -1.386294 -1.386294 -1.386294 -1.386294
 -0.000002 -14.310209 -14.310209 -14.310209
 -2.266650 -1.092534 -1.516347 -1.074515
 -1.386294 -1.386294 -1.386294 -1.386294
 -1.386294 -1.386294 -1.386294 -1.386294
 -1.386294 -1.386294 -1.386294 -1.386294
 -12.043577 -12.043577 -0.000018 -12.043577
 -13.217681 -13.217681 -0.000005 -13.217681
 -12.793870 -12.793870 -0.000008 -12.793870
 -13.235700 -13.235700 -0.000005 -13.235700
 -1.386294 -1.386294 -1.386294 -1.386294
 -1.386294 -1.386294 -1.386294 -1.386294
 -14.310209 -14.310209 -14.310209 -0.000002
 -1.386294 -1.386294 -1.386294 -1.386294
 -1.386294 -1.386294 -1.386294 -1.386294
 -1.386294 -1.386294 -1.386294 -1.386294
 -1.386294 -1.386294 -1.386294 -1.386294
 -1.462280 -1.338666 -1.293204 -1.462280
 -1.558143 -0.865002 -0.998532 -12.847937
 -1.563974 -2.374890 -0.360009 -12.971550
 -1.098614 -1.241714 -0.973452 -13.017012
 -2.028139 -0.998532 -0.693152 -12.847937
 -1.308334 -1.413693 -1.413693 -1.413693
 -1.211092 -1.452252 -1.285199 -1.652920
 -1.163152 -1.437587 -1.246533 -1.817075
 -1.386294 -1.386294 -1.386294 -1.386294
 -1.058609 -1.589233 -1.326871 -1.694593
 -1.466336 -1.265667 -1.466336 -1.360977
 -1.241714 -1.727217 -1.727217 -1.034076
 -1.642224 -1.488076 -1.488076 -1.036096
 -1.504076 -1.609436 -1.098614 -1.408767
 -1.018573 -1.637606 -1.504076 -1.504076
 -1.308334 -1.665004 -1.413693 -1.213024
 -1.631414 -1.430746 -0.995431 -1.631414
