 -1.191744 0.000100 0.000100 0.000100
 -1.455767 0.000100 0.000100 0.000100
 -1.507439 0.000100 0.000100 0.000100
 -1.420427 0.000100 0.000100 0.000100
 -1.024110 -1.391834 -1.348349 -2.020441
 -1.084327 -1.270913 -1.638636 -1.676376
 -1.054161 -1.193923 -1.481604 -2.110210
 -1.358896 -1.208614 -1.280934 -1.791758
 -1.053492 -1.162126 -1.662081 -1.905702
 -0.774189 -1.507076 -1.822156 -1.859896
 -0.962481 -1.119666 -1.602517 -2.404859
 -1.555370 -0.944463 -1.555370 -1.666595
 -0.576888 -2.093233 -2.253575 -1.560430
 -0.567985 -1.897119 -2.014901 -1.897119
 -0.559618 -1.945907 -2.233588 -1.722765
 -1.734599 -1.184556 -1.307157 -1.398129
 -2.079440 -3.008972 -0.355736 -2.079440
 -1.619908 -1.856295 -0.735709 -1.791757
 -1.698667 -2.327270 -0.556574 -1.921809
 -2.944426 -2.790277 -0.392395 -1.558144
 -13.567055 -13.567055 -0.000004 -13.567055
 -13.017012 -13.017012 -0.000007 -13.017012
 -15.158377 -15.158377 -0.000001 -15.158377
 -13.710155 -13.710155 -0.000003 -13.710155
 -1.386294 -1.386294 -1.386294 -1.386294
 -1.386294 -1.386294 -1.386294 -1.386294
 -15.600582 -15.600582 -15.600582 -0.000001
 -1.386294 -1.386294 -1.386294 -1.386294
 -1.386294 -1.386294 -1.386294 -1.386294
 -1.386294 -1.386294 -1.386294 -1.386294
 -1.386294 -1.386294 -1.386294 -1.386294
 -15.600582 -1.159132 -15.600582 -0.376526
 -1.386294 -1.386294 -1.386294 -1.386294
 -0.402796 -1.797120 -3.033875 -2.140064
 -1.386294 -1.386294 -1.386294 -1.386294
 -1.571064 -0.976763 -1.737049 -1.428748
 -14.557449 -14.557449 -0.000001 -14.557449
 -14.430698 -14.430698 -0.000002 -14.430698
 -13.604795 -13.604795 -0.000004 -13.604795
 -13.997835 -13.997835 -0.000003 -13.997835
 -1.386294 -1.386294 -1.386294 -1.386294
 -1.386294 -1.386294 -1.386294 -1.386294
 -15.600582 -15.600582 -15.600582 -0.000001
 -1.386294 -1.386294 -1.386294 -1.386294
 -1.386294 -1.386294 -1.386294 -1.386294
 -1.386294 -1.386294 -1.386294 -1.386294
 -1.386294 -1.386294 -1.386294 -1.386294
 -1.448598 -1.315067 -1.619556 -1.208457
 -1.475906 -1.113002 -1.806147 -1.278081
 -1.290984 -1.464256 -2.030649 -1.014732
 -1.369487 -1.159767 -1.474847 -1.592630
 -2.291409 -1.269761 -1.375121 -1.007397
 -1.209364 -1.524444 -2.112228 -1.013620
 -1.243978 -1.243978 -2.044754 -1.223776
 -1.386294 -1.090029 -1.709067 -1.457753
 -1.642227 -1.488077 -1.670398 -0.935288
 -1.520772 -1.125460 -1.616082 -1.353718
 -1.392684 -1.185045 -1.798148 -1.272056
 -1.131403 -1.165305 -2.230009 -1.354546
 -2.137503 -1.162126 -1.302708 -1.212557
 -1.461018 -1.164753 -1.883873 -1.190728
 -1.260817 -1.223776 -1.935270 -1.279865
 -1.888749 -1.017924 -1.446919 -1.377926
 -2.014901 -0.931559 -1.468359 -1.417066
 -1.328466 0.000100 0.000100 0.000100
 -1.432186 0.000100 0.000100 0.000100
 -1.288038 0.000100 0.000100 0.000100
 -1.511773 0.000100 0.000100 0.000100
 -1.319603 -1.361962 -1.396195 -1.473754
 -1.333090 -1.236839 -1.533185 -1.468845
 -1.263465 -1.265559 -1.487655 -1.563778
 -2.232606 -1.050245 -1.301257 -1.306707
 -1.521907 -1.290543 -1.208372 -1.570697
 -1.320919 -1.265971 -1.399220 -1.587896
 -1.571344 -1.234872 -1.335819 -1.433723
 -2.088580 -1.054130 -1.120545 -1.601770
 -1.354644 -1.373049 -1.433674 -1.385510
 -1.184281 -1.491837 -1.531545 -1.374866
 -1.398543 -1.350424 -1.424704 -1.373049
 -1.931445 -1.157035 -1.256990 -1.362051
 -1.164616 -1.385629 -1.785789 -1.308865
 -1.317679 -1.324746 -1.705691 -1.256226
 -1.265299 -1.334462 -1.643688 -1.342165
 -2.278395 -1.146791 -1.343413 -1.142742
 -16.505398 -16.505398 -0.000000 -16.505398
 -16.638674 -16.638674 -0.000000 -16.638674
 -16.327547 -16.327547 -0.000000 -16.327547
 -16.673130 -16.673130 -0.000000 -16.673130
 -1.386294 -1.386294 -1.386294 -1.386294
 -1.386294 -1.386294 -1.386294 -1.386294
 -17.931454 -17.931454 -17.931454 -0.000000
 -1.386294 -1.386294 -1.386294 -1.386294
 -1.386294 -1.386294 -1.386294 -1.386294
 -1.386294 -1.386294 -1.386294 -1.386294
 -1.386294 -1.386294 -1.386294 -1.386294
 -17.931454 -0.615806 -17.931454 -0.776976
 -1.386294 -1.386294 -1.386294 -1.386294
 -1.559958 -1.342578 -1.361248 -1.300693
 -1.386294 -1.386294 -1.386294 -1.386294
 -2.838192 -1.305570 -0.993323 -1.203618
 -15.968435 -15.968435 -0.000000 -15.968435
 -16.606062 -16.606062 -0.000000 -16.606062
 -16.756258 -16.756258 -0.000000 -16.756258
 -16.676569 -16.676569 -0.000000 -16.676569
 -1.386294 -1.386294 -1.386294 -1.386294
 -1.386294 -1.386294 -1.386294 -1.386294
 -17.931454 -17.931454 -17.931454 -0.000000
 -1.386294 -1.386294 -1.386294 -1.386294
 -1.386294 -1.386294 -1.386294 -1.386294
 -1.386294 -1.386294 -1.386294 -1.386294
 -1.386294 -1.386294 -1.386294 -1.386294
 -1.959540 -1.049752 -1.249181 -1.503670
 -1.673976 -1.095146 -1.637609 -1.260315
 -1.238421 -1.542311 -1.286167 -1.514382
 -1.334205 -1.470517 -1.185934 -1.602635
 -2.282969 -1.225979 -1.112650 -1.287854
 -1.247725 -1.393535 -1.547202 -1.379105
 -1.319021 -1.307045 -1.636873 -1.319021
 -1.291297 -1.258507 -1.554286 -1.471121
 -1.973943 -1.101381 -1.361046 -1.300897
 -1.534661 -1.343066 -1.195530 -1.510120
 -1.271900 -1.389170 -1.341918 -1.565061
 -1.348859 -1.317651 -1.471336 -1.414358
 -2.038594 -1.244777 -1.077038 -1.422211
 -1.293662 -1.548813 -1.475447 -1.256815
 -1.270079 -1.456777 -1.383233 -1.446306
 -1.296993 -1.309652 -1.249902 -1.770778
 -2.036643 -1.271942 -1.135857 -1.316394
