 -1.244533 0.000100 0.000100 0.000100
 -1.334529 0.000100 0.000100 0.000100
 -1.510592 0.000100 0.000100 0.000100
 -1.479010 0.000100 0.000100 0.000100
 -1.220502 -1.370034 -1.419631 -1.565342
 -1.089684 -1.418188 -1.515351 -1.600509
 -0.900376 -1.380961 -1.542229 -2.053053
 -1.796953 -1.168346 -1.202248 -1.501490
 -1.030405 -1.463726 -1.430390 -1.757073
 -0.802002 -1.622982 -1.515351 -2.005973
 -0.945850 -1.250339 -1.477728 -2.332141
 -1.958254 -1.123459 -1.161925 -1.510231
 -0.620985 -1.994699 -1.945909 -1.694595
 -0.745666 -1.969439 -1.586448 -1.707076
 -0.693148 -1.530875 -2.005332 -1.903550
 -1.689480 -1.178656 -1.535329 -1.229949
 -2.069184 -2.782948 -0.385057 -2.029179
 -1.459906 -1.952381 -1.036093 -1.305756
 -1.344909 -1.623622 -0.796945 -2.390873
 -2.448534 -2.315004 -0.533721 -1.476678
 -14.122998 -14.122998 -0.000002 -14.122998
 -13.710155 -13.710155 -0.000003 -13.710155
 -15.379952 -15.379952 -0.000001 -15.379952
 -14.173188 -14.173188 -0.000002 -14.173188
 -1.386294 -1.386294 -1.386294 -1.386294
 -1.386294 -1.386294 -1.386294 -1.386294
 -15.952042 -15.952042 -15.952042 -0.000000
 -1.386294 -1.386294 -1.386294 -1.386294
 -1.386294 -1.386294 -1.386294 -1.386294
 -1.386294 -1.386294 -1.386294 -1.386294
 -1.386294 -1.386294 -1.386294 -1.386294
 -15.952042 -1.889670 -0.428153 -1.623707
 -1.386294 -1.386294 -1.386294 -1.386294
 -1.001884 -1.907589 -1.450833 -1.386294
 -0.342287 -1.944100 -2.324563 -3.017708
 -1.822156 -1.092643 -1.380324 -1.380324
 -15.354527 -15.354527 -0.000001 -15.354527
 -14.247295 -14.247295 -0.000002 -14.247295
 -14.046625 -14.046625 -0.000002 -14.046625
 -13.825465 -13.825465 -0.000003 -13.825465
 -1.386294 -1.386294 -1.386294 -1.386294
 -1.386294 -1.386294 -1.386294 -1.386294
 -1.139582 -0.711016 -1.666527 -15.952042
 -1.386294 -1.386294 -1.386294 -1.386294
 -1.232671 -1.397426 -1.397426 -1.541676
 -1.053952 -1.553348 -1.796578 -1.294487
 -1.067841 -1.641186 -1.313974 -1.641186
 -1.386294 -1.386294 -1.386294 -1.386294
 -1.056501 -1.588160 -1.642227 -1.368532
 -1.441557 -1.488077 -1.397105 -1.236763
 -0.967879 -1.523824 -1.473814 -1.753398
 -1.786844 -1.529016 -1.361962 -1.022747
 -1.303407 -1.365927 -1.349927 -1.541817
 -1.442806 -1.196674 -1.770018 -1.233715
 -1.292398 -1.292398 -1.219639 -1.861492
 -1.937213 -1.171042 -1.482478 -1.143263
 -1.212557 -1.341174 -1.662081 -1.381179
 -1.280105 -1.140992 -1.634649 -1.572774
 -1.138819 -1.050527 -1.912007 -1.702287
 -1.841029 -1.330205 -1.210404 -1.277095
 -1.475346 -1.399839 -1.399839 -1.280038
 -1.378451 -1.118494 -1.823761 -1.347679
 -1.011602 -1.341843 -1.673976 -1.673976
 -2.223333 -1.140724 -1.461195 -1.078204
 -1.355841 0.000100 0.000100 0.000100
 -1.422635 0.000100 0.000100 0.000100
 -1.260262 0.000100 0.000100 0.000100
 -1.525042 0.000100 0.000100 0.000100
 -1.299046 -1.344842 -1.374392 -1.543492
 -1.355100 -1.264941 -1.466210 -1.473928
 -1.257569 -1.228809 -1.407749 -1.724168
 -2.095578 -1.041711 -1.251220 -1.435506
 -1.454141 -1.322042 -1.229908 -1.572675
 -1.273010 -1.294701 -1.419789 -1.588324
 -1.388717 -1.243129 -1.304986 -1.655750
 -2.097860 -1.063734 -1.142529 -1.545969
 -1.314835 -1.478443 -1.365051 -1.393838
 -1.226699 -1.539885 -1.470370 -1.337524
 -1.330457 -1.314767 -1.384755 -1.529141
 -1.971143 -1.242013 -1.237347 -1.266745
 -1.234168 -1.450464 -1.603915 -1.296988
 -1.323423 -1.324814 -1.596081 -1.327137
 -1.236334 -1.300569 -1.542012 -1.499570
 -2.473262 -1.146598 -1.175822 -1.239913
 -18.149529 -18.149529 0.000000 -18.149529
 -18.306952 -18.306952 0.000000 -18.306952
 -18.143873 -18.143873 0.000000 -18.143873
 -18.269392 -18.269392 0.000000 -18.269392
 -1.386294 -1.386294 -1.386294 -1.386294
 -1.386294 -1.386294 -1.386294 -1.386294
 -19.606327 -19.606327 -19.606327 0.000000
 -1.386294 -1.386294 -1.386294 -1.386294
 -1.386294 -1.386294 -1.386294 -1.386294
 -1.386294 -1.386294 -1.386294 -1.386294
 -1.386294 -1.386294 -1.386294 -1.386294
 -19.606327 -0.938864 -1.255639 -1.126905
 -1.386294 -1.386294 -1.386294 -1.386294
 -1.418933 -1.534861 -1.354839 -1.256834
 -1.380733 -1.404914 -1.238970 -1.543955
 -2.865506 -1.270746 -1.098895 -1.111137
 -17.917328 -17.917328 0.000000 -17.917328
 -18.200283 -18.200283 0.000000 -18.200283
 -18.373274 -18.373274 0.000000 -18.373274
 -18.329004 -18.329004 0.000000 -18.329004
 -1.386294 -1.386294 -1.386294 -1.386294
 -1.386294 -1.386294 -1.386294 -1.386294
 -1.089700 -0.975547 -1.249331 -19.606327
 -1.386294 -1.386294 -1.386294 -1.386294
 -1.380406 -1.398635 -1.306273 -1.466367
 -1.313322 -1.370693 -1.351410 -1.522028
 -1.327018 -1.210710 -1.403385 -1.655567
 -1.386294 -1.386294 -1.386294 -1.386294
 -1.218263 -1.633038 -1.270054 -1.477949
 -1.252185 -1.517994 -1.299399 -1.503846
 -1.146059 -1.356670 -1.405460 -1.718460
 -1.794182 -1.329436 -1.158294 -1.366143
 -1.272225 -1.400370 -1.381796 -1.504359
 -1.262531 -1.378574 -1.457184 -1.460008
 -1.190658 -1.279521 -1.424579 -1.730485
 -2.011571 -1.132557 -1.228040 -1.381716
 -1.403438 -1.443692 -1.208051 -1.516786
 -1.305117 -1.429730 -1.283487 -1.549208
 -1.301297 -1.282843 -1.356917 -1.644443
 -2.080141 -1.202435 -1.104083 -1.414237
 -1.381193 -1.478122 -1.255784 -1.444757
 -1.230059 -1.508059 -1.366050 -1.464158
 -1.293635 -1.344139 -1.330074 -1.606908
 -1.994601 -1.288031 -1.122517 -1.336898
