 -1.307318 0.000100 0.000100 0.000100
 -1.378018 0.000100 0.000100 0.000100
 -1.462037 0.000100 0.000100 0.000100
 -1.403994 0.000100 0.000100 0.000100
 -1.362684 -1.446066 -1.310725 -1.431677
 -1.066177 -1.450589 -1.602138 -1.515127
 -0.971577 -1.382318 -1.555161 -1.836573
 -1.999976 -1.335001 -1.266008 -1.140845
 -1.149906 -1.469676 -1.413323 -1.560647
 -0.804374 -1.576163 -1.691675 -1.822295
 -0.858815 -1.211636 -1.561011 -2.677969
 -1.757073 -1.086917 -1.237199 -1.609437
 -1.012957 -1.634130 -1.516347 -1.504077
 -0.900787 -1.834318 -1.974080 -1.220309
 -0.763280 -1.718790 -1.861890 -1.613430
 -1.699049 -1.358124 -1.358124 -1.194494
 -1.647659 -2.002480 -0.861566 -1.386294
 -1.386294 -1.673976 -1.386294 -1.163151
 -1.148623 -1.494368 -1.005522 -2.378568
 -2.825829 -1.769780 -0.614816 -1.471287
 -14.557449 -14.557449 -0.000001 -14.557449
 -14.430698 -14.430698 -0.000002 -14.430698
 -15.301651 -15.301651 -0.000001 -15.301651
 -14.715673 -14.715673 -0.000001 -14.715673
 -1.386294 -1.386294 -1.386294 -1.386294
 -1.386294 -1.386294 -1.386294 -1.386294
 -16.197830 -16.197830 -16.197830 -0.000000
 -1.386294 -1.386294 -1.386294 -1.386294
 -1.386294 -1.386294 -1.386294 -1.386294
 -1.386294 -1.386294 -1.386294 -1.386294
 -1.386294 -1.386294 -1.386294 -1.386294
 -16.197830 -16.197830 -0.000000 -16.197830
 -1.386294 -1.386294 -1.386294 -1.386294
 -1.386294 -1.386294 -1.386294 -1.386294
 -0.360773 -1.761744 -2.797834 -2.656756
 -1.386294 -1.386294 -1.386294 -1.386294
 -15.837059 -15.837059 -0.000000 -15.837059
 -14.436090 -14.436090 -0.000002 -14.436090
 -13.400002 -13.400002 -0.000005 -13.400002
 -13.541079 -13.541079 -0.000004 -13.541079
 -1.386294 -1.386294 -1.386294 -1.386294
 -1.386294 -1.386294 -1.386294 -1.386294
 -16.197830 -16.197830 -16.197830 -0.000000
 -1.386294 -1.386294 -1.386294 -1.386294
 -1.386294 -1.386294 -1.386294 -1.386294
 -1.386294 -1.386294 -1.386294 -1.386294
 -1.386294 -1.386294 -1.386294 -1.386294
 -1.621514 -1.621514 -1.349136 -1.063235
 -1.376992 -1.207093 -1.702414 -1.322925
 -1.222842 -1.677096 -1.628306 -1.131870
 -1.294549 -1.149719 -1.706529 -1.479471
 -2.490266 -1.567547 -1.380961 -0.782593
 -1.139435 -1.390749 -1.950363 -1.241713
 -1.080331 -1.458984 -1.991200 -1.232671
 -1.215843 -1.215843 -1.782948 -1.431551
 -2.104687 -1.335001 -1.558144 -0.905272
 -1.260062 -1.368276 -1.704748 -1.272966
 -1.544010 -1.307621 -1.746534 -1.074007
 -1.258243 -1.297463 -1.842189 -1.258243
 -2.229722 -1.308042 -1.363305 -1.004360
 -1.364507 -1.297816 -1.787363 -1.190844
 -1.417931 -1.284400 -1.795225 -1.155568
 -1.386294 -1.200891 -1.764360 -1.280934
 -2.032144 -1.255616 -1.454067 -1.048602
 -1.376088 0.000100 0.000100 0.000100
 -1.456614 0.000100 0.000100 0.000100
 -1.296194 0.000100 0.000100 0.000100
 -1.423621 0.000100 0.000100 0.000100
 -1.335388 -1.444022 -1.306401 -1.468919
 -1.347235 -1.396832 -1.405343 -1.396832
 -1.265342 -1.460402 -1.215949 -1.664497
 -1.910049 -1.565780 -0.922395 -1.404719
 -1.533005 -1.336632 -1.306095 -1.384260
 -1.322814 -1.524366 -1.231842 -1.495656
 -1.674515 -1.384680 -1.424159 -1.134801
 -1.809151 -1.377711 -1.219904 -1.242045
 -1.434613 -1.386294 -1.367602 -1.358386
 -1.460402 -1.477644 -1.332227 -1.288103
 -1.285613 -1.259970 -1.604066 -1.432216
 -2.237156 -1.621971 -0.806049 -1.389859
 -1.280934 -1.297741 -1.614078 -1.386294
 -1.245646 -1.406914 -1.493925 -1.415282
 -1.476320 -1.498299 -1.591390 -1.066036
 -2.427107 -1.299923 -1.131786 -1.149805
 -15.308415 -15.308415 -0.000001 -15.308415
 -15.454508 -15.454508 -0.000001 -15.454508
 -15.398605 -15.398605 -0.000001 -15.398605
 -15.607271 -15.607271 -0.000001 -15.607271
 -1.386294 -1.386294 -1.386294 -1.386294
 -1.386294 -1.386294 -1.386294 -1.386294
 -16.834471 -16.834471 -16.834471 -0.000000
 -1.386294 -1.386294 -1.386294 -1.386294
 -1.386294 -1.386294 -1.386294 -1.386294
 -1.386294 -1.386294 -1.386294 -1.386294
 -1.386294 -1.386294 -1.386294 -1.386294
 -16.834471 -16.834471 -0.000000 -16.834471
 -1.386294 -1.386294 -1.386294 -1.386294
 -1.386294 -1.386294 -1.386294 -1.386294
 -1.807019 -1.383855 -1.325181 -1.141023
 -1.386294 -1.386294 -1.386294 -1.386294
 -15.027452 -15.027452 -0.000001 -15.027452
 -15.450617 -15.450617 -0.000001 -15.450617
 -15.509291 -15.509291 -0.000001 -15.509291
 -15.693448 -15.693448 -0.000000 -15.693448
 -1.386294 -1.386294 -1.386294 -1.386294
 -1.386294 -1.386294 -1.386294 -1.386294
 -16.834471 -16.834471 -16.834471 -0.000000
 -1.386294 -1.386294 -1.386294 -1.386294
 -1.386294 -1.386294 -1.386294 -1.386294
 -1.386294 -1.386294 -1.386294 -1.386294
 -1.386294 -1.386294 -1.386294 -1.386294
 -1.947377 -1.431768 -0.989497 -1.399572
 -1.549619 -1.234103 -1.687769 -1.165895
 -1.348176 -1.456164 -1.372081 -1.372081
 -1.522645 -1.664820 -1.268657 -1.166573
 -2.353356 -1.515028 -0.972285 -1.181134
 -1.344976 -1.383816 -1.445060 -1.373964
 -1.281815 -1.652189 -1.322307 -1.330606
 -1.286783 -1.324762 -1.492990 -1.455532
 -2.131862 -1.466886 -0.828799 -1.540994
 -1.386294 -1.476445 -1.272350 -1.421386
 -1.217172 -1.626139 -1.282177 -1.470486
 -1.511457 -1.379780 -1.549198 -1.154042
 -2.047180 -1.411192 -1.127721 -1.193103
 -1.353999 -1.539716 -1.304402 -1.362509
 -1.309177 -1.650347 -1.191394 -1.451677
 -1.238374 -1.438351 -1.469361 -1.415708
 -2.044594 -1.625524 -0.829723 -1.437214
