 -1.298244 0.000100 0.000100 0.000100
 -1.381625 0.000100 0.000100 0.000100
 -1.507202 0.000100 0.000100 0.000100
 -1.369279 0.000100 0.000100 0.000100
 -1.213543 -1.293585 -1.699049 -1.403586
 -1.038354 -1.555043 -1.680206 -1.392525
 -0.828694 -1.372308 -2.011386 -1.736950
 -1.797912 -1.068399 -1.628014 -1.222550
 -1.083575 -1.396447 -1.624705 -1.527067
 -1.064711 -1.308908 -1.603707 -1.693319
 -0.720056 -1.326191 -1.731654 -2.647937
 -1.754018 -1.006806 -1.336284 -1.615868
 -0.972887 -1.430311 -1.372042 -2.046496
 -0.778670 -1.425296 -1.842189 -1.951388
 -0.671170 -1.378914 -2.014900 -2.266213
 -1.558144 -1.180851 -1.335001 -1.517322
 -0.900787 -1.738514 -14.755519 -0.872349
 -1.033308 -1.567389 -14.304093 -0.831071
 -0.773191 -1.229949 -14.077878 -1.401798
 -1.577349 -1.263692 -13.732133 -0.671643
 -14.695139 -14.695139 -0.000001 -14.695139
 -14.173188 -14.173188 -0.000002 -14.173188
 -1.386294 -1.386294 -1.386294 -1.386294
 -14.759418 -14.759418 -0.000001 -14.759418
 -1.386294 -1.386294 -1.386294 -1.386294
 -1.386294 -1.386294 -1.386294 -1.386294
 -15.673370 -15.673370 -15.673370 -0.000000
 -1.386294 -1.386294 -1.386294 -1.386294
 -1.386294 -1.386294 -1.386294 -1.386294
 -1.386294 -1.386294 -1.386294 -1.386294
 -1.386294 -1.386294 -1.386294 -1.386294
 -0.000001 -15.673370 -15.673370 -15.673370
 -0.697839 -1.493216 -2.591827 -1.595495
 -1.386294 -1.386294 -1.386294 -1.386294
 -1.386294 -1.386294 -1.386294 -1.386294
 -1.386294 -1.386294 -1.386294 -1.386294
 -14.975533 -14.975533 -0.000001 -14.975533
 -14.180157 -14.180157 -0.000002 -14.180157
 -13.081550 -13.081550 -0.000006 -13.081550
 -14.077878 -14.077878 -0.000002 -14.077878
 -1.386294 -1.386294 -1.386294 -1.386294
 -1.386294 -1.386294 -1.386294 -1.386294
 -1.029308 -0.807038 -1.626747 -15.673370
 -1.386294 -1.386294 -1.386294 -1.386294
 -1.306588 -1.521699 -1.850202 -1.039273
 -1.249273 -1.351927 -1.805843 -1.237151
 -1.252763 -0.828950 -2.063690 -1.891841
 -1.386294 -1.386294 -1.386294 -1.386294
 -1.115420 -1.321756 -1.758969 -1.455287
 -1.217094 -1.337238 -1.753398 -1.316185
 -1.129385 -0.957535 -2.110209 -1.761905
 -1.683125 -1.471816 -1.220502 -1.239195
 -1.492904 -1.397594 -1.375121 -1.289963
 -1.336145 -1.121735 -2.120261 -1.232961
 -0.940008 -1.386294 -1.907589 -1.556193
 -1.817076 -1.203973 -1.519825 -1.143349
 -1.117305 -1.398717 -1.791758 -1.349927
 -1.348349 -1.306677 -1.866291 -1.155446
 -1.261132 -1.073920 -1.843051 -1.529395
 -1.747795 -1.007397 -1.492904 -1.444114
 -1.255798 -1.116962 -2.110211 -1.321756
 -1.302708 -0.929195 -2.228474 -1.488810
 -1.440361 -1.022627 -1.600703 -1.600703
 -2.073469 -1.267846 -1.404422 -1.057552
 -1.341933 0.000100 0.000100 0.000100
 -1.458324 0.000100 0.000100 0.000100
 -1.177148 0.000100 0.000100 0.000100
 -1.620106 0.000100 0.000100 0.000100
 -1.192888 -1.358035 -1.586611 -1.448712
 -1.282724 -1.241644 -1.563975 -1.493844
 -1.112209 -1.306511 -1.459831 -1.783020
 -1.908754 -1.150404 -1.344085 -1.292994
 -1.528637 -1.241830 -1.166036 -1.699832
 -1.434936 -1.156644 -1.404259 -1.600575
 -1.385371 -1.057901 -1.549411 -1.659614
 -2.133929 -1.014209 -1.130361 -1.629525
 -1.297623 -1.535472 -1.114693 -1.695815
 -1.166738 -1.502799 -1.366040 -1.555909
 -1.305139 -1.296747 -1.211362 -1.847351
 -1.683380 -1.110563 -1.341936 -1.498155
 -0.884979 -1.383970 -16.371964 -1.088578
 -0.941442 -1.311024 -16.323483 -1.077661
 -0.847788 -1.224511 -16.426315 -1.281081
 -1.835819 -0.946928 -16.043373 -0.792777
 -16.673130 -16.673130 -0.000000 -16.673130
 -16.464520 -16.464520 -0.000000 -16.464520
 -1.386294 -1.386294 -1.386294 -1.386294
 -16.618872 -16.618872 -0.000000 -16.618872
 -1.386294 -1.386294 -1.386294 -1.386294
 -1.386294 -1.386294 -1.386294 -1.386294
 -17.687962 -17.687962 -17.687962 -0.000000
 -1.386294 -1.386294 -1.386294 -1.386294
 -1.386294 -1.386294 -1.386294 -1.386294
 -1.386294 -1.386294 -1.386294 -1.386294
 -1.386294 -1.386294 -1.386294 -1.386294
 0.000000 -17.687962 -17.687962 -17.687962
 -2.011476 -0.927485 -1.976331 -1.102365
 -1.386294 -1.386294 -1.386294 -1.386294
 -1.386294 -1.386294 -1.386294 -1.386294
 -1.386294 -1.386294 -1.386294 -1.386294
 -15.676486 -15.676486 -0.000000 -15.676486
 -16.760475 -16.760475 -0.000000 -16.760475
 -15.711631 -15.711631 -0.000000 -15.711631
 -16.585596 -16.585596 -0.000000 -16.585596
 -1.386294 -1.386294 -1.386294 -1.386294
 -1.386294 -1.386294 -1.386294 -1.386294
 -0.941790 -1.179175 -1.195547 -17.687962
 -1.386294 -1.386294 -1.386294 -1.386294
 -1.357886 -1.472045 -1.240564 -1.495576
 -1.457803 -1.200371 -1.561873 -1.360909
 -1.229985 -1.085630 -1.535870 -1.865973
 -1.386294 -1.386294 -1.386294 -1.386294
 -1.320558 -1.594364 -1.168119 -1.518570
 -1.203485 -1.529283 -1.238228 -1.643693
 -1.258358 -1.289035 -1.327135 -1.742356
 -1.727465 -1.422083 -1.039828 -1.480433
 -1.204238 -1.501693 -1.456311 -1.409635
 -1.208156 -1.581217 -1.481962 -1.315514
 -1.192138 -1.428376 -1.338028 -1.638001
 -1.711953 -1.222955 -1.385269 -1.291451
 -1.475154 -1.378052 -1.195730 -1.529222
 -1.357057 -1.363860 -1.323721 -1.510643
 -1.360210 -1.253189 -1.343735 -1.624902
 -1.786591 -1.190819 -1.149088 -1.553191
 -1.468167 -1.452419 -1.168650 -1.492264
 -1.236171 -1.564821 -1.370451 -1.400848
 -1.308260 -1.349306 -1.352103 -1.553085
 -1.990138 -1.341116 -1.000357 -1.452342
