 -1.201603 0.000100 0.000100 0.000100
 -1.397028 0.000100 0.000100 0.000100
 -1.586570 0.000100 0.000100 0.000100
 -1.397028 0.000100 0.000100 0.000100
 -1.217876 -1.633391 -1.345709 -1.392229
 -0.909123 -1.990033 -1.715597 -1.270913
 -0.894786 -1.343735 -1.800491 -1.800491
 -2.044100 -1.063274 -1.379126 -1.296888
 -0.967277 -1.845825 -1.922786 -1.152680
 -0.878552 -1.571697 -2.921613 -1.129866
 -0.734648 -1.201267 -1.921810 -2.614952
 -1.526056 -1.430746 -1.238375 -1.371906
 -14.547880 -1.294487 -1.386294 -0.742419
 -14.030625 -1.209364 -1.642227 -0.677149
 -13.710155 -1.065824 -1.504077 -0.836250
 -14.151986 -0.990400 -1.386294 -0.971351
 -1.386294 -1.386294 -1.386294 -1.386294
 -14.386493 -14.386493 -0.000002 -14.386493
 -14.085541 -14.085541 -0.000002 -14.085541
 -14.747676 -14.747676 -0.000001 -14.747676
 -1.386294 -1.386294 -1.386294 -1.386294
 -1.386294 -1.386294 -1.386294 -1.386294
 -15.541843 -15.541843 -0.000001 -15.541843
 -1.386294 -1.386294 -1.386294 -1.386294
 -1.386294 -1.386294 -1.386294 -1.386294
 -1.386294 -1.386294 -1.386294 -1.386294
 -15.541843 -15.541843 -15.541843 -0.000001
 -1.386294 -1.386294 -1.386294 -1.386294
 -1.386294 -1.386294 -1.386294 -1.386294
 -1.386294 -1.386294 -1.386294 -1.386294
 -1.386294 -1.386294 -1.386294 -1.386294
 -0.000001 -15.541843 -15.541843 -15.541843
 -0.748006 -1.604114 -2.524838 -1.404248
 -1.386294 -1.386294 -1.386294 -1.386294
 -1.386294 -1.386294 -1.386294 -1.386294
 -1.386294 -1.386294 -1.386294 -1.386294
 -14.793839 -14.793839 -0.000001 -14.793839
 -13.937732 -13.937732 -0.000003 -13.937732
 -13.017012 -13.017012 -0.000007 -13.017012
 -14.137597 -14.137597 -0.000002 -14.137597
 -1.386294 -1.386294 -1.386294 -1.386294
 -1.386294 -1.386294 -1.386294 -1.386294
 -0.919856 -0.880464 -1.677541 -15.541843
 -1.386294 -1.386294 -1.386294 -1.386294
 -1.094158 -1.422662 -2.010447 -1.237259
 -1.081591 -1.539015 -1.689838 -1.340165
 -1.252763 -1.127601 -2.014900 -1.358124
 -1.386294 -1.386294 -1.386294 -1.386294
 -1.171885 -1.263692 -2.123891 -1.244644
 -1.166054 -1.289668 -1.931519 -1.316336
 -1.031922 -1.330414 -1.575535 -1.757856
 -1.939394 -1.269238 -1.341559 -1.159238
 -1.180291 -1.504077 -1.564702 -1.341559
 -1.336284 -1.265667 -1.791758 -1.243194
 -1.108664 -1.347074 -1.714797 -1.469676
 -1.939394 -1.180291 -1.564702 -1.079195
 -1.050822 -1.436484 -2.018403 -1.273965
 -1.551543 -1.188639 -1.759182 -1.167133
 -1.386294 -0.831985 -1.686398 -2.043071
 -1.742968 -1.183354 -1.246533 -1.464256
 -1.364633 -1.423473 -1.741926 -1.113319
 -1.299283 -1.299283 -1.559566 -1.409284
 -1.451433 -0.797509 -2.144577 -1.618487
 -2.362299 -1.189585 -1.343735 -1.077107
 -1.669230 0.000100 0.000100 0.000100
 -1.250387 0.000100 0.000100 0.000100
 -1.227398 0.000100 0.000100 0.000100
 -1.460329 0.000100 0.000100 0.000100
 -1.376244 -1.550597 -1.011602 -1.761906
 -1.142762 -1.444430 -1.389622 -1.629573
 -1.230290 -1.145133 -1.439640 -1.879951
 -1.970806 -1.179680 -1.102719 -1.508184
 -1.307963 -1.349927 -1.349927 -1.555370
 -1.393312 -1.325258 -1.630640 -1.237151
 -1.458615 -1.229774 -1.312661 -1.579976
 -2.048980 -1.207415 -1.336033 -1.173514
 -14.686806 -1.398926 -1.033813 -0.922587
 -14.887095 -1.133459 -1.320045 -0.889263
 -14.763302 -1.042101 -1.621134 -0.799370
 -14.778687 -1.409461 -1.046556 -0.904906
 -1.386294 -1.386294 -1.386294 -1.386294
 -14.940441 -14.940441 -0.000001 -14.940441
 -14.933927 -14.933927 -0.000001 -14.933927
 -15.290275 -15.290275 -0.000001 -15.290275
 -1.386294 -1.386294 -1.386294 -1.386294
 -1.386294 -1.386294 -1.386294 -1.386294
 -16.167839 -16.167839 -0.000000 -16.167839
 -1.386294 -1.386294 -1.386294 -1.386294
 -1.386294 -1.386294 -1.386294 -1.386294
 -1.386294 -1.386294 -1.386294 -1.386294
 -16.167839 -16.167839 -16.167839 -0.000000
 -1.386294 -1.386294 -1.386294 -1.386294
 -1.386294 -1.386294 -1.386294 -1.386294
 -1.386294 -1.386294 -1.386294 -1.386294
 -1.386294 -1.386294 -1.386294 -1.386294
 -0.000000 -16.167839 -16.167839 -16.167839
 -1.804206 -1.155379 -1.839503 -1.017326
 -1.386294 -1.386294 -1.386294 -1.386294
 -1.386294 -1.386294 -1.386294 -1.386294
 -1.386294 -1.386294 -1.386294 -1.386294
 -14.363634 -14.363634 -0.000002 -14.363634
 -15.012460 -15.012460 -0.000001 -15.012460
 -14.328337 -14.328337 -0.000002 -14.328337
 -15.150513 -15.150513 -0.000001 -15.150513
 -1.386294 -1.386294 -1.386294 -1.386294
 -1.386294 -1.386294 -1.386294 -1.386294
 -1.082567 -1.170600 -1.046701 -16.167839
 -1.386294 -1.386294 -1.386294 -1.386294
 -1.211492 -1.570865 -1.321054 -1.480482
 -1.443092 -1.161925 -1.582204 -1.404871
 -1.201267 -1.237968 -1.356920 -1.885444
 -1.386294 -1.386294 -1.386294 -1.386294
 -1.161792 -1.771556 -1.229233 -1.493925
 -1.314714 -1.341382 -1.327959 -1.585004
 -1.231588 -1.314970 -1.272410 -1.835503
 -1.768979 -1.409605 -1.049165 -1.448072
 -1.317302 -1.445135 -1.240341 -1.574346
 -0.951455 -1.767661 -1.315677 -1.744131
 -1.211553 -1.513833 -1.256005 -1.622467
 -1.686398 -1.367945 -1.044546 -1.568616
 -1.379694 -1.379694 -1.315978 -1.476320
 -1.208311 -1.658228 -1.299283 -1.435084
 -1.463127 -1.285446 -1.175445 -1.696741
 -1.866982 -1.343735 -0.988914 -1.548529
 -1.343066 -1.457010 -1.254773 -1.510120
 -1.298002 -1.449808 -1.284016 -1.535330
 -1.328085 -1.482236 -1.194554 -1.584514
 -2.014901 -1.211408 -1.257218 -1.257218
