 -1.317446 0.000100 0.000100 0.000100
 -1.285697 0.000100 0.000100 0.000100
 -1.649090 0.000100 0.000100 0.000100
 -1.333706 0.000100 0.000100 0.000100
 -1.236763 -1.131403 -1.601405 -1.684786
 -1.001884 -1.163151 -1.519825 -2.287076
 -1.087440 -0.933290 -2.090736 -1.923684
 -1.913647 -0.760971 -1.585145 -1.712977
 -0.923955 -1.656321 -1.186319 -2.236136
 -0.728655 -1.621133 -1.340832 -2.844902
 -0.727438 -1.544197 -1.310583 -3.389995
 -2.470909 -0.707335 -1.318241 -1.864781
 -0.000002 -14.425279 -14.425279 -14.425279
 -0.000003 -13.937732 -13.937732 -13.937732
 -0.000003 -14.062374 -14.062374 -14.062374
 -0.000008 -12.847937 -12.847937 -12.847937
 -15.348068 -15.348068 -0.000001 -15.348068
 -1.386294 -1.386294 -1.386294 -1.386294
 -1.386294 -1.386294 -1.386294 -1.386294
 -1.386294 -1.386294 -1.386294 -1.386294
 -1.386294 -1.386294 -1.386294 -1.386294
 -1.386294 -1.386294 -1.386294 -1.386294
 -15.348068 -15.348068 -0.000001 -15.348068
 -1.386294 -1.386294 -1.386294 -1.386294
 -1.386294 -1.386294 -1.386294 -1.386294
 -1.386294 -1.386294 -1.386294 -1.386294
 -15.348068 -15.348068 -15.348068 -0.000001
 -1.386294 -1.386294 -1.386294 -1.386294
 -1.386294 -1.386294 -1.386294 -1.386294
 -1.386294 -1.386294 -1.386294 -1.386294
 -1.386294 -1.386294 -1.386294 -1.386294
 -0.000001 -15.348068 -15.348068 -15.348068
 -0.984436 -1.285697 -2.554206 -1.301445
 -1.386294 -1.386294 -1.386294 -1.386294
 -1.386294 -1.386294 -1.386294 -1.386294
 -1.386294 -1.386294 -1.386294 -1.386294
 -14.363634 -14.363634 -0.000002 -14.363634
 -14.062374 -14.062374 -0.000002 -14.062374
 -12.793870 -12.793870 -0.000008 -12.793870
 -14.046625 -14.046625 -0.000002 -14.046625
 -1.386294 -1.386294 -1.386294 -1.386294
 -1.386294 -1.386294 -1.386294 -1.386294
 -0.955944 -0.880232 -1.605127 -15.348068
 -1.386294 -1.386294 -1.386294 -1.386294
 -0.919105 -1.598264 -2.046287 -1.310583
 -1.232144 -1.287204 -1.823507 -1.306252
 -1.165305 -1.131403 -1.760009 -1.642226
 -1.386294 -1.386294 -1.386294 -1.386294
 -1.360977 -1.584120 -1.523495 -1.137833
 -1.090245 -1.601069 -1.195605 -1.834683
 -1.252764 -1.358124 -1.945906 -1.157454
 -1.937469 -1.474847 -1.244325 -1.081806
 -1.328187 -1.429969 -1.584119 -1.235814
 -0.951560 -1.437066 -1.479626 -1.907068
 -1.098613 -1.270463 -1.403994 -1.963607
 -1.542992 -1.161626 -1.542992 -1.348837
 -1.545359 -1.174986 -1.580450 -1.301737
 -1.090645 -1.609437 -1.461018 -1.461018
 -1.233532 -1.200742 -1.744356 -1.456675
 -1.761905 -1.459625 -1.459625 -1.011602
 -1.369487 -1.187166 -1.826244 -1.274177
 -1.361803 -1.330055 -1.617736 -1.269430
 -1.119233 -1.449473 -1.540444 -1.493925
 -2.197221 -1.075083 -1.198696 -1.402295
 -1.342998 0.000100 0.000100 0.000100
 -1.659334 0.000100 0.000100 0.000100
 -1.051088 0.000100 0.000100 0.000100
 -1.613872 0.000100 0.000100 0.000100
 -1.187167 -1.438480 -1.304949 -1.679640
 -1.276294 -0.870832 -1.681755 -2.151752
 -1.661396 -1.037245 -1.191395 -1.884538
 -1.860747 -1.098614 -1.321756 -1.408767
 -1.178656 -1.648656 -0.955514 -2.159475
 -1.021653 -1.609437 -1.373049 -1.678429
 -1.696447 -1.098614 -1.003304 -2.148427
 -2.970375 -0.773195 -1.024507 -2.054114
 -0.000005 -13.235700 -13.235700 -13.235700
 -0.000005 -13.353481 -13.353481 -13.353481
 -0.000004 -13.527834 -13.527834 -13.527834
 -0.000009 -12.676088 -12.676088 -12.676088
 -14.630877 -14.630877 -0.000001 -14.630877
 -1.386294 -1.386294 -1.386294 -1.386294
 -1.386294 -1.386294 -1.386294 -1.386294
 -1.386294 -1.386294 -1.386294 -1.386294
 -1.386294 -1.386294 -1.386294 -1.386294
 -1.386294 -1.386294 -1.386294 -1.386294
 -14.630877 -14.630877 -0.000001 -14.630877
 -1.386294 -1.386294 -1.386294 -1.386294
 -1.386294 -1.386294 -1.386294 -1.386294
 -1.386294 -1.386294 -1.386294 -1.386294
 -14.630877 -14.630877 -14.630877 -0.000001
 -1.386294 -1.386294 -1.386294 -1.386294
 -1.386294 -1.386294 -1.386294 -1.386294
 -1.386294 -1.386294 -1.386294 -1.386294
 -1.386294 -1.386294 -1.386294 -1.386294
 -0.000001 -14.630877 -14.630877 -14.630877
 -1.731655 -1.360092 -1.613872 -1.001695
 -1.386294 -1.386294 -1.386294 -1.386294
 -1.386294 -1.386294 -1.386294 -1.386294
 -1.386294 -1.386294 -1.386294 -1.386294
 -12.899230 -12.899230 -0.000007 -12.899230
 -13.270790 -13.270790 -0.000005 -13.270790
 -13.017012 -13.017012 -0.000007 -13.017012
 -13.629186 -13.629186 -0.000004 -13.629186
 -1.386294 -1.386294 -1.386294 -1.386294
 -1.386294 -1.386294 -1.386294 -1.386294
 -1.342998 -0.977884 -1.013816 -14.630877
 -1.386294 -1.386294 -1.386294 -1.386294
 -1.033017 -1.512587 -1.512587 -1.592629
 -1.803591 -0.976917 -1.670061 -1.307157
 -1.410987 -1.039425 -1.228666 -2.209488
 -1.386294 -1.386294 -1.386294 -1.386294
 -1.116963 -1.704745 -1.116963 -1.810105
 -1.259543 -1.819155 -1.168572 -1.413693
 -0.879252 -1.485384 -1.572395 -1.890845
 -1.838274 -0.950979 -1.011604 -2.397879
 -1.511457 -1.446919 -1.000634 -1.734599
 -1.446918 -2.140057 -1.223777 -1.041456
 -1.446919 -1.654557 -1.174986 -1.329136
 -2.054114 -1.265667 -1.466336 -1.024507
 -1.306252 -1.673974 -1.098614 -1.568614
 -1.056055 -1.430746 -1.749196 -1.430746
 -1.763586 -1.070443 -1.203974 -1.683544
 -1.824546 -1.236763 -1.131404 -1.488076
 -1.223777 -1.292769 -1.629238 -1.446918
 -1.293922 -2.047687 -1.354546 -1.082614
 -1.178656 -1.535329 -1.401798 -1.466336
 -2.261751 -1.568614 -0.926765 -1.232145
