 -1.182199 0.000100 0.000100 0.000100
 -1.335709 0.000100 0.000100 0.000100
 -1.459677 0.000100 0.000100 0.000100
 -1.618917 0.000100 0.000100 0.000100
 -1.083345 -1.298002 -1.270222 -2.228475
 -1.037724 -1.329634 -1.535970 -1.796253
 -1.078512 -1.034709 -1.412003 -2.798291
 -1.865866 -0.889858 -1.295323 -1.828126
 -0.815750 -1.535330 -1.571697 -2.005332
 -0.940752 -1.360605 -1.643467 -1.833510
 -0.951798 -1.165946 -1.499437 -2.537421
 -1.936338 -1.060873 -1.386294 -1.348554
 -0.453784 -2.817608 -2.360852 -1.557358
 -0.601033 -1.902984 -2.293849 -1.600704
 -0.558229 -2.014901 -1.696448 -2.197222
 -1.625966 -1.668526 -1.193104 -1.166435
 -15.328439 -15.328439 -0.000001 -15.328439
 -13.815515 -13.815515 -0.000003 -13.815515
 -14.022528 -14.022528 -0.000002 -14.022528
 -14.352006 -14.352006 -0.000002 -14.352006
 -1.386294 -1.386294 -1.386294 -1.386294
 -1.386294 -1.386294 -1.386294 -1.386294
 -15.953221 -15.953221 -0.000000 -15.953221
 -1.386294 -1.386294 -1.386294 -1.386294
 -1.386294 -1.386294 -1.386294 -1.386294
 -1.386294 -1.386294 -1.386294 -1.386294
 -15.953221 -15.953221 -15.953221 -0.000000
 -1.386294 -1.386294 -1.386294 -1.386294
 -1.386294 -1.386294 -1.386294 -1.386294
 -1.386294 -1.386294 -1.386294 -1.386294
 -1.386294 -1.386294 -1.386294 -1.386294
 -0.483300 -2.232021 -1.745668 -2.288533
 -0.898290 -1.296737 -2.347557 -1.497407
 -0.899943 -1.375365 -1.566420 -2.025949
 -0.822826 -1.531476 -1.531476 -2.052771
 -1.746295 -1.235472 -1.458615 -1.196252
 -0.755668 -1.847848 -15.009435 -0.986909
 -0.842824 -1.455928 -14.617514 -1.089684
 -0.924591 -1.011602 -14.006134 -1.428495
 -1.308908 -1.207812 -14.369398 -0.841568
 -1.439719 -1.612332 -1.380531 -1.164308
 -1.187444 -1.560647 -1.491655 -1.347074
 -1.386294 -1.386294 -1.386294 -1.386294
 -1.926236 -1.972756 -1.221791 -0.866240
 -1.136765 -1.446919 -1.973010 -1.188058
 -1.180291 -1.475090 -1.629240 -1.316866
 -1.208508 -1.372811 -1.613973 -1.390830
 -1.581944 -1.355417 -1.315677 -1.315677
 -1.319603 -1.514912 -1.575536 -1.184058
 -1.247990 -1.281891 -1.581134 -1.471133
 -1.081806 -1.304949 -1.592630 -1.679641
 -1.827160 -1.107346 -1.430746 -1.310945
 -1.214685 -1.457246 -1.418780 -1.477049
 -1.425687 -1.276651 -1.519213 -1.340165
 -1.178655 -1.312187 -1.353859 -1.802808
 -1.900239 -1.358643 -1.255102 -1.176322
 -1.183452 -1.299283 -1.876597 -1.316983
 -1.188935 -1.203973 -1.810108 -1.461802
 -1.331235 -1.349253 -1.245713 -1.667706
 -2.074620 -1.056053 -1.806357 -1.015231
 -1.171638 -1.186905 -1.927304 -1.429466
 -1.203973 -1.152013 -1.857898 -1.478410
 -1.222550 -1.265109 -1.597242 -1.510231
 -1.819157 -1.008229 -1.791759 -1.183170
 -1.369347 0.000100 0.000100 0.000100
 -1.286999 0.000100 0.000100 0.000100
 -1.432337 0.000100 0.000100 0.000100
 -1.465863 0.000100 0.000100 0.000100
 -1.414959 -1.296073 -1.201950 -1.699074
 -1.347531 -1.223012 -1.344801 -1.686399
 -1.365155 -1.226758 -1.268603 -1.770822
 -2.167197 -1.086052 -1.059657 -1.602558
 -1.253929 -1.414322 -1.403423 -1.488220
 -1.112330 -1.558945 -1.453858 -1.481999
 -1.291678 -1.312732 -1.282661 -1.721440
 -2.027458 -1.191748 -1.260491 -1.268954
 -1.175375 -1.571211 -1.677505 -1.215155
 -1.345146 -1.598221 -1.766981 -1.004045
 -1.187878 -1.410399 -1.823279 -1.239286
 -2.450146 -1.289233 -1.277304 -1.023183
 -18.424074 -18.424074 0.000000 -18.424074
 -18.360188 -18.360188 0.000000 -18.360188
 -18.200283 -18.200283 0.000000 -18.200283
 -18.706612 -18.706612 0.000000 -18.706612
 -1.386294 -1.386294 -1.386294 -1.386294
 -1.386294 -1.386294 -1.386294 -1.386294
 -19.826263 -19.826263 0.000000 -19.826263
 -1.386294 -1.386294 -1.386294 -1.386294
 -1.386294 -1.386294 -1.386294 -1.386294
 -1.386294 -1.386294 -1.386294 -1.386294
 -19.826263 -19.826263 -19.826263 0.000000
 -1.386294 -1.386294 -1.386294 -1.386294
 -1.386294 -1.386294 -1.386294 -1.386294
 -1.386294 -1.386294 -1.386294 -1.386294
 -1.386294 -1.386294 -1.386294 -1.386294
 -1.921253 -1.194592 -1.102962 -1.519311
 -1.678060 -1.259232 -1.438372 -1.230733
 -1.185440 -1.571617 -1.283935 -1.561917
 -1.495983 -1.374688 -1.124055 -1.619015
 -2.125881 -1.123112 -1.212788 -1.354644
 -0.990296 -1.196876 -18.313763 -1.119642
 -1.136051 -1.079710 -18.477629 -1.081102
 -1.002683 -1.062677 -18.593710 -1.246265
 -1.708403 -0.816338 -18.350044 -0.976047
 -1.454159 -1.427729 -1.170167 -1.531388
 -1.310164 -1.432611 -1.290972 -1.529999
 -1.386294 -1.386294 -1.386294 -1.386294
 -2.118704 -1.257457 -1.034209 -1.427414
 -1.261007 -1.547586 -1.402136 -1.355572
 -1.204906 -1.530873 -1.310052 -1.541185
 -1.292976 -1.440196 -1.190133 -1.690187
 -2.027120 -1.281393 -1.141871 -1.304108
 -1.302745 -1.420213 -1.384828 -1.443136
 -1.317371 -1.359812 -1.492187 -1.384009
 -1.214867 -1.328300 -1.486441 -1.550475
 -2.021683 -1.154411 -1.349988 -1.227306
 -1.426503 -1.429408 -1.172429 -1.556901
 -1.314093 -1.420473 -1.292247 -1.536981
 -1.340259 -1.324345 -1.258051 -1.671113
 -2.077745 -1.262042 -1.038264 -1.436983
 -1.283337 -1.446319 -1.387386 -1.436635
 -1.209456 -1.429169 -1.382486 -1.555049
 -1.279359 -1.382764 -1.220453 -1.738386
 -1.938914 -1.235025 -1.203091 -1.327845
 -1.327457 -1.376610 -1.403691 -1.440843
 -1.347230 -1.315668 -1.564611 -1.337213
 -1.238182 -1.255266 -1.535043 -1.562350
 -2.065468 -1.166014 -1.316619 -1.225556
