 -1.237296 0.000100 0.000100 0.000100
 -1.398357 0.000100 0.000100 0.000100
 -1.448119 0.000100 0.000100 0.000100
 -1.479209 0.000100 0.000100 0.000100
 -1.330055 -1.330055 -1.132230 -1.905417
 -0.945851 -1.543686 -1.590206 -1.638996
 -1.119233 -1.183771 -1.876915 -1.540444
 -2.068966 -1.027518 -1.335001 -1.375823
 -0.946929 -1.757856 -1.662547 -1.386294
 -1.081806 -1.512588 -1.826244 -1.274177
 -1.049823 -1.171184 -1.714797 -1.832579
 -1.646250 -1.160745 -1.474401 -1.327798
 -1.151455 -1.654557 -1.511457 -1.301737
 -1.267434 -1.638996 -1.801514 -1.023812
 -0.745793 -1.717649 -2.054119 -1.523495
 -3.218855 -1.139435 -1.309334 -0.994254
 -13.937732 -13.937732 -0.000003 -13.937732
 -13.732133 -13.732133 -0.000003 -13.732133
 -13.641162 -13.641162 -0.000004 -13.641162
 -14.062374 -14.062374 -0.000002 -14.062374
 -1.386294 -1.386294 -1.386294 -1.386294
 -1.386294 -1.386294 -1.386294 -1.386294
 -15.243427 -15.243427 -0.000001 -15.243427
 -1.386294 -1.386294 -1.386294 -1.386294
 -1.386294 -1.386294 -1.386294 -1.386294
 -1.386294 -1.386294 -1.386294 -1.386294
 -15.243427 -15.243427 -15.243427 -0.000001
 -1.386294 -1.386294 -1.386294 -1.386294
 -1.386294 -1.386294 -1.386294 -1.386294
 -1.386294 -1.386294 -1.386294 -1.386294
 -1.386294 -1.386294 -1.386294 -1.386294
 -0.000001 -15.243427 -15.243427 -15.243427
 -1.379126 -1.212805 -2.422167 -1.015807
 -1.386294 -1.386294 -1.386294 -1.386294
 -1.386294 -1.386294 -1.386294 -1.386294
 -1.386294 -1.386294 -1.386294 -1.386294
 -13.864305 -13.864305 -0.000003 -13.864305
 -14.030625 -14.030625 -0.000002 -14.030625
 -12.821269 -12.821269 -0.000008 -12.821269
 -14.227623 -14.227623 -0.000002 -14.227623
 -1.386294 -1.386294 -1.386294 -1.386294
 -1.386294 -1.386294 -1.386294 -1.386294
 -15.243427 -15.243427 -15.243427 -0.000001
 -1.386294 -1.386294 -1.386294 -1.386294
 -1.386294 -1.386294 -1.386294 -1.386294
 -1.386294 -1.386294 -1.386294 -1.386294
 -1.386294 -1.386294 -1.386294 -1.386294
 -1.756420 -1.350955 -1.784590 -0.915093
 -13.487012 -13.487012 -13.487012 -0.000004
 -13.892475 -13.892475 -13.892475 -0.000003
 -13.458841 -13.458841 -13.458841 -0.000004
 -14.328337 -14.328337 -14.328337 -0.000002
 -1.386294 -1.386294 -1.386294 -1.386294
 -1.386294 -1.386294 -1.386294 -1.386294
 -1.386294 -1.386294 -1.386294 -1.386294
 -1.972642 -1.270912 -1.590435 -0.976841
 -1.575535 -1.116006 -2.450992 -0.969403
 -1.296438 -1.671130 -1.504077 -1.151257
 -1.446919 -1.110448 -1.609437 -1.446919
 -2.753653 -1.144223 -1.206099 -1.144223
 -1.531476 -0.936771 -2.512294 -1.168572
 -1.483286 -1.168206 -2.214170 -1.041455
 -0.970359 -1.418383 -1.914817 -1.462834
 -1.815288 -1.304465 -1.563975 -1.031172
 -1.368276 0.000100 0.000100 0.000100
 -1.442383 0.000100 0.000100 0.000100
 -1.442383 0.000100 0.000100 0.000100
 -1.299284 0.000100 0.000100 0.000100
 -1.540440 -0.847310 -1.252767 -2.638986
 -2.564880 -0.619056 -1.178661 -2.564880
 -1.871783 -0.619056 -2.564880 -1.466334
 -2.014880 -1.098619 -2.707977 -0.762152
 -0.980846 -0.980846 -2.079391 -2.079391
 -1.427116 -2.120246 -1.139438 -1.139438
 -2.302525 -0.916306 -1.203979 -1.609428
 -11.695280 -1.098621 -1.098621 -1.098621
 -2.302525 -1.609428 -0.356701 -11.512965
 -1.540440 -1.540440 -1.540440 -1.029628
 -0.980838 -1.673968 -1.673968 -1.386294
 -2.707977 -0.762152 -1.321757 -1.609431
 -11.608273 -11.608273 -0.000027 -11.608273
 -11.918417 -11.918417 -0.000020 -11.918417
 -12.043577 -12.043577 -0.000018 -12.043577
 -11.695280 -11.695280 -0.000025 -11.695280
 -1.386294 -1.386294 -1.386294 -1.386294
 -1.386294 -1.386294 -1.386294 -1.386294
 -13.217681 -13.217681 -0.000005 -13.217681
 -1.386294 -1.386294 -1.386294 -1.386294
 -1.386294 -1.386294 -1.386294 -1.386294
 -1.386294 -1.386294 -1.386294 -1.386294
 -13.217681 -13.217681 -13.217681 -0.000005
 -1.386294 -1.386294 -1.386294 -1.386294
 -1.386294 -1.386294 -1.386294 -1.386294
 -1.386294 -1.386294 -1.386294 -1.386294
 -1.386294 -1.386294 -1.386294 -1.386294
 -0.000005 -13.217681 -13.217681 -13.217681
 -1.522425 -1.522425 -1.704745 -0.962813
 -1.386294 -1.386294 -1.386294 -1.386294
 -1.386294 -1.386294 -1.386294 -1.386294
 -1.386294 -1.386294 -1.386294 -1.386294
 -11.695280 -11.695280 -0.000025 -11.695280
 -11.695280 -11.695280 -0.000025 -11.695280
 -11.512965 -11.512965 -0.000030 -11.512965
 -12.254882 -12.254882 -0.000014 -12.254882
 -1.386294 -1.386294 -1.386294 -1.386294
 -1.386294 -1.386294 -1.386294 -1.386294
 -13.217681 -13.217681 -13.217681 -0.000005
 -1.386294 -1.386294 -1.386294 -1.386294
 -1.386294 -1.386294 -1.386294 -1.386294
 -1.386294 -1.386294 -1.386294 -1.386294
 -1.386294 -1.386294 -1.386294 -1.386294
 -1.522425 -1.299284 -1.368276 -1.368276
 -11.695280 -11.695280 -11.695280 -0.000025
 -11.918417 -11.918417 -11.918417 -0.000020
 -11.849426 -11.849426 -11.849426 -0.000021
 -11.849426 -11.849426 -11.849426 -0.000021
 -1.386294 -1.386294 -1.386294 -1.386294
 -1.386294 -1.386294 -1.386294 -1.386294
 -1.386294 -1.386294 -1.386294 -1.386294
 -1.442383 -1.299284 -1.522425 -1.299284
 -1.871783 -1.466334 -1.466334 -0.955522
 -1.321757 -2.014880 -1.098619 -1.321757
 -1.791743 -1.098621 -1.098621 -1.791743
 -2.014880 -1.321757 -0.916301 -1.609431
 -0.916306 -2.302525 -2.302525 -0.916306
 -0.955522 -1.178661 -1.871783 -1.871783
 -1.280936 -1.280936 -0.944470 -2.890294
 -2.638986 -1.029628 -1.252767 -1.252767
