 -1.389084 0.000100 0.000100 0.000100
 -1.238932 0.000100 0.000100 0.000100
 -1.586037 0.000100 0.000100 0.000100
 -1.361534 0.000100 0.000100 0.000100
 -1.217094 -1.126943 -1.603866 -1.721649
 -1.530875 -1.405712 -1.466337 -1.178655
 -1.524696 -0.983100 -1.589235 -1.589235
 -1.688575 -1.343735 -1.225952 -1.343735
 -1.228666 -1.005523 -1.921811 -1.634130
 -1.182199 -1.572396 -1.643014 -1.229452
 -1.410392 -0.889858 -2.233589 -1.435084
 -1.374866 -1.632694 -1.470176 -1.133704
 -1.245216 -1.098613 -1.887068 -1.481604
 -1.400893 -1.362427 -1.931520 -1.042260
 -1.444888 -0.734648 -2.732733 -1.516347
 -1.583462 -1.169487 -1.440361 -1.396876
 -1.320337 -1.011602 -1.951607 -1.481604
 -1.293673 -1.357186 -1.830473 -1.177601
 -1.230881 -0.920727 -1.782947 -1.954796
 -1.146622 -1.496295 -1.325670 -1.646577
 -1.093770 -1.233532 -1.801515 -1.566676
 -1.429466 -1.429466 -1.777772 -1.043805
 -1.279431 -0.847299 -2.405437 -1.594512
 -1.261840 -1.501070 -1.305326 -1.501070
 -1.223776 -0.987387 -2.060022 -1.580450
 -1.634130 -1.685423 -1.538820 -0.904170
 -1.130616 -1.233270 -1.666132 -1.625310
 -1.272181 -1.442806 -1.442806 -1.397344
 -1.268512 -0.926763 -2.038618 -1.646577
 -1.741497 -1.376038 -1.712509 -0.937126
 -1.454245 -0.876931 -1.828937 -1.661883
 -1.284016 -1.635413 -1.114117 -1.609437
 -1.098613 -0.924950 -2.214613 -1.826850
 -1.655957 -1.501807 -1.632427 -0.939281
 -1.487099 -0.872734 -1.805551 -1.651401
 -1.289963 -1.544197 -1.174451 -1.598264
 -1.375365 -0.726671 -2.639052 -1.648658
 -1.716335 -1.372564 -1.742310 -0.937247
 -1.616555 -0.592053 -2.240706 -1.953025
 -1.310583 -1.420583 -1.375121 -1.444114
 -0.907018 -1.169382 -2.085670 -1.823306
 -2.079440 -1.586965 -1.965030 -0.634308
 -1.213023 -1.243795 -1.936939 -1.308333
 -1.332806 -1.515127 -1.375365 -1.332806
 -1.144335 -0.910721 -2.297011 -1.721649
 -1.320337 -1.219241 -1.769286 -1.320337
 -0.928977 -1.168206 -2.381222 -1.601069
 -1.042821 -1.419631 -1.647020 -1.545924
 -0.862891 -1.049220 -2.634843 -1.857141
 -1.219241 -1.350576 -1.586965 -1.423336
 -1.079921 -1.108092 -1.890848 -1.718999
 -1.747587 -1.193278 -1.517064 -1.193278
 -14.639688 -0.452613 -1.995357 -1.478102
 -14.613020 -1.377326 -1.168571 -0.827967
 -13.928843 -0.847299 -1.317302 -1.192139
 -14.260199 -1.221215 -0.989414 -1.098613
 -1.386294 -1.386294 -1.386294 -1.386294
 -14.897317 -0.000001 -14.897317 -14.897317
 -14.446785 -0.000002 -14.446785 -14.446785
 -14.669928 -0.000001 -14.669928 -14.669928
 -1.386294 -1.386294 -1.386294 -1.386294
 -1.423178 -1.377972 -1.634827 -1.164824
 -1.386294 -1.386294 -1.386294 -1.386294
 -1.386294 -1.386294 -1.386294 -1.386294
 -1.303144 -1.202048 -2.262917 -1.127940
 -1.701989 -0.935818 -1.797299 -1.348349
 -1.330725 -1.029620 -1.945908 -1.445135
 -1.519825 -1.121187 -1.479820 -1.479820
 -1.034451 -1.086637 -2.221613 -1.615480
 -1.593308 -1.027995 -1.593308 -1.444888
 -1.282616 -1.115563 -1.643628 -1.601069
 -2.235373 -0.874401 -1.446919 -1.424446
 -1.591088 -0.853491 -3.008145 -1.136353
 -1.504077 -1.053661 -1.780330 -1.345013
 -1.686398 -1.191703 -1.769779 -1.076634
 -2.184799 -0.855667 -1.897118 -1.163151
 -1.496642 -0.872489 -2.258778 -1.371479
 -1.500367 -1.263978 -1.905831 -1.062112
 -1.704747 -1.098613 -1.650680 -1.227825
 -2.156400 -1.018570 -1.661706 -1.098613
 -1.106160 -1.176778 -2.325395 -1.335001
 -1.804181 -0.993252 -1.708871 -1.258955
 -1.209838 -1.072638 -2.097137 -1.440361
 -2.210468 -1.034897 -1.537525 -1.138887
 -1.436484 -1.031020 -2.323783 -1.178656
 -1.536469 -1.181648 -1.764252 -1.181648
 -1.529395 -1.203973 -2.148431 -1.003303
 -2.833207 -1.027661 -1.791758 -0.875470
 -0.631591 -1.339774 -2.271328 -2.271328
 -1.037244 -1.661397 -1.098613 -2.100763
 -1.219974 -1.157454 -1.475906 -1.820745
 -1.378326 -1.258781 -1.217396 -1.783790
 -14.711600 -0.000001 -14.711600 -14.711600
 -14.414350 -0.000002 -14.414350 -14.414350
 -14.457367 -0.000002 -14.457367 -14.457367
 -13.825465 -0.000003 -13.825465 -13.825465
 -1.386294 -1.386294 -1.386294 -1.386294
 -0.000001 -15.786811 -15.786811 -15.786811
 -1.386294 -1.386294 -1.386294 -1.386294
 -1.386294 -1.386294 -1.386294 -1.386294
 -15.786811 -15.786811 -0.000000 -15.786811
 -1.386294 -1.386294 -1.386294 -1.386294
 -1.386294 -1.386294 -1.386294 -1.386294
 -1.386294 -1.386294 -1.386294 -1.386294
 -1.386294 -1.386294 -1.386294 -1.386294
 -1.386294 -1.386294 -1.386294 -1.386294
 -1.340028 -1.340028 -1.234135 -1.686120
 -1.386294 -1.386294 -1.386294 -1.386294
 -1.522870 -1.266150 -1.802454 -1.093308
 -1.739933 -1.324419 -1.407801 -1.158905
 -1.704747 -0.998529 -1.876597 -1.215200
 -1.999975 -0.796006 -1.424613 -1.754854
 -1.129866 -1.129866 -1.732039 -1.732039
 -1.353505 -1.246533 -1.651997 -1.337504
 -1.259881 -1.337842 -1.452252 -1.514772
 -1.866982 -0.963272 -1.571518 -1.362427
 -1.376011 0.000100 0.000100 0.000100
 -1.227898 0.000100 0.000100 0.000100
 -1.373583 0.000100 0.000100 0.000100
 -1.602909 0.000100 0.000100 0.000100
 -1.471686 -1.227063 -1.205189 -1.727804
 -1.508016 -1.204089 -1.318747 -1.554874
 -1.461834 -0.955552 -1.508229 -1.818384
 -2.148362 -0.930112 -1.312332 -1.515839
 -1.519042 -1.129282 -1.270900 -1.730283
 -1.424953 -1.195798 -1.275299 -1.727825
 -1.614096 -0.856897 -1.483000 -1.900482
 -2.157266 -0.944804 -1.223616 -1.602269
 -1.257352 -1.334492 -1.479825 -1.493324
 -1.260928 -1.376555 -1.330865 -1.609870
 -1.270058 -1.116877 -1.500180 -1.779076
 -1.831191 -1.083784 -1.249108 -1.538494
 -1.521057 -1.208158 -1.181645 -1.737280
 -1.516249 -1.213794 -1.309163 -1.544811
 -1.419836 -0.994236 -1.547091 -1.740835
 -2.103106 -0.964599 -1.297571 -1.497928
 -1.570112 -1.142928 -1.224274 -1.719682
 -1.455265 -1.198396 -1.253995 -1.716904
 -1.540317 -0.879092 -1.551147 -1.841859
 -2.090196 -0.956347 -1.249247 -1.583175
 -1.277436 -1.340398 -1.482976 -1.458666
 -1.263591 -1.416284 -1.364841 -1.517189
 -1.308237 -1.082130 -1.532265 -1.744198
 -1.808775 -1.107805 -1.281334 -1.477552
 -1.489271 -1.218934 -1.191717 -1.741720
 -1.529546 -1.198125 -1.306238 -1.556990
 -1.468514 -0.988506 -1.526856 -1.712672
 -2.085261 -0.950976 -1.301946 -1.526201
 -1.562826 -1.092823 -1.282096 -1.727473
 -1.432858 -1.182326 -1.265902 -1.755479
 -1.670398 -0.793655 -1.535083 -1.936545
 -2.252339 -0.922325 -1.225032 -1.592064
 -1.245899 -1.350646 -1.537888 -1.433761
 -1.275485 -1.421148 -1.295546 -1.582215
 -1.343125 -1.058584 -1.530923 -1.739042
 -1.875076 -1.148577 -1.218441 -1.452955
 -1.574062 -1.262872 -1.122430 -1.690269
 -1.571161 -1.234935 -1.263651 -1.519954
 -1.501836 -0.970885 -1.472953 -1.776177
 -2.185047 -0.952722 -1.267450 -1.512814
 -1.616679 -1.149034 -1.291033 -1.562966
 -1.477281 -1.135496 -1.385366 -1.608201
 -1.615857 -0.833019 -1.572646 -1.838541
 -2.138000 -0.936662 -1.276703 -1.554854
 -1.264531 -1.451383 -1.440096 -1.400487
 -1.242337 -1.489236 -1.248162 -1.615887
 -1.327172 -1.116047 -1.463255 -1.738863
 -1.833246 -1.194720 -1.222289 -1.415673
 -17.731327 -1.132658 -0.779887 -1.517012
 -17.771933 -1.245709 -0.880494 -1.211719
 -17.762707 -0.895557 -1.054605 -1.413500
 -17.533220 -0.989204 -1.032587 -1.301796
 -1.386294 -1.386294 -1.386294 -1.386294
 -18.030153 0.000000 -18.030153 -18.030153
 -18.164238 0.000000 -18.164238 -18.164238
 -17.734907 0.000000 -17.734907 -17.734907
 -1.386294 -1.386294 -1.386294 -1.386294
 -1.254274 -1.461403 -1.347649 -1.500782
 -1.386294 -1.386294 -1.386294 -1.386294
 -1.386294 -1.386294 -1.386294 -1.386294
 -1.337120 -1.484011 -1.080130 -1.765384
 -1.472905 -1.283231 -1.261183 -1.559304
 -1.414657 -0.986226 -1.529607 -1.787436
 -2.087970 -0.981978 -1.216367 -1.583833
 -1.579949 -1.044459 -1.247865 -1.864232
 -1.480216 -1.150724 -1.246662 -1.780575
 -1.723054 -0.763835 -1.566033 -1.919152
 -2.259957 -0.780981 -1.377296 -1.685085
 -1.216533 -1.372079 -1.467715 -1.515430
 -1.206231 -1.448580 -1.358066 -1.567263
 -1.343273 -1.082895 -1.496286 -1.734799
 -1.730098 -1.176846 -1.256548 -1.470333
 -1.594710 -1.281809 -1.093111 -1.691051
 -1.577631 -1.222926 -1.301872 -1.482159
 -1.490555 -0.975891 -1.467025 -1.788053
 -2.190287 -0.943893 -1.324121 -1.456851
 -1.597967 -1.066403 -1.328689 -1.668002
 -1.520424 -1.144003 -1.316340 -1.636169
 -1.612762 -0.782391 -1.582692 -1.981001
 -2.151661 -0.881925 -1.312802 -1.606150
 -1.215653 -1.482307 -1.389269 -1.482307
 -1.172700 -1.593459 -1.248811 -1.607426
 -1.375516 -1.116144 -1.367458 -1.801828
 -1.715815 -1.214896 -1.178012 -1.534554
 -1.671891 -1.297197 -0.917525 -1.971087
 -1.692906 -1.293627 -1.037458 -1.674577
 -1.560144 -1.081118 -1.191603 -1.917703
 -1.858920 -1.112053 -1.101183 -1.699371
 -17.412001 0.000000 -17.412001 -17.412001
 -17.895926 0.000000 -17.895926 -17.895926
 -18.035753 0.000000 -18.035753 -18.035753
 -17.272774 0.000000 -17.272774 -17.272774
 -1.386294 -1.386294 -1.386294 -1.386294
 0.000000 -19.090662 -19.090662 -19.090662
 -1.386294 -1.386294 -1.386294 -1.386294
 -1.386294 -1.386294 -1.386294 -1.386294
 -19.090662 -19.090662 0.000000 -19.090662
 -1.386294 -1.386294 -1.386294 -1.386294
 -1.386294 -1.386294 -1.386294 -1.386294
 -1.386294 -1.386294 -1.386294 -1.386294
 -1.386294 -1.386294 -1.386294 -1.386294
 -1.386294 -1.386294 -1.386294 -1.386294
 -1.612102 -0.746646 -1.673738 -1.973038
 -1.386294 -1.386294 -1.386294 -1.386294
 -1.369504 -1.291871 -1.408604 -1.484894
 -1.216139 -1.399992 -1.400868 -1.557578
 -1.273161 -1.071693 -1.594543 -1.745115
 -1.636295 -1.086176 -1.398515 -1.510354
 -1.413693 -1.331680 -1.173753 -1.695436
 -1.488103 -1.270101 -1.315578 -1.491313
 -1.506338 -0.974968 -1.478598 -1.753780
 -2.013431 -1.024820 -1.322124 -1.422789
