 -1.284016 0.000100 0.000100 0.000100
 -1.354332 0.000100 0.000100 0.000100
 -1.401799 0.000100 0.000100 0.000100
 -1.519582 0.000100 0.000100 0.000100
 -1.195776 -1.326396 -1.720299 -1.374024
 -1.105258 -1.256080 -1.379694 -2.021545
 -0.810931 -1.280934 -2.136597 -1.834317
 -2.079438 -1.484734 -0.960211 -1.325670
 -1.337238 -1.198402 -1.426186 -1.632037
 -1.092182 -1.517064 -1.546917 -1.459906
 -0.978327 -1.306830 -1.523053 -1.999975
 -1.880311 -1.244325 -1.107124 -1.474847
 -0.990860 -1.333804 -1.750697 -1.652257
 -1.073612 -1.191394 -1.884540 -1.596859
 -1.185624 -0.980830 -1.673975 -2.025372
 -1.709067 -1.287855 -1.257083 -1.352393
 -1.173146 -1.228205 -1.701989 -1.534935
 -1.174451 -1.468211 -1.716047 -1.269761
 -1.360092 -0.776146 -1.954796 -1.954796
 -1.894172 -1.063827 -1.230881 -1.549333
 -1.295046 -1.124421 -1.724040 -1.500897
 -1.045969 -1.142819 -2.001478 -1.636836
 -1.368903 -0.929537 -2.097137 -1.478101
 -1.601715 -1.222227 -1.601715 -1.196251
 -1.181728 -1.430188 -1.456164 -1.510231
 -1.185153 -1.412543 -1.434049 -1.549118
 -1.200396 -1.066865 -1.824547 -1.642226
 -1.580450 -1.329136 -1.478667 -1.199083
 -1.116962 -1.417066 -1.810107 -1.321756
 -1.066661 -1.669656 -1.540445 -1.373391
 -1.229949 -1.153963 -2.034318 -1.341174
 -1.693778 -1.616817 -1.275069 -1.084014
 -1.734600 -1.223776 -2.000302 -0.931107
 -1.518783 -1.309063 -2.029607 -0.968738
 -1.800491 -0.774642 -2.547700 -1.218572
 -1.958254 -1.287088 -1.597242 -0.966617
 -0.961413 -1.791758 -1.069626 -2.227072
 -1.459156 -2.447763 -1.126012 -1.030702
 -0.953106 -3.032526 -1.086637 -1.474401
 -1.093972 -2.731575 -0.726248 -2.151760
 -2.047691 -0.342946 -3.616291 -2.006869
 -1.533929 -0.840786 -2.140057 -1.446918
 -2.785887 -0.141748 -3.815494 -3.027047
 -1.158205 -0.788459 -1.962575 -2.397889
 -0.752338 -1.031922 -3.079593 -2.068008
 -3.608450 -3.608450 -4.214578 -0.071460
 -0.788463 -1.193925 -2.803322 -1.704744
 -1.774949 -1.369487 -2.285768 -0.745336
 -2.146575 -0.515167 -2.397886 -1.635754
 -1.026641 -1.113652 -1.719784 -2.007463
 -1.280936 -1.280936 -0.944470 -2.890294
 -0.494413 -2.869315 -1.187560 -3.562458
 -0.000001 -14.900702 -14.900702 -14.900702
 -0.000003 -13.785055 -13.785055 -13.785055
 -0.000002 -14.253768 -14.253768 -14.253768
 -0.000008 -12.821269 -12.821269 -12.821269
 -15.581953 -0.000001 -15.581953 -15.581953
 -1.386294 -1.386294 -1.386294 -1.386294
 -1.386294 -1.386294 -1.386294 -1.386294
 -1.386294 -1.386294 -1.386294 -1.386294
 -1.386294 -1.386294 -1.386294 -1.386294
 -0.996334 -1.290208 -2.014902 -1.504077
 -1.386294 -1.386294 -1.386294 -1.386294
 -1.386294 -1.386294 -1.386294 -1.386294
 -1.098613 -1.349927 -2.156400 -1.232144
 -1.169382 -1.297215 -1.903349 -1.320204
 -1.584119 -1.060873 -1.648657 -1.360977
 -1.689480 -1.341174 -1.433547 -1.153963
 -1.326396 -1.155771 -1.686398 -1.450010
 -1.526056 -1.149579 -1.749199 -1.231257
 -1.418383 -1.186582 -1.845824 -1.221673
 -2.284777 -1.186169 -1.186169 -1.246793
 -1.512588 -1.033016 -1.826244 -1.336698
 -1.291984 -1.014353 -1.908168 -1.540445
 -1.354546 -1.036093 -1.929907 -1.419084
 -1.823306 -1.189584 -1.367832 -1.274742
 -1.463852 -1.463852 -1.953399 -0.927549
 -1.411485 -1.242862 -1.665718 -1.277953
 -1.609437 -1.043043 -2.169049 -1.098613
 -2.204142 -1.215534 -1.680896 -0.899197
 -1.504077 -0.977985 -2.459582 -1.151257
 -1.728700 -1.178655 -1.633391 -1.140915
 -1.428854 -0.900788 -1.925288 -1.568615
 -1.912007 -1.138819 -1.624326 -1.093699
 -1.433251 -1.290151 -2.494116 -0.907160
 -1.864329 -1.049823 -1.832580 -1.093625
 -1.578978 -0.911151 -2.176811 -1.278875
 -2.242944 -0.953280 -1.661025 -1.144335
 -0.575366 -1.519825 -2.618428 -1.925288
 -1.147884 -1.487390 -1.132846 -2.005332
 -0.899001 -1.563975 -1.458615 -1.889395
 -1.178655 -1.422852 -1.098613 -2.137503
 -14.580980 -0.000001 -14.580980 -14.580980
 -14.100693 -0.000002 -14.100693 -14.100693
 -14.279247 -0.000002 -14.279247 -14.279247
 -13.567055 -0.000004 -13.567055 -13.567055
 -1.386294 -1.386294 -1.386294 -1.386294
 -0.000001 -15.581953 -15.581953 -15.581953
 -1.386294 -1.386294 -1.386294 -1.386294
 -1.386294 -1.386294 -1.386294 -1.386294
 -15.581953 -15.581953 -0.000001 -15.581953
 -1.386294 -1.386294 -1.386294 -1.386294
 -1.386294 -1.386294 -1.386294 -1.386294
 -1.386294 -1.386294 -1.386294 -1.386294
 -1.386294 -1.386294 -1.386294 -1.386294
 -1.386294 -1.386294 -1.386294 -1.386294
 -1.277862 -1.321756 -1.184226 -1.905703
 -1.386294 -1.386294 -1.386294 -1.386294
 -1.287088 -1.510231 -1.567389 -1.222550
 -1.648658 -1.288656 -1.412270 -1.243194
 -1.275363 -1.126943 -1.690877 -1.549799
 -1.632694 -1.000174 -1.207812 -1.980998
 -1.043805 -1.218158 -1.960093 -1.554629
 -1.518981 -1.178655 -1.695911 -1.238079
 -1.697142 -0.886214 -1.739702 -1.474000
 -1.595548 -1.091644 -1.497108 -1.436484
 -1.391950 0.000100 0.000100 0.000100
 -1.213720 0.000100 0.000100 0.000100
 -1.315123 0.000100 0.000100 0.000100
 -1.682661 0.000100 0.000100 0.000100
 -1.352393 -1.377261 -1.417633 -1.399080
 -1.297008 -1.345381 -1.387054 -1.530622
 -1.238164 -1.246898 -1.401536 -1.734601
 -1.723738 -1.184742 -1.391161 -1.320543
 -1.647077 -1.114570 -1.270957 -1.615613
 -1.597168 -1.081476 -1.270617 -1.727221
 -1.585950 -0.895038 -1.559517 -1.734906
 -2.141079 -0.893255 -1.330150 -1.566794
 -1.279196 -1.274742 -1.382575 -1.653890
 -1.226223 -1.386294 -1.275326 -1.730129
 -1.392395 -1.074577 -1.395897 -1.817278
 -1.989659 -1.089145 -1.193328 -1.498150
 -1.251858 -1.358626 -1.466337 -1.486140
 -1.280629 -1.428389 -1.288905 -1.575664
 -1.170349 -1.194840 -1.528561 -1.771123
 -1.795429 -1.174695 -1.274362 -1.404779
 -1.620441 -1.073673 -1.256981 -1.737692
 -1.499557 -1.177420 -1.287545 -1.646355
 -1.490148 -0.898353 -1.632322 -1.760576
 -2.010592 -0.972941 -1.266354 -1.578601
 -1.289847 -1.302321 -1.353835 -1.637121
 -1.174865 -1.438254 -1.310741 -1.691857
 -1.381091 -1.094274 -1.416305 -1.764313
 -1.854358 -1.149650 -1.172907 -1.526785
 -1.208046 -1.443658 -1.425376 -1.492817
 -1.336749 -1.386294 -1.367426 -1.458694
 -1.224113 -1.110477 -1.636767 -1.703906
 -1.811037 -1.140031 -1.301672 -1.408008
 -1.480226 -1.087468 -1.369200 -1.709068
 -1.573931 -1.101025 -1.383888 -1.562370
 -1.546143 -0.852996 -1.605657 -1.832345
 -2.294388 -0.877941 -1.349927 -1.494861
 -1.279751 -1.301257 -1.392229 -1.603538
 -1.215492 -1.432556 -1.280572 -1.677398
 -1.446919 -1.002539 -1.423388 -1.852384
 -1.612940 -1.152485 -1.253346 -1.612940
 -1.266774 -1.456530 -1.357158 -1.479173
 -1.301611 -1.495971 -1.321756 -1.438812
 -1.151970 -1.254042 -1.477185 -1.769854
 -1.802809 -1.278738 -1.319012 -1.240024
 -1.544688 -1.077665 -1.275024 -1.790913
 -1.456564 -0.932039 -1.375637 -2.115809
 -1.466633 -0.864000 -1.462794 -2.152117
 -2.150568 -0.805720 -1.359783 -1.714246
 -1.420583 -1.310583 -1.230540 -1.626435
 -1.141984 -1.659927 -1.129649 -1.786679
 -1.379252 -1.229623 -1.272840 -1.738436
 -2.048857 -1.025281 -1.056053 -1.804259
 -0.000000 -16.255245 -16.255245 -16.255245
 -0.000000 -16.247368 -16.247368 -16.247368
 -0.000000 -16.434366 -16.434366 -16.434366
 -0.000000 -15.864493 -15.864493 -15.864493
 -17.607172 0.000000 -17.607172 -17.607172
 -1.386294 -1.386294 -1.386294 -1.386294
 -1.386294 -1.386294 -1.386294 -1.386294
 -1.386294 -1.386294 -1.386294 -1.386294
 -1.386294 -1.386294 -1.386294 -1.386294
 -1.257172 -1.307589 -1.345842 -1.688748
 -1.386294 -1.386294 -1.386294 -1.386294
 -1.386294 -1.386294 -1.386294 -1.386294
 -1.186417 -1.512039 -1.256338 -1.663197
 -1.272132 -1.395511 -1.330341 -1.571790
 -1.222044 -1.213259 -1.423368 -1.788299
 -1.704138 -1.210916 -1.202753 -1.515127
 -1.677841 -1.007066 -1.287235 -1.760837
 -1.437497 -1.044183 -1.423108 -1.774694
 -1.696449 -0.781979 -1.592909 -1.858968
 -2.269458 -0.923284 -1.236634 -1.565138
 -1.255850 -1.351161 -1.370392 -1.598402
 -1.151054 -1.427308 -1.333739 -1.713396
 -1.397184 -1.135381 -1.323336 -1.800825
 -1.707342 -1.264490 -1.143653 -1.525020
 -1.269627 -1.459117 -1.330996 -1.503242
 -1.320301 -1.421861 -1.425315 -1.381315
 -1.292946 -1.123803 -1.538236 -1.683418
 -1.778578 -1.129233 -1.426915 -1.317543
 -1.657563 -0.952855 -1.411430 -1.714995
 -1.587689 -1.063409 -1.453660 -1.529646
 -1.670533 -0.801334 -1.640974 -1.775893
 -2.203159 -0.837159 -1.408229 -1.551020
 -1.373523 -1.348459 -1.309619 -1.526828
 -1.247145 -1.427116 -1.171637 -1.815129
 -1.451358 -1.051511 -1.434691 -1.725132
 -1.692668 -1.293513 -1.088250 -1.585423
 -1.434541 -1.426965 -1.106798 -1.654837
 -1.581153 -1.402824 -1.063973 -1.593177
 -1.347609 -1.221921 -1.219300 -1.896862
 -1.462667 -1.190986 -1.352556 -1.580450
 -16.156355 -0.000000 -16.156355 -16.156355
 -16.295404 -0.000000 -16.295404 -16.295404
 -16.439455 -0.000000 -16.439455 -16.439455
 -15.920864 -0.000000 -15.920864 -15.920864
 -1.386294 -1.386294 -1.386294 -1.386294
 0.000000 -17.607172 -17.607172 -17.607172
 -1.386294 -1.386294 -1.386294 -1.386294
 -1.386294 -1.386294 -1.386294 -1.386294
 -17.607172 -17.607172 0.000000 -17.607172
 -1.386294 -1.386294 -1.386294 -1.386294
 -1.386294 -1.386294 -1.386294 -1.386294
 -1.386294 -1.386294 -1.386294 -1.386294
 -1.386294 -1.386294 -1.386294 -1.386294
 -1.386294 -1.386294 -1.386294 -1.386294
 -1.626042 -0.694727 -1.851482 -1.916787
 -1.386294 -1.386294 -1.386294 -1.386294
 -1.409497 -1.257361 -1.324052 -1.583403
 -1.222060 -1.372383 -1.330492 -1.673826
 -1.335864 -1.004086 -1.575536 -1.809151
 -1.717870 -1.081882 -1.276038 -1.597242
 -1.243365 -1.411502 -1.383723 -1.527087
 -1.239620 -1.412311 -1.468155 -1.441486
 -1.269971 -1.152534 -1.508022 -1.703874
 -1.749795 -1.273816 -1.269570 -1.326230
