 -1.284361 0.000100 0.000100 0.000100
 -1.403550 0.000100 0.000100 0.000100
 -1.422720 0.000100 0.000100 0.000100
 -1.442264 0.000100 0.000100 0.000100
 -1.269761 -1.230540 -1.598264 -1.492904
 -1.130770 -1.451677 -1.628607 -1.399033
 -1.151605 -1.054442 -1.642227 -1.952381
 -1.440361 -1.262681 -1.440361 -1.412963
 -1.131403 -1.512174 -1.536867 -1.419084
 -1.464546 -1.255455 -1.562185 -1.293921
 -1.176778 -1.252763 -1.594512 -1.594512
 -2.036879 -1.238375 -1.056054 -1.461518
 -1.450010 -1.098613 -2.091861 -1.175574
 -1.158511 -1.713506 -1.713506 -1.122143
 -1.323381 -1.085710 -1.481604 -1.778855
 -1.488077 -1.642227 -1.172225 -1.305756
 -1.211941 -1.252763 -1.568615 -1.568615
 -1.311332 -1.429114 -1.785788 -1.129010
 -1.371479 -1.069199 -1.530543 -1.678963
 -1.575536 -1.662547 -1.048182 -1.374866
 -1.417066 -1.045503 -1.671957 -1.522426
 -1.534474 -1.480407 -1.591633 -1.040457
 -1.366876 -1.098613 -1.564702 -1.596450
 -1.349023 -1.301395 -1.399033 -1.507247
 -1.098613 -1.178655 -1.791758 -1.648658
 -1.462834 -1.533452 -1.636106 -1.027517
 -1.329136 -0.961412 -2.079439 -1.478667
 -1.392525 -1.785566 -1.130161 -1.343735
 -1.386294 -0.942803 -1.815289 -1.621133
 -1.486378 -1.435084 -1.627456 -1.080913
 -1.448815 -0.839752 -1.992428 -1.624705
 -1.249843 -1.452784 -1.152680 -1.809458
 -1.003868 -1.003868 -2.085670 -1.945908
 -1.511457 -1.734600 -1.533930 -0.948673
 -1.306830 -0.847299 -1.845825 -1.945908
 -1.339148 -1.313172 -1.313172 -1.609437
 -1.104247 -0.877719 -2.186049 -1.962906
 -1.588711 -1.641355 -1.725912 -0.857825
 -1.209364 -0.831299 -1.875841 -2.181220
 -1.040344 -1.427116 -1.249436 -2.120261
 -1.031750 -1.062055 -2.838540 -1.429779
 -1.869316 -1.542104 -1.776943 -0.770706
 -1.116005 -1.421386 -1.809149 -1.319603
 -1.015232 -2.219200 -1.166054 -1.526056
 -1.182696 -0.921682 -1.967648 -1.858450
 -1.279611 -1.520772 -1.105258 -1.759182
 -0.760808 -1.677095 -1.581786 -1.964776
 -0.718595 -2.115249 -1.267953 -2.202260
 -1.242652 -0.795802 -2.940376 -1.573506
 -1.256080 -1.616082 -1.721442 -1.085455
 -1.252763 -0.642505 -2.264360 -2.471998
 -1.749198 -1.189585 -1.430746 -1.263692
 -1.725067 -0.764607 -2.325838 -1.352393
 -2.087472 -1.589635 -2.385964 -0.544728
 -1.360977 -1.137834 -2.054119 -1.221215
 -2.751527 -1.164571 -1.311174 -1.036738
 -13.721204 -13.721204 -0.000003 -13.721204
 -14.513647 -14.513647 -0.000001 -14.513647
 -13.687682 -13.687682 -0.000003 -13.687682
 -14.782495 -14.782495 -0.000001 -14.782495
 -1.386294 -1.386294 -1.386294 -1.386294
 -1.386294 -1.386294 -1.386294 -1.386294
 -0.981348 -1.354157 -1.966334 -1.482538
 -1.386294 -1.386294 -1.386294 -1.386294
 -2.188958 -0.514984 -2.050808 -1.821234
 -1.585627 -1.585627 -1.398416 -1.068937
 -1.364316 -1.098613 -1.791757 -1.408767
 -2.585705 -1.294727 -1.245937 -1.013316
 -1.258041 -1.186582 -1.914817 -1.335001
 -1.236763 -1.370294 -1.524444 -1.435891
 -1.122144 -1.276294 -1.640936 -1.601715
 -1.845825 -1.403994 -1.452784 -1.014530
 -1.013091 -1.410392 -1.828126 -1.460402
 -1.243978 -1.374598 -1.639290 -1.329136
 -1.424613 -1.152680 -1.558144 -1.456362
 -2.102970 -0.942803 -1.509908 -1.318853
 -1.356081 -1.380178 -1.628014 -1.222550
 -1.766182 -1.119556 -1.651772 -1.168346
 -1.198696 -1.029620 -1.791758 -1.745238
 -2.596492 -1.497885 -1.020962 -1.074072
 -1.139435 -1.244795 -1.832580 -1.461018
 -1.723847 -1.231372 -1.582769 -1.126012
 -1.359626 -1.147065 -1.906168 -1.283641
 -1.962258 -1.213023 -1.723847 -0.957677
 -1.336462 -1.113319 -2.722748 -1.069834
 -1.543923 -1.197053 -2.166451 -0.994816
 -1.261652 -1.261652 -1.782947 -1.326191
 -1.869316 -1.176171 -1.589732 -1.098613
 -0.693149 -1.386294 -1.997201 -2.169050
 -1.093549 -1.786695 -1.006538 -2.025105
 -0.821982 -1.677645 -1.252764 -2.431410
 -1.310195 -1.520490 -0.916291 -2.192582
 -14.665664 -0.000001 -14.665664 -14.665664
 -14.093145 -0.000002 -14.093145 -14.093145
 -14.523548 -0.000002 -14.523548 -14.523548
 -13.514411 -0.000004 -13.514411 -13.514411
 -1.386294 -1.386294 -1.386294 -1.386294
 -0.000001 -15.676486 -15.676486 -15.676486
 -1.386294 -1.386294 -1.386294 -1.386294
 -1.386294 -1.386294 -1.386294 -1.386294
 -15.676486 -15.676486 -0.000000 -15.676486
 -1.386294 -1.386294 -1.386294 -1.386294
 -1.386294 -1.386294 -1.386294 -1.386294
 -1.386294 -1.386294 -1.386294 -1.386294
 -1.386294 -1.386294 -1.386294 -1.386294
 -1.386294 -1.386294 -1.386294 -1.386294
 -1.167827 -1.348151 -1.289995 -1.871024
 -1.386294 -1.386294 -1.386294 -1.386294
 -1.560647 -1.366492 -1.864329 -0.967585
 -1.652257 -1.289353 -1.591633 -1.110661
 -1.592630 -1.017267 -1.808853 -1.304949
 -2.515670 -0.881549 -1.193923 -1.599387
 -1.403389 -1.159767 -1.774951 -1.304949
 -1.376442 -1.213923 -1.619388 -1.376442
 -1.386294 -1.059082 -1.419084 -1.824548
 -1.655718 -1.044810 -1.579732 -1.381282
 -1.328188 0.000100 0.000100 0.000100
 -1.307490 0.000100 0.000100 0.000100
 -1.412327 0.000100 0.000100 0.000100
 -1.509733 0.000100 0.000100 0.000100
 -1.553298 -1.220708 -1.163410 -1.709200
 -1.599696 -1.157222 -1.243290 -1.633474
 -1.444958 -0.937554 -1.552123 -1.827210
 -2.138403 -0.984238 -1.274298 -1.474881
 -1.467011 -1.278865 -1.163302 -1.722716
 -1.375571 -1.361451 -1.147208 -1.751610
 -1.498015 -1.039578 -1.282258 -1.928182
 -1.945910 -1.174801 -1.039397 -1.636837
 -1.253433 -1.360708 -1.481873 -1.466263
 -1.297635 -1.457033 -1.302477 -1.504902
 -1.208325 -1.116029 -1.542068 -1.833916
 -1.842101 -1.170007 -1.297084 -1.355479
 -1.589959 -1.203169 -1.116209 -1.781973
 -1.588363 -1.116758 -1.286677 -1.649148
 -1.494783 -0.941712 -1.538706 -1.765599
 -2.152601 -0.979976 -1.229519 -1.532175
 -1.513777 -1.300743 -1.139595 -1.673205
 -1.383319 -1.391844 -1.126674 -1.734270
 -1.538332 -1.054973 -1.261795 -1.871361
 -2.037058 -1.141218 -1.040662 -1.624868
 -1.228262 -1.391383 -1.520947 -1.427270
 -1.346240 -1.408388 -1.299895 -1.501994
 -1.272348 -1.146568 -1.446648 -1.791296
 -1.801270 -1.190698 -1.297892 -1.355590
 -1.566441 -1.172941 -1.165561 -1.771901
 -1.582058 -1.099315 -1.322986 -1.634702
 -1.525545 -0.924684 -1.562382 -1.736110
 -2.172198 -0.957660 -1.238820 -1.548545
 -1.515256 -1.295413 -1.120040 -1.713707
 -1.347415 -1.412416 -1.121608 -1.767385
 -1.537834 -1.034849 -1.312317 -1.828350
 -2.063628 -1.168969 -1.016381 -1.607350
 -1.251169 -1.380161 -1.494215 -1.436042
 -1.350167 -1.490480 -1.294089 -1.421338
 -1.228949 -1.153710 -1.502302 -1.775972
 -1.812379 -1.188347 -1.279537 -1.371035
 -1.563512 -1.182785 -1.164402 -1.759869
 -1.584995 -1.088976 -1.319875 -1.653800
 -1.484577 -0.923341 -1.584615 -1.765008
 -2.179983 -0.928630 -1.299432 -1.517885
 -1.525851 -1.235225 -1.144254 -1.752539
 -1.378215 -1.349181 -1.116648 -1.825457
 -1.584908 -1.036463 -1.263664 -1.847001
 -2.050312 -1.115495 -1.003136 -1.732598
 -1.187516 -1.423190 -1.545835 -1.423190
 -1.255028 -1.382423 -1.440074 -1.482575
 -1.143737 -1.158216 -1.607150 -1.790539
 -1.773265 -1.217396 -1.319536 -1.320645
 -1.426360 -1.274288 -1.307286 -1.562386
 -1.502748 -1.123385 -1.528577 -1.446210
 -1.327323 -0.945115 -1.775562 -1.732788
 -2.458619 -0.961897 -1.253327 -1.399473
 -17.559824 -17.559824 0.000000 -17.559824
 -18.051643 -18.051643 0.000000 -18.051643
 -17.690039 -17.690039 0.000000 -17.690039
 -17.607397 -17.607397 0.000000 -17.607397
 -1.386294 -1.386294 -1.386294 -1.386294
 -1.386294 -1.386294 -1.386294 -1.386294
 -1.270824 -1.093379 -1.541754 -1.770124
 -1.386294 -1.386294 -1.386294 -1.386294
 -1.600218 -1.155976 -1.134553 -1.821199
 -1.611342 -1.074180 -1.356450 -1.603310
 -1.504880 -0.850128 -1.753103 -1.729572
 -1.976907 -0.859076 -1.412255 -1.638061
 -1.451085 -1.325922 -1.195360 -1.621860
 -1.387232 -1.407259 -1.102770 -1.751746
 -1.537502 -0.989970 -1.311143 -1.938059
 -1.908743 -1.199538 -1.047159 -1.612108
 -1.203227 -1.392128 -1.562460 -1.420427
 -1.276504 -1.452696 -1.376587 -1.449824
 -1.249642 -1.082798 -1.568710 -1.793167
 -1.722375 -1.162983 -1.354651 -1.383224
 -1.659828 -1.283934 -1.039902 -1.718174
 -1.686088 -1.214453 -1.275041 -1.433530
 -1.566488 -0.947449 -1.478626 -1.739870
 -2.201289 -1.037630 -1.227614 -1.418589
 -1.572194 -1.252763 -1.206021 -1.573539
 -1.447598 -1.384184 -1.122747 -1.666259
 -1.507884 -0.991126 -1.358649 -1.894085
 -1.988837 -1.138115 -1.049822 -1.646501
 -1.207793 -1.506702 -1.500271 -1.360881
 -1.289777 -1.542421 -1.282247 -1.455036
 -1.289558 -1.168613 -1.473626 -1.688933
 -1.783432 -1.243499 -1.204063 -1.412256
 -1.762836 -1.331396 -0.834340 -2.038890
 -1.710070 -1.301117 -1.004941 -1.710070
 -1.584048 -1.026975 -1.245974 -1.903087
 -1.963936 -1.150250 -1.047025 -1.649443
 -17.393179 0.000000 -17.393179 -17.393179
 -17.936010 0.000000 -17.936010 -17.936010
 -18.112659 0.000000 -18.112659 -18.112659
 -17.313532 0.000000 -17.313532 -17.313532
 -1.386294 -1.386294 -1.386294 -1.386294
 0.000000 -19.133238 -19.133238 -19.133238
 -1.386294 -1.386294 -1.386294 -1.386294
 -1.386294 -1.386294 -1.386294 -1.386294
 -19.133238 -19.133238 0.000000 -19.133238
 -1.386294 -1.386294 -1.386294 -1.386294
 -1.386294 -1.386294 -1.386294 -1.386294
 -1.386294 -1.386294 -1.386294 -1.386294
 -1.386294 -1.386294 -1.386294 -1.386294
 -1.386294 -1.386294 -1.386294 -1.386294
 -1.549113 -0.901662 -1.437195 -1.937414
 -1.386294 -1.386294 -1.386294 -1.386294
 -1.304761 -1.292076 -1.437442 -1.530035
 -1.244282 -1.430889 -1.360179 -1.531824
 -1.264598 -1.100472 -1.623991 -1.672258
 -1.679209 -1.111286 -1.340393 -1.502377
 -1.466885 -1.280350 -1.163882 -1.719558
 -1.511411 -1.234233 -1.265809 -1.578266
 -1.488311 -0.953259 -1.515937 -1.776902
 -2.095179 -0.977185 -1.299516 -1.478765
