 -1.328984 0.000100 0.000100 0.000100
 -1.497923 0.000100 0.000100 0.000100
 -1.393177 0.000100 0.000100 0.000100
 -1.334178 0.000100 0.000100 0.000100
 -1.202248 -1.525020 -1.525020 -1.330865
 -1.222550 -1.482832 -1.356081 -1.510231
 -1.414307 -1.173146 -1.587579 -1.414307
 -1.619909 -1.473305 -1.250162 -1.250162
 -1.109308 -1.429779 -1.739933 -1.365241
 -1.426186 -1.473814 -1.358745 -1.295566
 -1.238659 -1.219241 -1.386294 -1.803187
 -1.642227 -1.354546 -1.236763 -1.354546
 -1.325670 -1.287204 -1.823507 -1.214444
 -1.441557 -1.536867 -1.419084 -1.182696
 -1.150799 -1.187166 -1.620801 -1.710413
 -1.495493 -1.421386 -1.133704 -1.548137
 -1.103890 -1.558144 -1.533452 -1.418383
 -1.391599 -1.604160 -1.349927 -1.234414
 -1.007121 -1.246793 -1.750697 -1.750697
 -1.297463 -1.520606 -1.239195 -1.520606
 -1.239280 -1.591500 -1.684590 -1.135483
 -1.398416 -1.710789 -1.528468 -1.034451
 -1.255674 -1.004360 -1.650986 -1.851656
 -1.184555 -1.552279 -1.307157 -1.552279
 -1.138222 -1.267433 -1.862139 -1.415853
 -1.470176 -1.374866 -1.900957 -1.000173
 -1.158036 -1.024505 -2.105414 -1.584120
 -1.292398 -1.456028 -1.370870 -1.434049
 -1.260001 -1.103432 -2.041699 -1.367246
 -1.170072 -1.484564 -1.729686 -1.252763
 -1.402295 -0.904458 -1.791758 -1.700786
 -1.214444 -1.568616 -1.268512 -1.543923
 -1.304056 -1.219973 -1.850599 -1.286665
 -1.415853 -1.638996 -1.664314 -0.984071
 -1.631416 -0.976011 -1.836210 -1.316336
 -1.293585 -1.730798 -1.252763 -1.336145
 -1.397344 -1.312187 -1.871801 -1.109663
 -1.609437 -1.636836 -1.853059 -0.801516
 -1.414465 -0.980830 -2.079439 -1.358896
 -1.359143 -1.472472 -1.290151 -1.433251
 -1.202048 -1.042418 -2.208850 -1.439719
 -1.630828 -1.874450 -1.983649 -0.667037
 -1.727220 -0.746393 -1.860751 -1.647177
 -1.242045 -1.783175 -1.257083 -1.352393
 -1.203973 -0.958851 -2.420364 -1.479385
 -1.796953 -2.171645 -2.127194 -0.509101
 -1.386294 -0.771929 -1.992428 -1.887068
 -1.252763 -1.828126 -1.042199 -1.604983
 -1.220502 -0.790646 -2.436893 -1.808288
 -1.802454 -1.904236 -2.191917 -0.554312
 -1.249094 -0.678550 -2.715422 -1.968214
 -0.995959 -1.739115 -1.325140 -1.665007
 -0.839241 -1.023812 -3.130642 -1.801515
 -1.892563 -1.805552 -2.393336 -0.521538
 -0.965082 -1.043043 -1.820745 -2.256060
 -0.975817 -1.579732 -1.509115 -1.629743
 -1.049220 -0.935461 -3.270826 -1.516816
 -1.739933 -1.498772 -1.572880 -0.932378
 -0.762142 -1.408767 -2.302578 -1.666595
 -0.877340 -2.107877 -1.376992 -1.559313
 -0.955512 -0.874660 -2.944433 -1.925868
 -1.149044 -1.495914 -1.775498 -1.239195
 -0.797509 -1.574035 -1.819156 -1.713796
 -1.572880 -1.452252 -1.109308 -1.475242
 -1.499954 -0.788458 -2.193099 -1.557112
 -1.240985 -1.400614 -1.688296 -1.274321
 -1.156721 -1.354546 -1.524444 -1.562184
 -1.979356 -1.217218 -1.239691 -1.286211
 -1.581267 -0.847299 -2.525724 -1.252763
 -1.349329 -1.213784 -1.892944 -1.227968
 -1.256420 -1.007959 -1.875457 -1.624143
 -1.849578 -1.331636 -1.269761 -1.211492
 -1.321756 -1.392373 -1.738649 -1.174120
 -1.432618 -1.318674 -1.432618 -1.365927
 -1.299283 -0.989129 -2.230837 -1.394593
 -1.966111 -1.386294 -1.220780 -1.155183
 -1.510231 -1.287088 -1.958254 -1.016214
 -1.474663 -1.614425 -1.277953 -1.225768
 -1.331235 -1.197704 -1.634916 -1.431318
 -1.664314 -1.543686 -1.267433 -1.153489
 -1.567389 -1.243603 -2.098016 -0.966617
 -1.565231 -1.304949 -1.369487 -1.326002
 -1.460402 -1.153673 -1.658227 -1.339774
 -1.964174 -1.427871 -1.355111 -1.016137
 -0.604956 -1.187560 -1.904236 -14.159103
 -0.959500 -1.144422 -1.208961 -14.513647
 -0.788459 -1.124930 -1.510592 -14.247295
 -1.462054 -1.056590 -0.866072 -14.661381
 -0.000001 -14.837963 -14.837963 -14.837963
 -0.000001 -14.682612 -14.682612 -14.682612
 -0.000001 -14.571634 -14.571634 -14.571634
 -1.386294 -1.386294 -1.386294 -1.386294
 -15.802014 -15.802014 -15.802014 -0.000000
 -1.386294 -1.386294 -1.386294 -1.386294
 -1.386294 -1.386294 -1.386294 -1.386294
 -1.386294 -1.386294 -1.386294 -1.386294
 -1.386294 -1.386294 -1.386294 -1.386294
 -1.386294 -1.386294 -1.386294 -1.386294
 -1.386294 -1.386294 -1.386294 -1.386294
 -0.000000 -15.802014 -15.802014 -15.802014
 -15.802014 -15.802014 -0.000000 -15.802014
 -1.386294 -1.386294 -1.386294 -1.386294
 -1.386294 -1.386294 -1.386294 -1.386294
 -1.386294 -1.386294 -1.386294 -1.386294
 -1.386294 -1.386294 -1.386294 -1.386294
 -1.386294 -1.386294 -1.386294 -1.386294
 -1.318674 -1.485728 -1.136353 -1.686399
 -1.386294 -1.386294 -1.386294 -1.386294
 -1.511799 -1.247648 -1.977161 -1.038894
 -1.522426 -1.174120 -1.773740 -1.193923
 -1.235814 -1.265666 -1.523495 -1.563501
 -2.072059 -0.993253 -1.321756 -1.439539
 -1.039424 -1.410987 -1.804028 -1.436305
 -1.173066 -1.622982 -1.622982 -1.217517
 -1.266948 -1.242255 -1.318241 -1.820331
 -2.207273 -1.108663 -1.560647 -1.049823
 -1.346660 0.000100 0.000100 0.000100
 -1.363879 0.000100 0.000100 0.000100
 -1.284821 0.000100 0.000100 0.000100
 -1.572503 0.000100 0.000100 0.000100
 -1.151183 -1.525877 -1.525877 -1.390797
 -1.223045 -1.484167 -1.402885 -1.456332
 -1.168571 -1.353069 -1.393074 -1.701375
 -1.590475 -1.308333 -1.404477 -1.271519
 -1.408619 -1.439181 -1.378962 -1.322165
 -1.304768 -1.367173 -1.479291 -1.401859
 -1.250322 -1.155943 -1.527817 -1.704748
 -1.689815 -1.287980 -1.379298 -1.245269
 -1.357388 -1.357388 -1.425856 -1.406362
 -1.273835 -1.491558 -1.315045 -1.483866
 -1.407159 -1.230880 -1.304212 -1.651613
 -1.767391 -1.395827 -1.152205 -1.325558
 -1.292140 -1.509960 -1.466663 -1.295705
 -1.246812 -1.440055 -1.340526 -1.541977
 -1.152964 -1.333126 -1.403507 -1.743457
 -1.614476 -1.434683 -1.330589 -1.209011
 -1.350788 -1.360804 -1.433880 -1.401906
 -1.284825 -1.335195 -1.486276 -1.452517
 -1.208960 -1.178189 -1.547936 -1.709423
 -1.828893 -1.320525 -1.354299 -1.157453
 -1.383492 -1.445050 -1.250894 -1.481417
 -1.328187 -1.315366 -1.374400 -1.543298
 -1.456717 -1.142564 -1.313044 -1.720369
 -1.535330 -1.425515 -1.188074 -1.429523
 -1.282675 -1.504077 -1.347445 -1.424704
 -1.250563 -1.432269 -1.410370 -1.466043
 -1.245216 -1.259944 -1.353179 -1.771759
 -1.719514 -1.264778 -1.365875 -1.260940
 -1.316408 -1.455670 -1.374744 -1.403420
 -1.373624 -1.284218 -1.467856 -1.429092
 -1.311924 -1.128465 -1.503159 -1.688791
 -1.825165 -1.286700 -1.301682 -1.235964
 -1.262047 -1.405941 -1.359421 -1.537208
 -1.267201 -1.391366 -1.313151 -1.606071
 -1.325839 -1.187805 -1.404679 -1.692361
 -1.677243 -1.284070 -1.334805 -1.298305
 -1.234630 -1.516043 -1.471228 -1.347707
 -1.219777 -1.454790 -1.358801 -1.540445
 -1.158109 -1.333558 -1.419325 -1.711994
 -1.729239 -1.297850 -1.301795 -1.282225
 -1.391436 -1.451631 -1.354332 -1.351026
 -1.253237 -1.442895 -1.500762 -1.365636
 -1.194954 -1.285631 -1.513021 -1.606630
 -1.659241 -1.419219 -1.342723 -1.181950
 -1.225046 -1.476360 -1.396317 -1.468455
 -1.256080 -1.503604 -1.293309 -1.520772
 -1.392137 -1.147354 -1.444253 -1.619194
 -1.636429 -1.351108 -1.243622 -1.354661
 -1.209784 -1.576146 -1.409433 -1.383553
 -1.206409 -1.490034 -1.412174 -1.462088
 -1.091495 -1.268511 -1.523916 -1.800728
 -1.609438 -1.371964 -1.286309 -1.308951
 -1.289797 -1.450397 -1.443453 -1.370087
 -1.369036 -1.361460 -1.468919 -1.350203
 -1.206526 -1.238996 -1.550051 -1.615191
 -1.717651 -1.321756 -1.247648 -1.321756
 -1.350189 -1.532511 -1.419942 -1.261997
 -1.251419 -1.440661 -1.357127 -1.515351
 -1.468283 -1.122212 -1.410890 -1.608466
 -1.616146 -1.404608 -1.188493 -1.381530
 -1.258997 -1.501690 -1.403653 -1.395901
 -1.251847 -1.526790 -1.396428 -1.389048
 -1.212942 -1.317302 -1.441354 -1.618406
 -1.549619 -1.412064 -1.291162 -1.312746
 -1.241182 -1.424101 -1.529860 -1.371733
 -1.397148 -1.389243 -1.389243 -1.369749
 -1.254629 -1.191316 -1.589142 -1.575536
 -1.569394 -1.425982 -1.275888 -1.300581
 -1.371054 -1.483956 -1.342982 -1.353417
 -1.284920 -1.432556 -1.318146 -1.527866
 -1.312893 -1.195110 -1.433898 -1.661200
 -1.600004 -1.340895 -1.234448 -1.404468
 -1.300528 -1.574604 -1.371479 -1.321290
 -1.165524 -1.588688 -1.383563 -1.455157
 -1.212541 -1.258073 -1.491361 -1.643552
 -1.486324 -1.546949 -1.375098 -1.177377
 -1.434414 -1.416961 -1.188985 -1.538210
 -1.334386 -1.476291 -1.213582 -1.555586
 -1.303104 -1.225493 -1.364606 -1.719151
 -1.630371 -1.438480 -1.124365 -1.418833
 -0.912912 -1.207849 -1.204618 -16.151531
 -1.107985 -1.317799 -0.911173 -16.187622
 -1.169808 -1.018934 -1.112932 -16.353958
 -1.389607 -1.136819 -0.843996 -16.020483
 -0.000000 -16.445959 -16.445959 -16.445959
 -0.000000 -16.413746 -16.413746 -16.413746
 -0.000000 -16.554413 -16.554413 -16.554413
 -1.386294 -1.386294 -1.386294 -1.386294
 -17.571815 -17.571815 -17.571815 -0.000000
 -1.386294 -1.386294 -1.386294 -1.386294
 -1.386294 -1.386294 -1.386294 -1.386294
 -1.386294 -1.386294 -1.386294 -1.386294
 -1.386294 -1.386294 -1.386294 -1.386294
 -1.386294 -1.386294 -1.386294 -1.386294
 -1.386294 -1.386294 -1.386294 -1.386294
 0.000000 -17.571815 -17.571815 -17.571815
 -17.571815 -17.571815 0.000000 -17.571815
 -1.386294 -1.386294 -1.386294 -1.386294
 -1.386294 -1.386294 -1.386294 -1.386294
 -1.386294 -1.386294 -1.386294 -1.386294
 -1.386294 -1.386294 -1.386294 -1.386294
 -1.386294 -1.386294 -1.386294 -1.386294
 -1.108004 -1.081466 -1.878367 -1.726841
 -1.386294 -1.386294 -1.386294 -1.386294
 -1.297633 -1.272056 -1.409926 -1.597479
 -1.246922 -1.355752 -1.430683 -1.533805
 -1.353209 -1.094036 -1.499501 -1.695615
 -1.392886 -1.245562 -1.452850 -1.469847
 -1.282485 -1.705179 -1.397555 -1.225155
 -1.218986 -1.603660 -1.363380 -1.396278
 -1.082987 -1.418297 -1.468307 -1.666133
 -1.425068 -1.591699 -1.197284 -1.370756
