 -1.309333 0.000100 0.000100 0.000100
 -1.376344 0.000100 0.000100 0.000100
 -1.491655 0.000100 0.000100 0.000100
 -1.376344 0.000100 0.000100 0.000100
 -1.332227 -1.591088 -1.591088 -1.112599
 -1.149385 -1.594695 -1.396245 -1.458120
 -1.280934 -1.222665 -1.637608 -1.455287
 -1.697349 -1.524078 -1.017809 -1.437067
 -1.312187 -1.330205 -1.699951 -1.260001
 -1.593088 -1.397344 -1.375365 -1.215023
 -1.088760 -1.103576 -2.172771 -1.524078
 -1.487390 -1.576338 -1.277095 -1.243194
 -1.367246 -1.576338 -1.445718 -1.194404
 -1.127600 -1.709521 -1.609437 -1.219973
 -1.135654 -1.277304 -1.609437 -1.609437
 -1.642227 -1.269024 -1.302360 -1.372564
 -1.044546 -1.463255 -1.546637 -1.591088
 -1.452252 -1.572880 -1.572880 -1.046788
 -1.149044 -1.098613 -1.743749 -1.743749
 -1.300849 -1.449269 -1.449269 -1.353959
 -1.044992 -1.215337 -1.937470 -1.572011
 -1.255266 -1.864329 -1.634755 -1.007859
 -1.147702 -1.333804 -1.750697 -1.404422
 -1.454562 -1.817467 -1.063697 -1.351378
 -1.213784 -1.333329 -1.715263 -1.349329
 -1.224906 -1.565231 -1.957272 -1.033016
 -1.422226 -1.024925 -1.639290 -1.580450
 -1.238842 -1.702414 -1.271632 -1.395684
 -1.201028 -1.277400 -1.636345 -1.488709
 -1.491655 -1.406497 -1.801809 -1.007859
 -1.343735 -1.020962 -1.903349 -1.470486
 -1.335940 -1.391000 -1.318241 -1.511144
 -1.291415 -1.021125 -1.984561 -1.480657
 -1.495149 -1.718292 -1.823652 -0.832462
 -1.451677 -0.951722 -2.066860 -1.373716
 -1.118031 -1.623966 -1.348554 -1.530875
 -1.391000 -1.141785 -1.623622 -1.449269
 -1.395511 -1.918758 -1.950506 -0.769375
 -1.296888 -0.856938 -2.044100 -1.756419
 -1.068632 -1.631416 -1.430746 -1.506253
 -1.317302 -1.017197 -2.115807 -1.386294
 -1.734600 -1.852383 -1.852383 -0.673730
 -1.270035 -0.958256 -1.987872 -1.616310
 -1.026086 -1.954798 -1.293401 -1.488709
 -1.164988 -0.977776 -2.088656 -1.670922
 -1.453157 -2.258780 -2.258780 -0.584807
 -1.422399 -0.774374 -1.953025 -1.857716
 -1.049823 -1.897119 -1.290984 -1.491655
 -1.107233 -0.886691 -2.617821 -1.689838
 -1.446919 -2.182623 -2.545527 -0.555947
 -1.530543 -0.621175 -2.007465 -2.189786
 -1.014882 -1.463430 -1.627059 -1.562521
 -1.002153 -0.903713 -2.983147 -1.730390
 -1.712978 -1.859581 -2.452643 -0.548409
 -1.306252 -0.926764 -2.079437 -1.568615
 -1.130506 -1.973183 -1.399839 -1.232785
 -1.051696 -0.991071 -2.661129 -1.562521
 -1.529016 -1.786844 -1.624326 -0.870556
 -0.967585 -1.237875 -1.832579 -1.771955
 -1.047693 -1.699166 -1.273499 -1.678963
 -1.056542 -0.881739 -3.599255 -1.556193
 -1.433056 -1.522003 -1.672285 -1.034709
 -0.912896 -1.379515 -1.994698 -1.556445
 -1.366492 -1.660731 -1.237875 -1.328026
 -1.554088 -0.709542 -2.509596 -1.535039
 -1.300772 -1.206954 -2.079440 -1.192139
 -1.220503 -1.220503 -1.712977 -1.471816
 -1.936339 -1.348554 -1.226664 -1.194404
 -1.576467 -1.144335 -2.479331 -0.938891
 -1.161713 -1.393515 -1.453234 -1.584570
 -1.474000 -1.264280 -1.378690 -1.441210
 -2.178530 -1.405343 -1.229452 -1.052522
 -1.310583 -1.192800 -2.046287 -1.211492
 -1.381654 -1.211755 -1.681758 -1.327587
 -1.157453 -1.380596 -2.169051 -1.139435
 -1.809150 -1.476445 -1.227230 -1.156278
 -1.129865 -0.708652 -1.689480 -14.483342
 -1.345286 -0.716679 -1.381654 -14.580980
 -1.009948 -0.842894 -1.583292 -14.227623
 -1.416021 -0.943865 -0.999127 -14.686806
 -1.102932 -1.369200 -2.311241 -1.156278
 -1.372463 -1.372463 -1.932078 -1.055009
 -1.183452 -1.247990 -2.046496 -1.281891
 -1.386294 -1.386294 -1.386294 -1.386294
 -14.657080 -14.657080 -14.657080 -0.000001
 -14.557449 -14.557449 -14.557449 -0.000001
 -13.835317 -13.835317 -13.835317 -0.000003
 -14.755519 -14.755519 -14.755519 -0.000001
 -1.386294 -1.386294 -1.386294 -1.386294
 -1.386294 -1.386294 -1.386294 -1.386294
 -1.386294 -1.386294 -1.386294 -1.386294
 -1.458865 -1.143348 -1.442865 -1.548813
 -14.436090 -14.436090 -14.436090 -0.000002
 -14.751605 -14.751605 -14.751605 -0.000001
 -14.452089 -14.452089 -14.452089 -0.000002
 -14.346141 -14.346141 -14.346141 -0.000002
 -1.386294 -1.386294 -1.386294 -1.386294
 -1.386294 -1.386294 -1.386294 -1.386294
 -1.386294 -1.386294 -1.386294 -1.386294
 -0.000000 -15.894953 -15.894953 -15.894953
 -15.894953 -15.894953 -0.000000 -15.894953
 -1.386294 -1.386294 -1.386294 -1.386294
 -1.386294 -1.386294 -1.386294 -1.386294
 -1.386294 -1.386294 -1.386294 -1.386294
 -1.386294 -1.386294 -1.386294 -1.386294
 -1.386294 -1.386294 -1.386294 -1.386294
 -1.277440 -1.554713 -1.199815 -1.566618
 -1.386294 -1.386294 -1.386294 -1.386294
 -1.280038 -1.495149 -2.316127 -0.918536
 -1.416327 -1.416327 -1.834061 -1.035555
 -1.459445 -1.208131 -1.747127 -1.222117
 -2.284777 -1.074943 -1.311332 -1.246793
 -1.076140 -1.409284 -2.174749 -1.200192
 -1.299283 -1.368276 -1.481604 -1.404644
 -1.357307 -0.980830 -1.821611 -1.580450
 -1.877414 -1.113651 -1.300528 -1.401332
 -1.482660 0.000100 0.000100 0.000100
 -1.305035 0.000100 0.000100 0.000100
 -1.344707 0.000100 0.000100 0.000100
 -1.422179 0.000100 0.000100 0.000100
 -1.213801 -1.470420 -1.364528 -1.525079
 -1.157639 -1.551768 -1.347152 -1.542152
 -1.424281 -1.272662 -1.327363 -1.541510
 -1.750063 -1.429805 -1.172632 -1.282546
 -1.351315 -1.489619 -1.452056 -1.267433
 -1.343350 -1.321467 -1.436009 -1.450679
 -1.293861 -1.178146 -1.446155 -1.701187
 -1.723008 -1.349582 -1.313048 -1.227159
 -1.353980 -1.389698 -1.362790 -1.440991
 -1.334374 -1.412765 -1.291649 -1.521469
 -1.334089 -1.247078 -1.463301 -1.524234
 -1.830890 -1.289549 -1.222197 -1.310253
 -1.332659 -1.387467 -1.368862 -1.460492
 -1.271912 -1.522690 -1.362347 -1.404370
 -1.193188 -1.318351 -1.443514 -1.644679
 -1.766147 -1.372243 -1.253943 -1.237549
 -1.300365 -1.387376 -1.436166 -1.427116
 -1.298160 -1.463345 -1.397594 -1.393059
 -1.306501 -1.229835 -1.465978 -1.579680
 -1.788281 -1.236634 -1.396802 -1.220760
 -1.393059 -1.448887 -1.226701 -1.497917
 -1.396788 -1.396788 -1.339395 -1.413809
 -1.375967 -1.112550 -1.451833 -1.689865
 -1.898622 -1.304175 -1.232144 -1.247708
 -1.289863 -1.444761 -1.398717 -1.418920
 -1.280934 -1.463255 -1.273554 -1.556346
 -1.243057 -1.367983 -1.313067 -1.671925
 -1.737754 -1.404163 -1.256904 -1.224248
 -1.221827 -1.380892 -1.494910 -1.471043
 -1.225612 -1.386294 -1.497790 -1.457583
 -1.258420 -1.198858 -1.559427 -1.589133
 -1.662439 -1.345136 -1.345136 -1.240237
 -1.340624 -1.423316 -1.364722 -1.419015
 -1.318898 -1.366716 -1.354546 -1.516116
 -1.376632 -1.126922 -1.504684 -1.602183
 -1.980416 -1.278831 -1.156390 -1.313022
 -1.230264 -1.591633 -1.444228 -1.315786
 -1.237102 -1.606387 -1.251237 -1.500520
 -1.231842 -1.272513 -1.318853 -1.828362
 -1.702964 -1.400683 -1.172720 -1.339774
 -1.355459 -1.418110 -1.444313 -1.331458
 -1.343139 -1.423943 -1.347716 -1.433893
 -1.162142 -1.311466 -1.537422 -1.595410
 -1.685908 -1.323291 -1.394920 -1.201930
 -1.420308 -1.326622 -1.359683 -1.442882
 -1.227486 -1.479863 -1.366876 -1.494321
 -1.498273 -1.161058 -1.462464 -1.462464
 -1.997262 -1.304115 -1.152309 -1.283830
 -1.242285 -1.435828 -1.472968 -1.410120
 -1.273113 -1.547356 -1.244020 -1.518646
 -1.340250 -1.244940 -1.356380 -1.646775
 -1.642037 -1.415349 -1.266604 -1.266604
 -1.351166 -1.452351 -1.452351 -1.298200
 -1.276199 -1.391960 -1.448050 -1.438480
 -1.242357 -1.256956 -1.554490 -1.534882
 -1.644614 -1.316110 -1.433893 -1.202782
 -1.535407 -1.472126 -1.215584 -1.352249
 -1.383084 -1.486547 -1.285446 -1.400326
 -1.496239 -1.144441 -1.464321 -1.485486
 -1.911719 -1.283110 -1.154493 -1.347910
 -1.357534 -1.501428 -1.268806 -1.432436
 -1.237471 -1.584253 -1.248521 -1.523933
 -1.419413 -1.233696 -1.329685 -1.597661
 -1.727919 -1.328764 -1.213328 -1.345785
 -1.208960 -1.481375 -1.408350 -1.471325
 -1.313948 -1.405515 -1.447479 -1.382941
 -1.216518 -1.240049 -1.481211 -1.676604
 -1.709010 -1.310279 -1.361098 -1.228159
 -1.239691 -1.548194 -1.261751 -1.538342
 -1.273885 -1.575715 -1.262456 -1.467767
 -1.542374 -1.225395 -1.337780 -1.469425
 -1.701245 -1.437895 -1.163853 -1.317379
 -0.980449 -1.204353 -1.124018 -15.986848
 -1.007794 -1.230134 -1.070833 -15.957928
 -1.111351 -0.968251 -1.233954 -16.144737
 -1.277869 -1.161971 -0.895262 -15.952042
 -1.404583 -1.401232 -1.470464 -1.278630
 -1.212867 -1.486243 -1.463770 -1.406200
 -1.233313 -1.219366 -1.528514 -1.627605
 -1.386294 -1.386294 -1.386294 -1.386294
 -16.119095 -16.119095 -16.119095 -0.000000
 -16.039053 -16.039053 -16.039053 -0.000000
 -15.912301 -15.912301 -15.912301 -0.000000
 -15.971913 -15.971913 -15.971913 -0.000000
 -1.386294 -1.386294 -1.386294 -1.386294
 -1.386294 -1.386294 -1.386294 -1.386294
 -1.386294 -1.386294 -1.386294 -1.386294
 -1.521294 -1.195589 -1.443110 -1.415298
 -15.878570 -15.878570 -15.878570 -0.000000
 -16.204273 -16.204273 -16.204273 -0.000000
 -15.956753 -15.956753 -15.956753 -0.000000
 -15.984565 -15.984565 -15.984565 -0.000000
 -1.386294 -1.386294 -1.386294 -1.386294
 -1.386294 -1.386294 -1.386294 -1.386294
 -1.386294 -1.386294 -1.386294 -1.386294
 0.000000 -17.399862 -17.399862 -17.399862
 -17.399862 -17.399862 -0.000000 -17.399862
 -1.386294 -1.386294 -1.386294 -1.386294
 -1.386294 -1.386294 -1.386294 -1.386294
 -1.386294 -1.386294 -1.386294 -1.386294
 -1.386294 -1.386294 -1.386294 -1.386294
 -1.386294 -1.386294 -1.386294 -1.386294
 -1.181017 -1.097780 -1.753372 -1.680753
 -1.386294 -1.386294 -1.386294 -1.386294
 -1.356016 -1.349023 -1.331751 -1.519567
 -1.228111 -1.456952 -1.408162 -1.471341
 -1.418871 -1.168292 -1.480323 -1.516169
 -1.433595 -1.293833 -1.372971 -1.452523
 -1.274625 -1.650348 -1.293673 -1.369557
 -1.230784 -1.709521 -1.234414 -1.444013
 -1.307109 -1.319531 -1.353433 -1.590684
 -1.421386 -1.736656 -1.158237 -1.315005
