 -1.355332 0.000100 0.000100 0.000100
 -1.388393 0.000100 0.000100 0.000100
 -1.405343 0.000100 0.000100 0.000100
 -1.396832 0.000100 0.000100 0.000100
 -1.098613 -1.767660 -1.346449 -1.444888
 -1.411828 -1.195605 -1.688080 -1.313388
 -1.178656 -1.151257 -1.928958 -1.466337
 -1.726161 -1.369487 -1.336698 -1.187166
 -1.288839 -0.972987 -2.010971 -1.548350
 -1.209364 -1.354546 -1.684786 -1.354546
 -1.366876 -1.098613 -1.533930 -1.629239
 -1.642227 -1.293921 -1.419084 -1.236763
 -1.166435 -1.338285 -2.239067 -1.140460
 -1.308333 -1.441864 -1.531476 -1.283641
 -1.477266 -1.056054 -1.526056 -1.577349
 -1.749198 -1.107347 -1.279197 -1.526056
 -1.223776 -1.345136 -1.521026 -1.483286
 -1.158781 -1.624143 -1.661883 -1.206409
 -1.108976 -1.019364 -1.741496 -2.009758
 -1.488077 -1.419084 -1.386294 -1.264934
 -1.461518 -1.371906 -1.400893 -1.316336
 -1.228666 -1.378197 -1.816450 -1.228666
 -1.272966 -1.078811 -1.771955 -1.560647
 -1.319603 -1.457753 -1.227230 -1.575536
 -1.206601 -1.180626 -2.010971 -1.347680
 -1.260669 -1.288839 -2.136133 -1.130616
 -1.395864 -1.127601 -1.820745 -1.321756
 -1.635189 -1.336698 -1.274177 -1.336698
 -1.346449 -1.098613 -1.516347 -1.676689
 -1.437966 -1.437966 -1.715597 -1.063274
 -1.410987 -0.910214 -2.327270 -1.362197
 -1.489151 -1.201470 -1.456362 -1.424613
 -1.081371 -1.189585 -2.036879 -1.486835
 -1.352847 -1.694595 -1.658227 -1.001449
 -1.291984 -1.076874 -2.025949 -1.375365
 -1.131403 -1.684786 -1.452986 -1.354546
 -1.372308 -1.064008 -1.960093 -1.344909
 -1.709067 -2.045537 -1.709067 -0.676055
 -1.486377 -0.767257 -2.128227 -1.658227
 -1.349927 -1.769779 -1.267689 -1.241714
 -1.126012 -0.971862 -3.323215 -1.342234
 -1.540444 -2.003066 -2.003066 -0.661896
 -1.192800 -0.905119 -2.291405 -1.655422
 -1.233091 -1.839224 -1.328400 -1.256080
 -1.286922 -0.770707 -2.595248 -1.678963
 -1.446919 -1.834683 -2.214170 -0.701588
 -1.203974 -0.722137 -2.169047 -2.302577
 -0.959416 -1.741115 -1.252763 -1.858897
 -1.044909 -0.865861 -2.491822 -1.932209
 -1.659989 -2.122611 -2.122611 -0.561379
 -1.272966 -0.791130 -2.238039 -1.832578
 -1.248425 -1.449095 -1.218572 -1.700408
 -1.417066 -0.739669 -2.803351 -1.515506
 -1.990033 -1.567178 -2.449562 -0.565028
 -0.895386 -1.218158 -2.316761 -1.623621
 -1.076634 -1.727220 -1.216396 -1.686398
 -0.986135 -0.986135 -2.438381 -1.791758
 -1.423473 -1.454245 -2.211927 -0.876931
 -0.678335 -1.432104 -2.818379 -1.639742
 -0.847299 -1.994698 -1.524696 -1.524696
 -1.065277 -0.913471 -2.342933 -1.843944
 -1.377636 -1.310945 -1.749198 -1.189585
 -0.630630 -1.293922 -2.517683 -2.181216
 -1.174599 -1.444888 -1.554087 -1.410987
 -1.343735 -0.790946 -2.516450 -1.584896
 -1.213023 -1.213023 -1.819157 -1.413693
 -1.041456 -1.511457 -1.580449 -1.511457
 -1.660730 -1.309334 -1.560647 -1.108664
 -1.724317 -0.816763 -2.087221 -1.363305
 -1.240263 -1.240263 -1.810806 -1.355332
 -1.232144 -1.018571 -2.079436 -1.504077
 -1.871800 -1.235814 -1.124589 -1.466337
 -1.424035 -1.185624 -1.686398 -1.314836
 -1.510231 -1.050700 -1.761545 -1.356081
 -1.598264 -0.992130 -1.849576 -1.310583
 -2.277262 -1.360977 -1.296438 -1.000975
 -1.343735 -1.477266 -1.749198 -1.087803
 -1.852383 -1.341559 -1.734600 -0.903305
 -1.835242 -0.987948 -2.463845 -0.959777
 -2.624661 -1.343735 -1.343735 -0.901903
 -1.294728 -2.344540 -1.805550 -0.764101
 -1.448815 -1.663925 -1.791758 -0.893819
 -1.421386 -1.170072 -1.693318 -1.330414
 -1.754619 -1.459156 -1.436166 -1.030702
 -1.178656 -0.655409 -1.754017 -13.854735
 -1.223776 -0.818312 -1.329136 -13.835317
 -1.247458 -0.672096 -1.598855 -13.753639
 -1.512588 -0.956643 -0.927655 -14.386493
 -14.062374 -0.000003 -14.062374 -14.062374
 -14.580980 -0.000001 -14.580980 -14.580980
 -14.108183 -0.000002 -14.108183 -14.108183
 -1.386294 -1.386294 -1.386294 -1.386294
 -1.386294 -1.386294 -1.386294 -1.386294
 -15.377858 -15.377858 -15.377858 -0.000001
 -1.386294 -1.386294 -1.386294 -1.386294
 -1.386294 -1.386294 -1.386294 -1.386294
 -1.386294 -1.386294 -1.386294 -1.386294
 -1.386294 -1.386294 -1.386294 -1.386294
 -1.386294 -1.386294 -1.386294 -1.386294
 -0.000001 -15.377857 -15.377857 -15.377857
 -15.377858 -15.377858 -0.000001 -15.377858
 -1.386294 -1.386294 -1.386294 -1.386294
 -1.386294 -1.386294 -1.386294 -1.386294
 -1.386294 -1.386294 -1.386294 -1.386294
 -1.386294 -1.386294 -1.386294 -1.386294
 -1.386294 -1.386294 -1.386294 -1.386294
 -1.284715 -1.552396 -1.049523 -1.823711
 -1.386294 -1.386294 -1.386294 -1.386294
 -1.448815 -1.219241 -2.174748 -1.032655
 -1.781905 -1.059774 -2.417889 -0.926242
 -1.480407 -1.092643 -2.026949 -1.186169
 -1.858896 -1.124931 -1.453433 -1.252764
 -1.326871 -1.150981 -2.505517 -1.088461
 -1.609437 -1.329853 -1.214784 -1.432507
 -1.067842 -1.023391 -2.079435 -1.760985
 -2.030649 -1.143349 -1.361602 -1.225027
 -1.502926 0.000100 0.000100 0.000100
 -1.227745 0.000100 0.000100 0.000100
 -1.291026 0.000100 0.000100 0.000100
 -1.562646 0.000100 0.000100 0.000100
 -1.227717 -1.405104 -1.409332 -1.526056
 -1.293274 -1.492354 -1.296143 -1.481919
 -1.289007 -1.224278 -1.391332 -1.705167
 -1.977162 -1.178655 -1.171538 -1.410767
 -1.307597 -1.356387 -1.540138 -1.356387
 -1.416200 -1.276438 -1.501913 -1.364014
 -1.153396 -1.139864 -1.678861 -1.726039
 -1.909276 -1.216129 -1.334362 -1.230622
 -1.408767 -1.274289 -1.228974 -1.696449
 -1.300615 -1.370446 -1.260380 -1.660227
 -1.662166 -0.952581 -1.449018 -1.662166
 -2.006416 -1.178418 -1.172283 -1.393899
 -1.299642 -1.287854 -1.554917 -1.425860
 -1.282916 -1.446729 -1.291192 -1.548858
 -1.309152 -1.192042 -1.404462 -1.710081
 -1.754904 -1.202836 -1.269397 -1.403506
 -1.332275 -1.360249 -1.437636 -1.418660
 -1.469676 -1.309333 -1.423650 -1.350284
 -1.266902 -1.145909 -1.599523 -1.617623
 -1.847603 -1.174935 -1.464918 -1.195841
 -1.534285 -1.304827 -1.173546 -1.590114
 -1.338536 -1.253565 -1.344671 -1.652032
 -1.490533 -1.000551 -1.508633 -1.682769
 -1.843053 -1.248144 -1.185624 -1.390005
 -1.287324 -1.436359 -1.409926 -1.418660
 -1.251999 -1.449407 -1.251999 -1.642865
 -1.326806 -1.193671 -1.419588 -1.662013
 -1.740910 -1.278052 -1.183105 -1.428227
 -1.323336 -1.336989 -1.445791 -1.445791
 -1.469258 -1.298409 -1.435610 -1.351052
 -1.222407 -1.136122 -1.565880 -1.740038
 -1.797191 -1.185722 -1.389550 -1.274670
 -1.531950 -1.247563 -1.274321 -1.527574
 -1.345853 -1.266749 -1.389474 -1.566713
 -1.498631 -1.028627 -1.530236 -1.596611
 -1.785894 -1.271566 -1.197458 -1.386294
 -1.230944 -1.442465 -1.560248 -1.341112
 -1.265109 -1.329647 -1.371073 -1.612510
 -1.350808 -1.159457 -1.357634 -1.771698
 -1.704222 -1.248042 -1.255395 -1.402193
 -1.334642 -1.331235 -1.546754 -1.348388
 -1.468842 -1.330341 -1.461622 -1.296230
 -1.229275 -1.154052 -1.699278 -1.563874
 -1.798190 -1.189126 -1.377784 -1.280934
 -1.495494 -1.359828 -1.157801 -1.584839
 -1.358482 -1.336775 -1.303590 -1.566845
 -1.348126 -1.111311 -1.559197 -1.605241
 -1.849450 -1.212448 -1.153433 -1.471171
 -1.214985 -1.421826 -1.460876 -1.469765
 -1.314501 -1.383063 -1.338892 -1.521214
 -1.365104 -1.151034 -1.428353 -1.667954
 -1.728447 -1.205426 -1.312809 -1.371159
 -1.348622 -1.369975 -1.399174 -1.429251
 -1.506156 -1.350402 -1.430444 -1.273322
 -1.301737 -1.084014 -1.649762 -1.621458
 -1.838877 -1.094437 -1.460081 -1.294413
 -1.438695 -1.297283 -1.250763 -1.593549
 -1.327052 -1.397309 -1.321169 -1.511145
 -1.424424 -1.018959 -1.573684 -1.654947
 -1.899601 -1.178887 -1.169865 -1.459545
 -1.401799 -1.284016 -1.360977 -1.511799
 -1.323323 -1.448486 -1.241472 -1.561282
 -1.315131 -1.158701 -1.455532 -1.690696
 -1.619226 -1.245216 -1.264192 -1.462736
 -1.360605 -1.231613 -1.459545 -1.517174
 -1.394649 -1.259860 -1.464121 -1.439253
 -1.259295 -1.057790 -1.702147 -1.678617
 -1.746736 -1.149213 -1.463782 -1.282251
 -1.563347 -1.229452 -1.216631 -1.600048
 -1.339774 -1.342619 -1.303508 -1.583005
 -1.498822 -1.006084 -1.400088 -1.805553
 -1.809098 -1.202962 -1.182962 -1.471744
 -1.349023 -1.282200 -1.502496 -1.425009
 -1.347958 -1.493786 -1.450373 -1.268597
 -1.289192 -1.173733 -1.447330 -1.714250
 -1.709340 -1.192206 -1.299665 -1.415349
 -1.272436 -1.557913 -1.355242 -1.380744
 -1.351001 -1.574145 -1.360726 -1.282439
 -1.214596 -1.442605 -1.475666 -1.434508
 -1.517323 -1.400034 -1.327621 -1.313022
 -1.350301 -1.065147 -0.925936 -16.254374
 -1.355958 -0.976050 -1.006481 -16.091753
 -1.325186 -0.967825 -1.037504 -16.208851
 -1.542518 -1.084515 -0.802756 -16.237656
 -16.195057 -0.000000 -16.195057 -16.195057
 -16.562141 -0.000000 -16.562141 -16.562141
 -16.650488 -0.000000 -16.650488 -16.650488
 -1.386294 -1.386294 -1.386294 -1.386294
 -1.386294 -1.386294 -1.386294 -1.386294
 -17.586432 -17.586432 -17.586432 -0.000000
 -1.386294 -1.386294 -1.386294 -1.386294
 -1.386294 -1.386294 -1.386294 -1.386294
 -1.386294 -1.386294 -1.386294 -1.386294
 -1.386294 -1.386294 -1.386294 -1.386294
 -1.386294 -1.386294 -1.386294 -1.386294
 0.000000 -17.586432 -17.586432 -17.586432
 -17.586432 -17.586432 0.000000 -17.586432
 -1.386294 -1.386294 -1.386294 -1.386294
 -1.386294 -1.386294 -1.386294 -1.386294
 -1.386294 -1.386294 -1.386294 -1.386294
 -1.386294 -1.386294 -1.386294 -1.386294
 -1.386294 -1.386294 -1.386294 -1.386294
 -1.230106 -1.031371 -1.777581 -1.702792
 -1.386294 -1.386294 -1.386294 -1.386294
 -1.293782 -1.314102 -1.328873 -1.648816
 -1.257944 -1.211321 -1.501175 -1.634292
 -1.535914 -0.981738 -1.770195 -1.428025
 -1.669351 -1.071179 -1.330964 -1.585702
 -1.202452 -1.556092 -1.294727 -1.538924
 -1.182930 -1.626647 -1.263578 -1.539950
 -1.199059 -1.266652 -1.385310 -1.792745
 -1.355111 -1.451738 -1.223776 -1.542710
