 -1.369986 0.000100 0.000100 0.000100
 -1.248289 0.000100 0.000100 0.000100
 -1.501838 0.000100 0.000100 0.000100
 -1.443189 0.000100 0.000100 0.000100
 -1.351609 -1.264598 -1.524880 -1.422226
 -1.450833 -1.365675 -1.325670 -1.407348
 -1.112127 -1.242747 -1.636650 -1.671741
 -1.884540 -1.349023 -1.055263 -1.425009
 -1.117305 -1.450010 -1.653608 -1.398717
 -1.286474 -1.437297 -1.266672 -1.587579
 -1.104444 -1.386294 -1.592146 -1.536576
 -1.481604 -1.669656 -1.186805 -1.275753
 -1.265667 -1.178655 -1.559427 -1.609437
 -1.366876 -1.223776 -1.596450 -1.392852
 -1.249719 -1.168041 -1.698668 -1.516347
 -1.724040 -1.318576 -1.144223 -1.445328
 -1.052362 -1.345709 -1.834061 -1.466337
 -1.113880 -1.356441 -1.650680 -1.504077
 -1.217218 -1.111858 -1.622682 -1.728043
 -1.752538 -1.321756 -1.373049 -1.181994
 -1.466337 -1.195462 -1.905702 -1.145866
 -1.159913 -1.349155 -1.413693 -1.693995
 -1.456362 -0.847299 -1.945908 -1.632252
 -1.830979 -1.042524 -1.648658 -1.221215
 -1.240263 -1.177084 -1.701607 -1.513556
 -1.278198 -1.346020 -1.560430 -1.381739
 -1.285824 -0.860942 -1.816450 -1.978968
 -1.513046 -1.252763 -1.317302 -1.486378
 -1.211492 -1.310583 -1.747795 -1.353142
 -1.168993 -1.415853 -1.638996 -1.376632
 -1.722765 -0.971351 -1.763587 -1.304056
 -1.680896 -1.148093 -1.287855 -1.510998
 -1.140915 -1.323236 -1.911021 -1.323236
 -1.108817 -1.699684 -2.238679 -0.965716
 -0.954032 -1.471287 -2.132683 -1.321756
 -1.362764 -1.627456 -1.435084 -1.172721
 -1.376992 -1.900239 -2.274931 -0.702538
 -1.718636 -1.215534 -1.450373 -1.239064
 -1.446919 -1.680533 -2.140062 -0.774827
 -1.553348 -1.530875 -1.386294 -1.132846
 -0.989880 -2.106838 -0.936770 -2.163996
 -1.220902 -3.142701 -0.760088 -1.638636
 -0.817201 -2.995719 -1.003303 -1.954276
 -1.046556 -2.860289 -0.693148 -2.390288
 -14.695139 -0.000001 -14.695139 -14.695139
 -13.017012 -0.000007 -13.017012 -13.017012
 -14.907435 -0.000001 -14.907435 -14.907435
 -13.652996 -0.000004 -13.652996 -13.652996
 -1.386294 -1.386294 -1.386294 -1.386294
 -2.634582 -2.634582 -3.209944 -0.203166
 -1.386294 -1.386294 -1.386294 -1.386294
 -1.386294 -1.386294 -1.386294 -1.386294
 -2.079433 -0.613109 -1.673974 -1.925285
 -1.232145 -1.673974 -1.673974 -1.098614
 -0.810937 -0.897947 -2.197206 -3.295752
 -0.413741 -3.358176 -1.319012 -3.306882
 -0.000001 -15.184151 -15.184151 -15.184151
 -0.000005 -13.384734 -13.384734 -13.384734
 -0.000002 -14.328337 -14.328337 -14.328337
 -0.000007 -12.994539 -12.994539 -12.994539
 -2.634582 -0.336174 -3.286905 -1.735099
 -1.386294 -1.386294 -1.386294 -1.386294
 -1.386294 -1.386294 -1.386294 -1.386294
 -1.386294 -1.386294 -1.386294 -1.386294
 -1.925285 -0.575369 -3.178012 -1.386294
 -0.949255 -1.390487 -1.879151 -1.554490
 -1.272967 -1.021656 -2.120246 -1.427116
 -1.438480 -1.215337 -1.512588 -1.403389
 -1.297816 -1.205443 -1.869601 -1.297816
 -1.203973 -1.276732 -1.636106 -1.485824
 -1.425515 -0.980831 -1.599868 -1.699951
 -1.739115 -0.954162 -1.441864 -1.596014
 -1.374598 -1.446919 -1.803593 -1.058262
 -1.428654 -1.428654 -1.573234 -1.160390
 -1.519825 -1.045369 -2.287076 -1.114361
 -2.041218 -1.399366 -1.105128 -1.230290
 -1.249273 -1.325259 -1.784789 -1.273965
 -1.427116 -1.358124 -1.945908 -1.021652
 -1.309063 -1.182312 -1.741926 -1.393620
 -1.869467 -1.494775 -1.358643 -1.009268
 -1.475090 -1.292769 -1.811561 -1.098613
 -1.785995 -1.183000 -1.656783 -1.092849
 -1.214445 -1.090831 -2.454129 -1.268512
 -2.151760 -1.122143 -1.707076 -0.976189
 -1.511982 -1.378451 -1.953813 -0.952368
 -1.673976 -1.243194 -1.811177 -1.020051
 -1.737691 -0.993253 -1.974078 -1.155771
 -1.954798 -1.013816 -1.682865 -1.172040
 -0.710243 -1.474847 -1.998093 -1.937469
 -1.161284 -1.537334 -1.009268 -2.230479
 -0.702366 -1.555853 -1.646824 -2.293447
 -1.270463 -1.459054 -0.952009 -2.293849
 -14.703403 -0.000001 -14.703403 -14.703403
 -14.214290 -0.000002 -14.214290 -14.214290
 -14.523548 -0.000002 -14.523548 -14.523548
 -13.514411 -0.000004 -13.514411 -13.514411
 -1.386294 -1.386294 -1.386294 -1.386294
 -0.000001 -15.716125 -15.716125 -15.716125
 -1.386294 -1.386294 -1.386294 -1.386294
 -1.386294 -1.386294 -1.386294 -1.386294
 -15.716125 -15.716125 -0.000000 -15.716125
 -1.386294 -1.386294 -1.386294 -1.386294
 -1.386294 -1.386294 -1.386294 -1.386294
 -1.386294 -1.386294 -1.386294 -1.386294
 -1.386294 -1.386294 -1.386294 -1.386294
 -1.386294 -1.386294 -1.386294 -1.386294
 -1.296298 -1.501838 -1.112157 -1.743610
 -1.386294 -1.386294 -1.386294 -1.386294
 -1.625967 -1.220502 -1.913648 -1.019832
 -1.825891 -1.197284 -1.393028 -1.242747
 -1.219241 -1.203973 -1.897119 -1.368276
 -2.123113 -0.955513 -1.235814 -1.584119
 -1.408113 -1.150285 -2.369520 -1.063274
 -1.236234 -1.395864 -1.709521 -1.269570
 -1.237612 -1.091008 -1.474000 -1.930756
 -1.807759 -1.271455 -1.435084 -1.147403
 -1.378516 0.000100 0.000100 0.000100
 -1.233654 0.000100 0.000100 0.000100
 -1.465113 0.000100 0.000100 0.000100
 -1.488241 0.000100 0.000100 0.000100
 -1.478873 -1.192192 -1.254131 -1.697029
 -1.546774 -1.189359 -1.322150 -1.532068
 -1.408406 -0.981492 -1.538459 -1.795743
 -2.103117 -1.007287 -1.270208 -1.461263
 -1.314446 -1.195730 -1.416079 -1.680771
 -1.286309 -1.261738 -1.271494 -1.831723
 -1.279360 -1.093377 -1.461682 -1.865262
 -1.848512 -1.061383 -1.227230 -1.592343
 -1.298066 -1.321756 -1.481057 -1.457246
 -1.312815 -1.312815 -1.501149 -1.431279
 -1.295209 -1.042475 -1.586090 -1.778721
 -1.702755 -1.101276 -1.522870 -1.319431
 -1.476243 -1.330531 -1.125862 -1.699386
 -1.426735 -1.226065 -1.332869 -1.595812
 -1.459351 -0.938620 -1.574310 -1.776110
 -2.339142 -0.968935 -1.192078 -1.511799
 -1.321756 -1.244324 -1.452869 -1.554479
 -1.338241 -1.296240 -1.327574 -1.614373
 -1.380483 -0.977228 -1.511180 -1.886903
 -2.096128 -1.109308 -1.149533 -1.467520
 -1.277197 -1.242471 -1.556668 -1.506543
 -1.342887 -1.212494 -1.427116 -1.602191
 -1.207261 -1.049694 -1.661815 -1.825445
 -1.792941 -1.204367 -1.361803 -1.282115
 -1.602301 -1.269009 -1.039516 -1.808915
 -1.478787 -1.278709 -1.231826 -1.599833
 -1.505106 -0.991506 -1.464284 -1.738720
 -2.288507 -1.043455 -1.127375 -1.502987
 -1.471901 -1.258128 -1.382733 -1.446325
 -1.292508 -1.330351 -1.349823 -1.600736
 -1.363652 -0.981338 -1.528808 -1.879465
 -1.959251 -0.984854 -1.253366 -1.609438
 -1.280543 -1.436455 -1.400088 -1.436455
 -1.360264 -1.478047 -1.346471 -1.365835
 -1.268511 -1.139894 -1.562751 -1.664220
 -1.963907 -1.061268 -1.354694 -1.363954
 -1.690339 -1.224150 -1.057341 -1.747796
 -1.662396 -1.408162 -1.095290 -1.464121
 -1.616051 -1.049015 -1.308427 -1.710414
 -2.009536 -1.192945 -1.013315 -1.611397
 -15.860620 -0.000000 -15.860620 -15.860620
 -16.372738 -0.000000 -16.372738 -16.372738
 -16.476469 -0.000000 -16.476469 -16.476469
 -15.967274 -0.000000 -15.967274 -15.967274
 -1.386294 -1.386294 -1.386294 -1.386294
 -1.261645 -1.286277 -1.416607 -1.619595
 -1.386294 -1.386294 -1.386294 -1.386294
 -1.386294 -1.386294 -1.386294 -1.386294
 -1.220052 -1.336462 -1.096182 -2.226856
 -1.181777 -1.162985 -1.327383 -2.158099
 -1.382514 -0.811641 -1.528521 -2.429643
 -2.328438 -0.630205 -1.316838 -2.281918
 -0.000000 -16.196907 -16.196907 -16.196907
 -0.000000 -16.605448 -16.605448 -16.605448
 -0.000000 -16.292889 -16.292889 -16.292889
 -0.000001 -15.326233 -15.326233 -15.326233
 -1.275528 -1.340067 -1.418503 -1.528724
 -1.386294 -1.386294 -1.386294 -1.386294
 -1.386294 -1.386294 -1.386294 -1.386294
 -1.386294 -1.386294 -1.386294 -1.386294
 -1.542640 -1.236854 -1.051233 -1.921538
 -1.525355 -1.169487 -1.166666 -1.829297
 -1.336330 -1.004510 -1.483884 -1.936467
 -1.922872 -1.091224 -1.136393 -1.624379
 -1.355359 -1.154306 -1.475771 -1.618143
 -1.282637 -1.242532 -1.376414 -1.706167
 -1.262645 -1.034168 -1.456801 -2.051102
 -1.924677 -1.077380 -1.212113 -1.532371
 -1.290573 -1.348118 -1.560863 -1.365694
 -1.252052 -1.367971 -1.452446 -1.489602
 -1.273757 -1.011139 -1.635632 -1.822704
 -1.663505 -1.226147 -1.350115 -1.355204
 -1.698264 -1.235992 -1.071237 -1.693536
 -1.520052 -1.182028 -1.335318 -1.553204
 -1.464619 -0.998529 -1.455730 -1.788668
 -2.292328 -1.033752 -1.131093 -1.511320
 -1.433109 -1.158465 -1.306727 -1.732954
 -1.321054 -1.386294 -1.318426 -1.534377
 -1.308807 -1.070573 -1.460038 -1.865503
 -1.868299 -1.160115 -1.175152 -1.498828
 -1.246574 -1.502646 -1.396856 -1.416350
 -1.279411 -1.516347 -1.282154 -1.492333
 -1.199378 -1.135556 -1.536997 -1.818007
 -1.781064 -1.192490 -1.318178 -1.345329
 -1.764454 -1.183424 -0.912837 -2.111078
 -1.637733 -1.270354 -1.099485 -1.651278
 -1.408435 -1.056623 -1.292312 -2.015815
 -1.805465 -1.105969 -1.099660 -1.761845
 -15.950860 -0.000000 -15.950860 -15.950860
 -16.435095 -0.000000 -16.435095 -16.435095
 -16.499950 -0.000000 -16.499950 -16.499950
 -15.717619 -0.000001 -15.717619 -15.717619
 -1.386294 -1.386294 -1.386294 -1.386294
 0.000000 -17.589191 -17.589191 -17.589191
 -1.386294 -1.386294 -1.386294 -1.386294
 -1.386294 -1.386294 -1.386294 -1.386294
 -17.589191 -17.589191 0.000000 -17.589191
 -1.386294 -1.386294 -1.386294 -1.386294
 -1.386294 -1.386294 -1.386294 -1.386294
 -1.386294 -1.386294 -1.386294 -1.386294
 -1.386294 -1.386294 -1.386294 -1.386294
 -1.386294 -1.386294 -1.386294 -1.386294
 -1.413770 -0.942823 -1.564307 -1.845061
 -1.386294 -1.386294 -1.386294 -1.386294
 -1.298654 -1.337459 -1.400560 -1.522663
 -1.166932 -1.410162 -1.522525 -1.485385
 -1.238594 -1.107433 -1.702555 -1.621586
 -1.721604 -0.984713 -1.427843 -1.570944
 -1.426978 -1.325084 -1.190771 -1.659683
 -1.447319 -1.225537 -1.293168 -1.625567
 -1.452914 -0.969117 -1.435292 -1.906170
 -2.098817 -0.971632 -1.256501 -1.540445
