 -1.409825 0.000100 0.000100 0.000100
 -1.267077 0.000100 0.000100 0.000100
 -1.481088 0.000100 0.000100 0.000100
 -1.399298 0.000100 0.000100 0.000100
 -1.216396 -1.234414 -1.480547 -1.686398
 -1.080431 -1.452669 -1.513294 -1.577832
 -1.200192 -1.110041 -1.506922 -1.912386
 -1.920067 -0.882826 -1.320448 -1.755765
 -1.132351 -1.590658 -1.420032 -1.460038
 -0.897942 -1.642913 -1.755391 -1.485728
 -0.921832 -1.414307 -1.560910 -1.902659
 -1.756419 -0.964183 -1.715597 -1.323556
 -0.966984 -1.810953 -1.961235 -1.153314
 -1.242125 -1.542229 -1.797120 -1.103975
 -0.815751 -1.717651 -1.914360 -1.466337
 -2.639051 -1.134981 -1.080913 -1.317302
 -14.669928 -14.669928 -0.000001 -14.669928
 -14.316288 -14.316288 -0.000002 -14.316288
 -14.207556 -14.207556 -0.000002 -14.207556
 -14.630877 -14.630877 -0.000001 -14.630877
 -1.386294 -1.386294 -1.386294 -1.386294
 -1.386294 -1.386294 -1.386294 -1.386294
 -15.861913 -15.861913 -0.000000 -15.861913
 -1.386294 -1.386294 -1.386294 -1.386294
 -1.386294 -1.386294 -1.386294 -1.386294
 -1.386294 -1.386294 -1.386294 -1.386294
 -15.861913 -15.861913 -15.861913 -0.000000
 -1.386294 -1.386294 -1.386294 -1.386294
 -1.386294 -1.386294 -1.386294 -1.386294
 -1.386294 -1.386294 -1.386294 -1.386294
 -1.386294 -1.386294 -1.386294 -1.386294
 -0.000000 -15.861913 -15.861913 -15.861913
 -1.343304 -1.102496 -2.508436 -1.122143
 -1.386294 -1.386294 -1.386294 -1.386294
 -1.386294 -1.386294 -1.386294 -1.386294
 -1.386294 -1.386294 -1.386294 -1.386294
 -14.518610 -14.518610 -0.000001 -14.518610
 -14.759418 -14.759418 -0.000001 -14.759418
 -13.353481 -13.353481 -0.000005 -13.353481
 -14.739771 -14.739771 -0.000001 -14.739771
 -1.386294 -1.386294 -1.386294 -1.386294
 -1.386294 -1.386294 -1.386294 -1.386294
 -15.861913 -15.861913 -15.861913 -0.000000
 -1.386294 -1.386294 -1.386294 -1.386294
 -1.386294 -1.386294 -1.386294 -1.386294
 -1.386294 -1.386294 -1.386294 -1.386294
 -1.386294 -1.386294 -1.386294 -1.386294
 -1.338366 -0.802247 -1.239926 -15.861913
 -1.702287 -1.050527 -1.649644 -1.287855
 -1.558865 -1.492616 -1.492616 -1.078640
 -1.351203 -1.334109 -1.519825 -1.351203
 -1.386294 -1.386294 -1.386294 -1.386294
 -1.232144 -0.996830 -2.415910 -1.386294
 -1.132846 -1.226664 -2.246493 -1.277095
 -1.423108 -1.051545 -1.933932 -1.327798
 -1.618096 -1.386294 -1.863217 -0.924949
 -1.282916 -1.396245 -1.524078 -1.357024
 -1.506171 -1.186004 -1.692273 -1.242357
 -1.207416 -1.108976 -1.278875 -2.377479
 -2.096534 -1.336697 -1.173373 -1.187166
 -1.562645 -1.186169 -1.621486 -1.246793
 -1.448072 -1.302360 -1.551256 -1.269024
 -1.158905 -1.125569 -1.835243 -1.598855
 -1.842531 -1.282916 -1.437067 -1.118613
 -1.445808 0.000100 0.000100 0.000100
 -1.524280 0.000100 0.000100 0.000100
 -1.288966 0.000100 0.000100 0.000100
 -1.305227 0.000100 0.000100 0.000100
 -1.197704 -1.331235 -1.331235 -1.773064
 -1.406913 -1.252764 -1.589233 -1.326871
 -1.236763 -1.488076 -1.082614 -1.929905
 -1.625965 -1.220503 -1.166436 -1.625965
 -1.757855 -1.662545 -0.969403 -1.352393
 -1.696447 -1.321756 -1.321756 -1.261132
 -1.593932 -1.268512 -1.268512 -1.450832
 -1.196252 -1.363305 -1.458614 -1.563974
 -1.211092 -1.904232 -1.142099 -1.452252
 -1.627455 -1.627455 -1.828123 -0.806479
 -1.481604 -1.098614 -1.624704 -1.417066
 -1.080915 -1.722764 -1.386294 -1.460402
 -13.287885 -13.287885 -0.000005 -13.287885
 -13.122372 -13.122372 -0.000006 -13.122372
 -13.142174 -13.142174 -0.000006 -13.142174
 -13.384734 -13.384734 -0.000005 -13.384734
 -1.386294 -1.386294 -1.386294 -1.386294
 -1.386294 -1.386294 -1.386294 -1.386294
 -14.626443 -14.626443 -0.000001 -14.626443
 -1.386294 -1.386294 -1.386294 -1.386294
 -1.386294 -1.386294 -1.386294 -1.386294
 -1.386294 -1.386294 -1.386294 -1.386294
 -14.626443 -14.626443 -14.626443 -0.000001
 -1.386294 -1.386294 -1.386294 -1.386294
 -1.386294 -1.386294 -1.386294 -1.386294
 -1.386294 -1.386294 -1.386294 -1.386294
 -1.386294 -1.386294 -1.386294 -1.386294
 -0.000001 -14.626443 -14.626443 -14.626443
 -2.325055 -1.072295 -1.321756 -1.226446
 -1.386294 -1.386294 -1.386294 -1.386294
 -1.386294 -1.386294 -1.386294 -1.386294
 -1.386294 -1.386294 -1.386294 -1.386294
 -12.301401 -12.301401 -0.000014 -12.301401
 -13.554151 -13.554151 -0.000004 -13.554151
 -13.304691 -13.304691 -0.000005 -13.304691
 -13.400002 -13.400002 -0.000005 -13.400002
 -1.386294 -1.386294 -1.386294 -1.386294
 -1.386294 -1.386294 -1.386294 -1.386294
 -14.626443 -14.626443 -14.626443 -0.000001
 -1.386294 -1.386294 -1.386294 -1.386294
 -1.386294 -1.386294 -1.386294 -1.386294
 -1.386294 -1.386294 -1.386294 -1.386294
 -1.386294 -1.386294 -1.386294 -1.386294
 -1.139435 -1.059392 -1.098613 -14.626443
 -2.667214 -0.944464 -1.232144 -1.386294
 -1.958809 -1.648657 -0.989415 -1.221215
 -1.678429 -1.544899 -0.791130 -1.919589
 -1.386294 -1.386294 -1.386294 -1.386294
 -1.098616 -1.321757 -1.791753 -1.455286
 -1.438480 -0.986497 -1.880309 -1.438480
 -1.295323 -1.386294 -1.386294 -1.486377
 -1.754016 -1.553347 -1.312187 -1.060874
 -1.627454 -1.317302 -1.252764 -1.386294
 -2.517683 -1.293922 -1.642226 -0.794933
 -1.694593 -1.001451 -1.589233 -1.406913
 -2.114525 -1.227231 -1.227231 -1.227231
 -1.386294 -1.386294 -0.900791 -2.367103
 -1.069200 -1.806794 -1.371479 -1.432104
 -1.609436 -0.962813 -1.062896 -2.621021
 -1.218158 -1.490090 -1.429466 -1.429466
