 -1.285993 0.000100 0.000100 0.000100
 -1.337067 0.000100 0.000100 0.000100
 -1.508099 0.000100 0.000100 0.000100
 -1.428455 0.000100 0.000100 0.000100
 -0.821359 -1.477464 -1.795917 -1.795917
 -1.027003 -1.482478 -2.066424 -1.244068
 -0.986025 -1.292398 -1.895393 -1.599128
 -1.845826 -0.899684 -1.786985 -1.316983
 -1.147573 -1.180363 -1.619729 -1.728928
 -1.082418 -1.342375 -1.672616 -1.550014
 -0.731467 -1.252763 -1.671472 -3.098576
 -1.665718 -0.946597 -1.333013 -1.837568
 -1.173274 -1.364941 -1.310133 -1.798979
 -0.802632 -1.378914 -1.791759 -2.014902
 -0.886519 -1.419817 -1.397344 -2.313632
 -1.372308 -1.024002 -1.521839 -1.777772
 -0.879250 -1.572396 -14.972393 -0.974560
 -1.012670 -1.447988 -14.665663 -0.912027
 -0.662995 -1.252763 -14.488457 -1.614552
 -1.354546 -1.488077 -14.030625 -0.661400
 -15.068274 -15.068274 -0.000001 -15.068274
 -14.533352 -14.533352 -0.000001 -14.533352
 -1.386294 -1.386294 -1.386294 -1.386294
 -14.969243 -14.969243 -0.000001 -14.969243
 -1.386294 -1.386294 -1.386294 -1.386294
 -1.386294 -1.386294 -1.386294 -1.386294
 -15.981131 -15.981131 -15.981131 -0.000000
 -1.386294 -1.386294 -1.386294 -1.386294
 -1.386294 -1.386294 -1.386294 -1.386294
 -1.386294 -1.386294 -1.386294 -1.386294
 -1.386294 -1.386294 -1.386294 -1.386294
 -0.000000 -15.981131 -15.981131 -15.981131
 -0.754632 -1.418931 -2.878968 -1.462522
 -1.386294 -1.386294 -1.386294 -1.386294
 -1.386294 -1.386294 -1.386294 -1.386294
 -1.386294 -1.386294 -1.386294 -1.386294
 -15.226499 -15.226499 -0.000001 -15.226499
 -14.562201 -14.562201 -0.000001 -14.562201
 -13.102169 -13.102169 -0.000006 -13.102169
 -14.518610 -14.518610 -0.000001 -14.518610
 -1.386294 -1.386294 -1.386294 -1.386294
 -1.386294 -1.386294 -1.386294 -1.386294
 -1.179803 -0.611694 -1.895592 -15.981131
 -1.386294 -1.386294 -1.386294 -1.386294
 -1.026639 -1.463852 -2.035638 -1.273499
 -1.330782 -1.203269 -2.031960 -1.189282
 -1.113998 -1.003997 -1.984823 -1.784153
 -1.386294 -1.386294 -1.386294 -1.386294
 -1.271884 -1.448815 -1.550597 -1.299283
 -1.370546 -1.172721 -1.486378 -1.559137
 -1.248425 -0.983733 -1.653889 -1.911716
 -1.901277 -1.325914 -1.390452 -1.090348
 -1.526056 -1.158332 -1.669157 -1.272276
 -1.350505 -1.232722 -1.702725 -1.319734
 -1.212557 -0.890974 -2.228474 -1.689480
 -1.851823 -1.144492 -1.557024 -1.158677
 -1.230731 -1.118613 -1.724748 -1.594695
 -1.585423 -0.834647 -1.999398 -1.488573
 -1.286211 -0.747216 -2.133506 -2.028146
 -2.036880 -1.007263 -1.526056 -1.248425
 -1.462834 -1.088142 -1.691675 -1.396876
 -1.629817 -0.865719 -1.841991 -1.492616
 -1.561647 -0.686180 -2.018403 -1.871800
 -2.038618 -0.953431 -1.702147 -1.197053
 -1.461330 0.000100 0.000100 0.000100
 -1.375062 0.000100 0.000100 0.000100
 -1.086078 0.000100 0.000100 0.000100
 -1.727597 0.000100 0.000100 0.000100
 -1.110041 -1.460402 -1.521683 -1.514275
 -1.302764 -1.400543 -1.379615 -1.469320
 -1.066777 -1.207511 -1.613910 -1.846199
 -1.651629 -1.176803 -1.365329 -1.407708
 -1.631346 -1.141588 -1.110151 -1.861025
 -1.622683 -1.032949 -1.296287 -1.753711
 -1.609438 -0.861787 -1.473834 -1.906849
 -2.210104 -0.959725 -1.177513 -1.613101
 -1.261193 -1.456938 -1.132767 -1.822662
 -1.208960 -1.464966 -1.160170 -1.851677
 -1.457632 -1.054988 -1.291879 -1.936122
 -1.857870 -1.299283 -1.101985 -1.431052
 -0.866580 -1.383323 -16.413746 -1.112096
 -0.971416 -1.267052 -16.486206 -1.079421
 -0.858809 -1.114682 -16.607290 -1.393062
 -1.718292 -0.893569 -16.003807 -0.888104
 -16.792570 -16.792570 -0.000000 -16.792570
 -16.615229 -16.615229 -0.000000 -16.615229
 -1.386294 -1.386294 -1.386294 -1.386294
 -16.651661 -16.651661 -0.000000 -16.651661
 -1.386294 -1.386294 -1.386294 -1.386294
 -1.386294 -1.386294 -1.386294 -1.386294
 -17.788065 -17.788065 -17.788065 -0.000000
 -1.386294 -1.386294 -1.386294 -1.386294
 -1.386294 -1.386294 -1.386294 -1.386294
 -1.386294 -1.386294 -1.386294 -1.386294
 -1.386294 -1.386294 -1.386294 -1.386294
 0.000000 -17.788065 -17.788065 -17.788065
 -2.157728 -0.746503 -2.144783 -1.226565
 -1.386294 -1.386294 -1.386294 -1.386294
 -1.386294 -1.386294 -1.386294 -1.386294
 -1.386294 -1.386294 -1.386294 -1.386294
 -15.630336 -15.630336 -0.000000 -15.630336
 -17.041561 -17.041561 -0.000000 -17.041561
 -15.643281 -15.643281 -0.000000 -15.643281
 -16.561499 -16.561499 -0.000000 -16.561499
 -1.386294 -1.386294 -1.386294 -1.386294
 -1.386294 -1.386294 -1.386294 -1.386294
 -0.995494 -1.042427 -1.280633 -17.788065
 -1.386294 -1.386294 -1.386294 -1.386294
 -1.603343 -1.214042 -1.152510 -1.682332
 -1.611041 -1.196703 -1.269995 -1.526484
 -1.501033 -0.908530 -1.648117 -1.706104
 -1.386294 -1.386294 -1.386294 -1.386294
 -1.274398 -1.707941 -1.106843 -1.567524
 -1.416564 -1.447779 -1.120056 -1.629126
 -1.382107 -1.165111 -1.281493 -1.836084
 -1.539804 -1.491655 -1.049822 -1.557904
 -1.210600 -1.442736 -1.558907 -1.365178
 -1.256260 -1.474647 -1.353480 -1.478042
 -1.133472 -1.233748 -1.579185 -1.710672
 -1.496250 -1.380418 -1.323476 -1.353441
 -1.639944 -1.174581 -1.139271 -1.731557
 -1.590418 -1.231933 -1.182540 -1.619831
 -1.504484 -0.921594 -1.592495 -1.734059
 -2.183134 -1.031625 -1.199531 -1.471638
 -1.375144 -1.407933 -1.264555 -1.513294
 -1.300405 -1.570411 -1.173065 -1.559687
 -1.396904 -1.113231 -1.360251 -1.786496
 -1.832339 -1.404895 -0.924569 -1.620164
