 -1.292107 0.000100 0.000100 0.000100
 -1.320599 0.000100 0.000100 0.000100
 -1.443453 0.000100 0.000100 0.000100
 -1.504077 0.000100 0.000100 0.000100
 -1.087440 -1.121341 -1.598264 -2.003728
 -1.164308 -1.145959 -1.821086 -1.569772
 -1.023106 -0.952901 -1.985913 -2.140063
 -1.974079 -0.926763 -1.358896 -1.568615
 -0.979068 -1.271455 -1.578185 -1.983649
 -0.979375 -1.290588 -1.822803 -1.672521
 -0.796689 -1.248673 -1.759497 -2.406120
 -1.737691 -1.098613 -1.546636 -1.280934
 -0.715031 -2.008429 -1.916056 -1.472126
 -0.824390 -1.704747 -2.458516 -1.223776
 -0.470006 -1.742968 -2.222538 -2.389591
 -1.810107 -1.442384 -1.481604 -0.986910
 -14.873302 -14.873302 -0.000001 -14.873302
 -13.928843 -13.928843 -0.000003 -13.928843
 -13.687682 -13.687682 -0.000003 -13.687682
 -14.285517 -14.285517 -0.000002 -14.285517
 -1.386294 -1.386294 -1.386294 -1.386294
 -1.386294 -1.386294 -1.386294 -1.386294
 -15.684232 -15.684232 -0.000000 -15.684232
 -1.386294 -1.386294 -1.386294 -1.386294
 -1.386294 -1.386294 -1.386294 -1.386294
 -1.386294 -1.386294 -1.386294 -1.386294
 -15.684232 -15.684232 -15.684232 -0.000000
 -1.386294 -1.386294 -1.386294 -1.386294
 -1.386294 -1.386294 -1.386294 -1.386294
 -1.386294 -1.386294 -1.386294 -1.386294
 -1.386294 -1.386294 -1.386294 -1.386294
 -0.000001 -15.684232 -15.684232 -15.684232
 -0.871772 -1.497157 -2.396352 -1.320599
 -1.386294 -1.386294 -1.386294 -1.386294
 -1.386294 -1.386294 -1.386294 -1.386294
 -1.386294 -1.386294 -1.386294 -1.386294
 -14.812461 -14.812461 -0.000001 -14.812461
 -14.187077 -14.187077 -0.000002 -14.187077
 -13.287885 -13.287885 -0.000005 -13.287885
 -14.363634 -14.363634 -0.000002 -14.363634
 -1.386294 -1.386294 -1.386294 -1.386294
 -1.386294 -1.386294 -1.386294 -1.386294
 -15.684232 -0.000001 -15.684232 -15.684232
 -1.386294 -1.386294 -1.386294 -1.386294
 -1.386294 -1.386294 -1.386294 -1.386294
 -1.292107 -1.380140 -1.909542 -1.122033
 -1.386294 -1.386294 -1.386294 -1.386294
 -1.386294 -1.386294 -1.386294 -1.386294
 -1.310583 -1.331636 -1.492904 -1.420583
 -1.161925 -1.356081 -1.726453 -1.380178
 -1.098613 -0.926764 -1.925288 -2.079437
 -1.714271 -1.274321 -1.362874 -1.257514
 -1.441019 -1.238079 -1.951843 -1.104548
 -1.148210 -1.098613 -1.858450 -1.642227
 -1.552685 -0.776848 -2.211927 -1.518783
 -2.159481 -1.118031 -1.553348 -1.060873
 -1.133460 -1.346021 -1.939082 -1.294727
 -1.982112 -0.872806 -1.609437 -1.408767
 -1.619387 -0.808460 -1.670680 -1.781905
 -2.280109 -0.880025 -1.736496 -1.181500
 -1.198243 -1.198243 -1.809149 -1.457753
 -1.461018 -1.301953 -1.650259 -1.190728
 -1.495493 -0.882390 -1.709067 -1.709067
 -1.976492 -1.123004 -1.710789 -1.034451
 -1.569360 0.000100 0.000100 0.000100
 -1.169865 0.000100 0.000100 0.000100
 -1.231613 0.000100 0.000100 0.000100
 -1.662885 0.000100 0.000100 0.000100
 -1.828125 -0.957300 -1.317302 -1.673975
 -1.404422 -1.429114 -1.023650 -1.859896
 -1.445328 -1.124421 -1.295046 -1.798148
 -1.791758 -1.533930 -0.987388 -1.406097
 -1.261652 -1.089803 -1.326191 -2.162434
 -1.412270 -1.288656 -1.412270 -1.438938
 -1.291516 -1.152680 -1.357474 -1.883566
 -2.020015 -1.058608 -1.326871 -1.366092
 -1.648658 -1.178656 -1.284016 -1.500238
 -1.695911 -1.368699 -1.603538 -1.019026
 -1.559957 -0.901903 -1.882729 -1.461518
 -2.130209 -1.357024 -1.247825 -1.088761
 -13.785055 -13.785055 -0.000003 -13.785055
 -14.316288 -14.316288 -0.000002 -14.316288
 -13.997835 -13.997835 -0.000003 -13.997835
 -14.260199 -14.260199 -0.000002 -14.260199
 -1.386294 -1.386294 -1.386294 -1.386294
 -1.386294 -1.386294 -1.386294 -1.386294
 -15.498199 -15.498199 -0.000001 -15.498199
 -1.386294 -1.386294 -1.386294 -1.386294
 -1.386294 -1.386294 -1.386294 -1.386294
 -1.386294 -1.386294 -1.386294 -1.386294
 -15.498199 -15.498199 -15.498199 -0.000001
 -1.386294 -1.386294 -1.386294 -1.386294
 -1.386294 -1.386294 -1.386294 -1.386294
 -1.386294 -1.386294 -1.386294 -1.386294
 -1.386294 -1.386294 -1.386294 -1.386294
 -0.000001 -15.498199 -15.498199 -15.498199
 -1.788048 -1.078373 -1.776999 -1.128803
 -1.386294 -1.386294 -1.386294 -1.386294
 -1.386294 -1.386294 -1.386294 -1.386294
 -1.386294 -1.386294 -1.386294 -1.386294
 -13.710155 -13.710155 -0.000003 -13.710155
 -14.419828 -14.419828 -0.000002 -14.419828
 -13.721204 -13.721204 -0.000003 -13.721204
 -14.369398 -14.369398 -0.000002 -14.369398
 -1.386294 -1.386294 -1.386294 -1.386294
 -1.386294 -1.386294 -1.386294 -1.386294
 -15.498199 -0.000001 -15.498199 -15.498199
 -1.386294 -1.386294 -1.386294 -1.386294
 -1.386294 -1.386294 -1.386294 -1.386294
 -1.560471 -1.332031 -1.297426 -1.375204
 -1.386294 -1.386294 -1.386294 -1.386294
 -1.386294 -1.386294 -1.386294 -1.386294
 -1.230881 -1.469291 -1.013817 -2.162434
 -1.659989 -1.127186 -1.344909 -1.490091
 -1.301553 -1.119232 -1.464072 -1.771555
 -1.868131 -1.199083 -1.151455 -1.478667
 -1.463586 -1.499953 -1.269430 -1.330055
 -1.210204 -1.417843 -1.210204 -1.823306
 -1.517064 -0.900291 -1.432507 -1.998901
 -1.670680 -0.926242 -1.319284 -1.907068
 -1.527607 -1.196251 -1.458615 -1.394076
 -1.345709 -1.301257 -1.441019 -1.466337
 -1.457246 -1.294727 -1.199417 -1.651401
 -1.710080 -1.046788 -1.452252 -1.452252
 -1.593308 -1.256837 -1.098613 -1.721141
 -1.170775 -1.399033 -1.150573 -2.066860
 -1.654557 -0.923672 -1.654557 -1.511457
 -2.310879 -0.863966 -1.240443 -1.660295
