 -1.349673 0.000100 0.000100 0.000100
 -1.251875 0.000100 0.000100 0.000100
 -1.605892 0.000100 0.000100 0.000100
 -1.370435 0.000100 0.000100 0.000100
 -1.245937 -1.112406 -1.616310 -1.687769
 -0.954271 -1.130161 -1.862527 -1.990360
 -1.201028 -0.898748 -1.837014 -2.019335
 -1.918320 -0.955512 -1.273965 -1.667007
 -0.879250 -1.572396 -1.667706 -1.667706
 -0.770706 -1.837568 -1.496642 -1.869316
 -0.826680 -1.284512 -1.583004 -2.521267
 -1.677645 -1.014353 -1.375365 -1.620487
 -0.571914 -2.083894 -2.048803 -1.702528
 -0.670159 -1.915371 -2.220751 -1.458615
 -0.491727 -1.704747 -2.598558 -2.023199
 -1.532897 -1.532897 -1.586964 -1.011602
 -14.866334 -14.866334 -0.000001 -14.866334
 -13.687682 -13.687682 -0.000003 -13.687682
 -13.458841 -13.458841 -0.000004 -13.458841
 -13.989468 -13.989468 -0.000003 -13.989468
 -1.386294 -1.386294 -1.386294 -1.386294
 -1.386294 -1.386294 -1.386294 -1.386294
 -15.543621 -15.543621 -0.000001 -15.543621
 -1.386294 -1.386294 -1.386294 -1.386294
 -1.386294 -1.386294 -1.386294 -1.386294
 -1.386294 -1.386294 -1.386294 -1.386294
 -15.543621 -15.543621 -15.543621 -0.000001
 -1.386294 -1.386294 -1.386294 -1.386294
 -1.386294 -1.386294 -1.386294 -1.386294
 -1.386294 -1.386294 -1.386294 -1.386294
 -1.386294 -1.386294 -1.386294 -1.386294
 -0.000001 -15.543621 -15.543621 -15.543621
 -0.971988 -1.145894 -2.965981 -1.377453
 -1.386294 -1.386294 -1.386294 -1.386294
 -1.386294 -1.386294 -1.386294 -1.386294
 -1.386294 -1.386294 -1.386294 -1.386294
 -14.571634 -14.571634 -0.000001 -14.571634
 -14.397728 -14.397728 -0.000002 -14.397728
 -12.577650 -12.577650 -0.000010 -12.577650
 -14.166170 -14.166170 -0.000002 -14.166170
 -1.386294 -1.386294 -1.386294 -1.386294
 -1.386294 -1.386294 -1.386294 -1.386294
 -0.364573 -15.543621 -1.185785 -15.543621
 -1.386294 -1.386294 -1.386294 -1.386294
 -1.172917 -1.324317 -1.611999 -1.491371
 -1.386294 -1.386294 -1.386294 -1.386294
 -1.177203 -0.957841 -2.151760 -1.650986
 -1.386294 -1.386294 -1.386294 -1.386294
 -1.352393 -1.397855 -1.662547 -1.188764
 -1.524880 -1.307157 -1.498212 -1.243978
 -0.974051 -1.252763 -1.540444 -2.100057
 -1.905417 -1.537694 -1.269430 -1.034591
 -1.113319 -1.423473 -1.393620 -1.701104
 -1.466337 -1.134204 -1.743968 -1.299283
 -0.944463 -1.052093 -2.128228 -1.945908
 -1.622258 -1.342674 -1.472727 -1.164426
 -1.301395 -1.425009 -1.349023 -1.479076
 -1.110883 -1.168041 -1.804028 -1.634130
 -1.234745 -0.962812 -1.810107 -1.810107
 -1.830673 -1.137528 -1.441210 -1.264280
 -1.040344 -1.203973 -1.875139 -1.643339
 -1.489730 -1.241269 -1.626930 -1.241269
 -1.048603 -0.830350 -2.197220 -2.277262
 -2.173123 -1.228666 -1.410987 -1.050985
 -1.668527 0.000100 0.000100 0.000100
 -1.166435 0.000100 0.000100 0.000100
 -1.210139 0.000100 0.000100 0.000100
 -1.600259 0.000100 0.000100 0.000100
 -1.189584 -1.501364 -1.323116 -1.577349
 -1.322579 -1.589893 -1.111858 -1.606153
 -1.530188 -1.195987 -1.098613 -1.912122
 -1.950998 -1.124321 -0.979139 -1.849215
 -1.302211 -1.302211 -1.517322 -1.440361
 -1.321756 -1.398129 -1.480820 -1.351609
 -1.437588 -1.067841 -1.464256 -1.673976
 -1.785995 -1.392092 -1.369102 -1.110241
 -1.796023 -1.365241 -1.169126 -1.316451
 -1.990034 -1.310133 -1.453234 -1.022451
 -1.954798 -1.261652 -1.528714 -1.026086
 -2.423535 -1.248553 -1.205381 -1.124255
 -14.077878 -14.077878 -0.000002 -14.077878
 -14.797590 -14.797590 -0.000001 -14.797590
 -14.763302 -14.763302 -0.000001 -14.763302
 -14.981783 -14.981783 -0.000001 -14.981783
 -1.386294 -1.386294 -1.386294 -1.386294
 -1.386294 -1.386294 -1.386294 -1.386294
 -16.093803 -16.093803 -0.000000 -16.093803
 -1.386294 -1.386294 -1.386294 -1.386294
 -1.386294 -1.386294 -1.386294 -1.386294
 -1.386294 -1.386294 -1.386294 -1.386294
 -16.093803 -16.093803 -16.093803 -0.000000
 -1.386294 -1.386294 -1.386294 -1.386294
 -1.386294 -1.386294 -1.386294 -1.386294
 -1.386294 -1.386294 -1.386294 -1.386294
 -1.386294 -1.386294 -1.386294 -1.386294
 -0.000000 -16.093803 -16.093803 -16.093803
 -1.701679 -1.045732 -2.031432 -1.093503
 -1.386294 -1.386294 -1.386294 -1.386294
 -1.386294 -1.386294 -1.386294 -1.386294
 -1.386294 -1.386294 -1.386294 -1.386294
 -14.392126 -14.392126 -0.000002 -14.392126
 -15.048072 -15.048072 -0.000001 -15.048072
 -14.062374 -14.062374 -0.000002 -14.062374
 -15.000301 -15.000301 -0.000001 -15.000301
 -1.386294 -1.386294 -1.386294 -1.386294
 -1.386294 -1.386294 -1.386294 -1.386294
 -0.737134 -16.093803 -0.651015 -16.093803
 -1.386294 -1.386294 -1.386294 -1.386294
 -1.384155 -1.454981 -1.310048 -1.401397
 -1.386294 -1.386294 -1.386294 -1.386294
 -1.388261 -1.132582 -1.327173 -1.813607
 -1.386294 -1.386294 -1.386294 -1.386294
 -1.489835 -1.419631 -0.997359 -1.808288
 -1.515127 -1.291984 -1.227445 -1.549029
 -1.504077 -1.053661 -1.557187 -1.521469
 -2.110211 -1.356441 -0.997808 -1.376244
 -1.499014 -1.412003 -1.188860 -1.476541
 -1.154493 -1.770253 -1.177750 -1.577349
 -1.242746 -1.254442 -1.366360 -1.765267
 -1.494368 -1.585340 -0.979205 -1.634130
 -1.429019 -1.309474 -1.241421 -1.601862
 -1.531476 -1.275543 -1.359626 -1.395344
 -1.507439 -1.197284 -1.231186 -1.689760
 -1.796953 -1.311447 -1.273706 -1.255357
 -1.430311 -1.264797 -1.215200 -1.704747
 -1.591419 -1.312706 -1.234745 -1.442384
 -1.322669 -1.182312 -1.438741 -1.661884
 -2.088656 -1.150389 -1.136000 -1.433251
