 -1.394327 0.000100 0.000100 0.000100
 -1.316768 0.000100 0.000100 0.000100
 -1.352215 0.000100 0.000100 0.000100
 -1.490174 0.000100 0.000100 0.000100
 -1.182696 -1.165304 -1.488077 -1.858450
 -1.128918 -1.333013 -1.411485 -1.776943
 -1.078204 -1.242507 -1.506658 -1.900561
 -1.834061 -0.825835 -1.416327 -1.834061
 -0.838039 -1.541996 -1.632968 -1.844276
 -0.840407 -1.441746 -1.495813 -2.226698
 -0.902107 -1.380596 -1.293585 -2.679873
 -2.006532 -0.907924 -1.411828 -1.521026
 -0.586380 -2.093625 -1.842311 -1.820332
 -0.968935 -1.535330 -1.905702 -1.360977
 -0.664656 -1.489730 -2.062247 -2.017795
 -1.217672 -1.289131 -1.751752 -1.366092
 -2.331571 -2.392195 -0.332481 -2.361424
 -1.630639 -1.918320 -0.919794 -1.351927
 -1.469291 -1.261652 -0.920727 -2.424796
 -3.871171 -1.711716 -0.503907 -1.637608
 -13.721204 -13.721204 -0.000003 -13.721204
 -13.919874 -13.919874 -0.000003 -13.919874
 -15.297116 -15.297116 -0.000001 -15.297116
 -13.892475 -13.892475 -0.000003 -13.892475
 -1.386294 -1.386294 -1.386294 -1.386294
 -1.386294 -1.386294 -1.386294 -1.386294
 -15.830414 -15.830414 -15.830414 -0.000000
 -1.386294 -1.386294 -1.386294 -1.386294
 -1.386294 -1.386294 -1.386294 -1.386294
 -1.386294 -1.386294 -1.386294 -1.386294
 -1.386294 -1.386294 -1.386294 -1.386294
 -15.830414 -1.849388 -0.415516 -1.700092
 -1.386294 -1.386294 -1.386294 -1.386294
 -0.964023 -1.826244 -1.551808 -1.403389
 -0.480973 -1.417066 -2.540994 -2.803358
 -2.029607 -1.206409 -1.393620 -1.135792
 -15.121138 -15.121138 -0.000001 -15.121138
 -14.403299 -14.403299 -0.000002 -14.403299
 -13.795312 -13.795312 -0.000003 -13.795312
 -13.845074 -13.845074 -0.000003 -13.845074
 -1.386294 -1.386294 -1.386294 -1.386294
 -1.386294 -1.386294 -1.386294 -1.386294
 -1.254097 -0.596626 -1.807889 -15.830414
 -1.386294 -1.386294 -1.386294 -1.386294
 -1.322925 -1.322925 -1.581786 -1.340624
 -1.187166 -1.211263 -1.719382 -1.523638
 -1.378197 -1.098613 -1.410987 -1.767660
 -1.386294 -1.386294 -1.386294 -1.386294
 -1.103297 -1.434150 -1.869467 -1.288439
 -1.409179 -1.355111 -1.427871 -1.355111
 -1.531476 -1.168571 -1.147065 -1.861716
 -1.454432 -1.380324 -1.621486 -1.147702
 -1.289131 -1.150981 -1.589235 -1.589235
 -1.289131 -1.183770 -1.694595 -1.449473
 -1.305326 -0.937601 -1.585627 -2.020943
 -2.038618 -0.913691 -1.760987 -1.214444
 -1.331636 -1.192800 -1.685275 -1.397594
 -1.341843 -1.011601 -1.644123 -1.704747
 -1.249273 -1.225175 -1.407497 -1.743968
 -1.927890 -1.116962 -1.392373 -1.277304
 -1.460827 -1.155446 -1.902659 -1.191164
 -1.698668 -0.951455 -1.698668 -1.394458
 -1.268512 -1.163151 -1.519825 -1.673976
 -1.958254 -1.033308 -1.430188 -1.332550
 -1.432368 0.000100 0.000100 0.000100
 -1.334058 0.000100 0.000100 0.000100
 -1.227952 0.000100 0.000100 0.000100
 -1.584946 0.000100 0.000100 0.000100
 -1.442401 -1.211577 -1.318906 -1.617042
 -1.556157 -1.192103 -1.275456 -1.579058
 -1.380495 -1.031895 -1.476410 -1.809363
 -1.975104 -1.018176 -1.288894 -1.494216
 -1.488829 -1.215631 -1.177951 -1.772360
 -1.426719 -1.259027 -1.217321 -1.715064
 -1.518807 -1.017573 -1.361580 -1.812165
 -1.981638 -1.087555 -1.135173 -1.590857
 -1.362415 -1.392884 -1.336142 -1.457822
 -1.314573 -1.492537 -1.316421 -1.433318
 -1.500686 -1.092285 -1.420211 -1.609885
 -1.897512 -1.290396 -1.221688 -1.272377
 -1.278400 -1.306443 -1.621400 -1.373914
 -1.531561 -1.112333 -1.528437 -1.434911
 -1.289830 -0.999806 -1.762216 -1.687035
 -2.557677 -1.059737 -1.153073 -1.345908
 -18.217216 -18.217216 0.000000 -18.217216
 -18.650600 -18.650600 0.000000 -18.650600
 -18.261568 -18.261568 0.000000 -18.261568
 -18.302010 -18.302010 0.000000 -18.302010
 -1.386294 -1.386294 -1.386294 -1.386294
 -1.386294 -1.386294 -1.386294 -1.386294
 -19.759726 -19.759726 -19.759726 0.000000
 -1.386294 -1.386294 -1.386294 -1.386294
 -1.386294 -1.386294 -1.386294 -1.386294
 -1.386294 -1.386294 -1.386294 -1.386294
 -1.386294 -1.386294 -1.386294 -1.386294
 -19.759726 -0.835486 -1.267842 -1.255624
 -1.386294 -1.386294 -1.386294 -1.386294
 -1.674420 -1.351491 -1.198508 -1.377989
 -1.458298 -1.078788 -1.392835 -1.720423
 -2.696616 -1.392014 -1.275136 -0.904857
 -17.963713 -17.963713 0.000000 -17.963713
 -18.482340 -18.482340 0.000000 -18.482340
 -18.487871 -18.487871 0.000000 -18.487871
 -18.468613 -18.468613 0.000000 -18.468613
 -1.386294 -1.386294 -1.386294 -1.386294
 -1.386294 -1.386294 -1.386294 -1.386294
 -1.288447 -0.761590 -1.357210 -19.759726
 -1.386294 -1.386294 -1.386294 -1.386294
 -1.581687 -1.260589 -1.189720 -1.577074
 -1.486771 -1.320003 -1.156382 -1.649523
 -1.487365 -0.951528 -1.588278 -1.694969
 -1.386294 -1.386294 -1.386294 -1.386294
 -1.286993 -1.501346 -1.277136 -1.504018
 -1.357998 -1.543426 -1.155429 -1.540590
 -1.277057 -1.172592 -1.442996 -1.740910
 -1.732846 -1.300726 -1.151194 -1.449761
 -1.403400 -1.265960 -1.274483 -1.646642
 -1.525438 -1.258708 -1.269291 -1.525912
 -1.343352 -1.039065 -1.518158 -1.794984
 -1.963500 -1.050611 -1.256596 -1.490373
 -1.574232 -1.282691 -1.150230 -1.614553
 -1.462789 -1.415394 -1.137545 -1.584864
 -1.484351 -1.052210 -1.356921 -1.791362
 -2.065132 -1.175256 -1.119455 -1.435481
 -1.400780 -1.354947 -1.375566 -1.414950
 -1.380200 -1.508944 -1.223398 -1.456289
 -1.403939 -1.193716 -1.342056 -1.660881
 -1.884323 -1.295579 -1.102549 -1.417557
