 -1.179708 0.000100 0.000100 0.000100
 -1.418383 0.000100 0.000100 0.000100
 -1.538342 0.000100 0.000100 0.000100
 -1.444816 0.000100 0.000100 0.000100
 -1.042025 -1.487099 -1.414074 -1.725510
 -1.107346 -1.911718 -1.377636 -1.310945
 -1.113428 -1.014055 -1.985914 -1.762771
 -1.650445 -1.252763 -1.237259 -1.460402
 -0.930229 -1.641075 -1.461734 -1.715182
 -0.907923 -1.361397 -1.758698 -1.783390
 -0.914042 -1.228290 -1.552529 -2.358152
 -1.639743 -1.192431 -1.411485 -1.352061
 -1.052362 -1.728701 -1.479240 -1.404205
 -1.188997 -1.541817 -1.686398 -1.216396
 -0.664161 -1.556919 -2.022281 -1.950823
 -1.810107 -1.442384 -1.255798 -1.154702
 -1.773410 -1.791759 -0.824917 -1.490284
 -1.604296 -1.630271 -1.260525 -1.140724
 -1.289131 -1.493925 -0.835464 -2.713160
 -2.630614 -1.826245 -0.588635 -1.551808
 -14.316288 -14.316288 -0.000002 -14.316288
 -14.369398 -14.369398 -0.000002 -14.369398
 -15.233788 -15.233788 -0.000001 -15.233788
 -14.498610 -14.498610 -0.000002 -14.498610
 -1.386294 -1.386294 -1.386294 -1.386294
 -1.386294 -1.386294 -1.386294 -1.386294
 -16.066803 -16.066803 -16.066803 -0.000000
 -1.386294 -1.386294 -1.386294 -1.386294
 -1.386294 -1.386294 -1.386294 -1.386294
 -1.386294 -1.386294 -1.386294 -1.386294
 -1.386294 -1.386294 -1.386294 -1.386294
 -16.066803 -16.066803 -0.000000 -16.066803
 -1.386294 -1.386294 -1.386294 -1.386294
 -1.386294 -1.386294 -1.386294 -1.386294
 -0.454545 -1.315199 -3.330099 -2.796018
 -1.386294 -1.386294 -1.386294 -1.386294
 -15.612258 -15.612258 -0.000000 -15.612258
 -14.751605 -14.751605 -0.000001 -14.751605
 -12.736712 -12.736712 -0.000009 -12.736712
 -13.270790 -13.270790 -0.000005 -13.270790
 -1.386294 -1.386294 -1.386294 -1.386294
 -1.386294 -1.386294 -1.386294 -1.386294
 -16.066803 -16.066803 -16.066803 -0.000000
 -1.386294 -1.386294 -1.386294 -1.386294
 -1.386294 -1.386294 -1.386294 -1.386294
 -1.386294 -1.386294 -1.386294 -1.386294
 -1.386294 -1.386294 -1.386294 -1.386294
 -1.444816 -1.379998 -1.620020 -1.156018
 -1.885284 -1.163151 -1.561498 -1.121187
 -1.692273 -1.544638 -1.487479 -0.976654
 -1.365241 -1.002336 -1.598855 -1.739933
 -2.368237 -1.622906 -1.257792 -0.856257
 -1.085710 -1.165752 -2.264360 -1.399366
 -1.406579 -1.186720 -2.627077 -0.974159
 -1.221992 -0.934310 -2.233590 -1.583004
 -2.064079 -1.370933 -1.487193 -0.933466
 -1.609437 -1.174120 -1.609437 -1.234745
 -1.464072 -1.161792 -1.791759 -1.240929
 -1.186319 -0.849847 -2.167144 -1.879463
 -2.223803 -1.085583 -1.457632 -1.135345
 -1.126012 -1.436166 -1.888150 -1.250064
 -1.606308 -1.028993 -1.853167 -1.254332
 -1.316185 -0.967879 -1.786187 -1.690877
 -2.255042 -1.156432 -1.397594 -1.098613
 -1.513940 0.000100 0.000100 0.000100
 -1.289858 0.000100 0.000100 0.000100
 -1.306888 0.000100 0.000100 0.000100
 -1.452487 0.000100 0.000100 0.000100
 -1.459319 -1.521840 -1.186905 -1.410048
 -1.380682 -1.474500 -1.248084 -1.458240
 -1.356217 -1.205246 -1.417305 -1.607531
 -1.785158 -1.481163 -0.991928 -1.452453
 -1.531476 -1.251638 -1.175844 -1.665007
 -1.427116 -1.568195 -1.207488 -1.375823
 -1.668226 -1.212080 -1.206282 -1.539292
 -2.041447 -1.313815 -1.003095 -1.449770
 -1.681094 -1.386294 -1.256760 -1.275629
 -1.545626 -1.611377 -1.098612 -1.370909
 -1.483891 -1.140250 -1.520525 -1.448552
 -2.005664 -1.393279 -0.942144 -1.481140
 -1.204858 -1.388950 -1.773362 -1.268806
 -1.435485 -1.331806 -1.394326 -1.386294
 -1.217256 -1.289577 -1.646252 -1.444770
 -2.673101 -1.186004 -1.069744 -1.264336
 -15.290275 -15.290275 -0.000001 -15.290275
 -15.486984 -15.486984 -0.000001 -15.486984
 -15.350225 -15.350225 -0.000001 -15.350225
 -15.430931 -15.430931 -0.000001 -15.430931
 -1.386294 -1.386294 -1.386294 -1.386294
 -1.386294 -1.386294 -1.386294 -1.386294
 -16.778719 -16.778719 -16.778719 -0.000000
 -1.386294 -1.386294 -1.386294 -1.386294
 -1.386294 -1.386294 -1.386294 -1.386294
 -1.386294 -1.386294 -1.386294 -1.386294
 -1.386294 -1.386294 -1.386294 -1.386294
 -16.778719 -16.778719 -0.000000 -16.778719
 -1.386294 -1.386294 -1.386294 -1.386294
 -1.386294 -1.386294 -1.386294 -1.386294
 -1.891625 -1.106911 -1.353771 -1.345803
 -1.386294 -1.386294 -1.386294 -1.386294
 -14.887095 -14.887095 -0.000001 -14.887095
 -15.671809 -15.671809 -0.000000 -15.671809
 -15.424950 -15.424950 -0.000001 -15.424950
 -15.432918 -15.432918 -0.000001 -15.432918
 -1.386294 -1.386294 -1.386294 -1.386294
 -1.386294 -1.386294 -1.386294 -1.386294
 -16.778719 -16.778719 -16.778719 -0.000000
 -1.386294 -1.386294 -1.386294 -1.386294
 -1.386294 -1.386294 -1.386294 -1.386294
 -1.386294 -1.386294 -1.386294 -1.386294
 -1.386294 -1.386294 -1.386294 -1.386294
 -1.809477 -1.289858 -1.053667 -1.549786
 -1.600018 -1.248042 -1.482236 -1.259092
 -1.499398 -1.693554 -1.042080 -1.426491
 -1.504077 -1.390749 -1.236598 -1.433308
 -2.147391 -1.507734 -1.062766 -1.151059
 -1.560773 -1.347679 -1.233269 -1.431940
 -1.650446 -1.268511 -1.284512 -1.386294
 -1.396379 -1.184105 -1.565277 -1.437764
 -1.597719 -1.444956 -1.050665 -1.550317
 -1.544450 -1.270912 -1.220902 -1.555749
 -1.424909 -1.615136 -1.157109 -1.401562
 -1.375204 -1.128803 -1.733981 -1.397509
 -2.108558 -1.263862 -1.085454 -1.353718
 -1.509003 -1.554466 -1.149001 -1.383840
 -1.441210 -1.579360 -1.155547 -1.417305
 -1.316185 -1.275363 -1.316185 -1.690878
 -1.754019 -1.543298 -0.977985 -1.438938
