 -1.346488 0.000100 0.000100 0.000100
 -1.303522 0.000100 0.000100 0.000100
 -1.563552 0.000100 0.000100 0.000100
 -1.351378 0.000100 0.000100 0.000100
 -0.992277 -1.262567 -1.561809 -1.990804
 -1.089310 -1.358643 -1.271632 -2.070137
 -0.947063 -1.234745 -1.468359 -2.397891
 -2.022281 -0.936094 -1.310787 -1.580450
 -0.731532 -1.584643 -1.564440 -2.257585
 -0.830837 -1.495813 -1.634649 -1.929448
 -0.934310 -1.307823 -1.471452 -2.233589
 -1.774058 -1.080914 -1.422662 -1.386294
 -0.519301 -2.290004 -2.200392 -1.644868
 -0.604420 -2.132362 -2.495265 -1.376038
 -0.675553 -1.574550 -2.357306 -1.664162
 -1.433251 -1.290151 -1.918757 -1.080431
 -15.216695 -15.216695 -0.000001 -15.216695
 -13.997835 -13.997835 -0.000003 -13.997835
 -13.629186 -13.629186 -0.000004 -13.629186
 -14.397728 -14.397728 -0.000002 -14.397728
 -1.386294 -1.386294 -1.386294 -1.386294
 -1.386294 -1.386294 -1.386294 -1.386294
 -15.879839 -15.879839 -0.000000 -15.879839
 -1.386294 -1.386294 -1.386294 -1.386294
 -1.386294 -1.386294 -1.386294 -1.386294
 -1.386294 -1.386294 -1.386294 -1.386294
 -15.879839 -15.879839 -15.879839 -0.000000
 -1.386294 -1.386294 -1.386294 -1.386294
 -1.386294 -1.386294 -1.386294 -1.386294
 -1.386294 -1.386294 -1.386294 -1.386294
 -1.386294 -1.386294 -1.386294 -1.386294
 -0.437050 -2.215150 -1.890374 -2.365432
 -1.028442 -1.108484 -2.207095 -1.597719
 -0.927988 -1.746295 -1.563975 -1.509908
 -1.041455 -1.345136 -1.313388 -2.140062
 -1.819155 -1.359626 -1.085191 -1.413693
 -0.786238 -1.321756 -14.808764 -1.280934
 -0.886691 -1.307904 -14.661381 -1.146974
 -1.091008 -0.748064 -14.085541 -1.656321
 -1.085710 -1.669656 -14.247295 -0.746494
 -1.462113 -1.504077 -1.395864 -1.209278
 -1.613872 -1.528714 -1.377484 -1.103047
 -1.386294 -1.386294 -1.386294 -1.386294
 -2.012879 -1.845826 -1.260893 -0.855429
 -1.303708 -1.520772 -1.461932 -1.279611
 -1.111352 -1.324926 -1.804497 -1.425009
 -1.585340 -1.212137 -1.352718 -1.431190
 -1.454245 -1.322669 -1.552685 -1.243680
 -1.604425 -1.059199 -1.604425 -1.381282
 -1.731416 -1.183452 -1.513693 -1.215200
 -1.177203 -0.870829 -1.780198 -2.257120
 -1.970241 -1.260001 -1.648658 -0.955512
 -1.542543 -1.284715 -1.284715 -1.457986
 -1.417066 -1.121602 -1.515506 -1.550597
 -1.405839 -1.000375 -1.676128 -1.609437
 -1.683545 -1.219973 -1.376816 -1.321756
 -1.336145 -1.314639 -1.699049 -1.252763
 -1.547161 -1.017644 -1.667305 -1.439915
 -1.225952 -1.283110 -1.526056 -1.551374
 -1.825660 -1.098613 -1.529395 -1.241713
 -1.252763 -1.178655 -1.620487 -1.566420
 -1.601405 -1.156720 -1.706766 -1.195941
 -1.479076 -1.037244 -1.695298 -1.451677
 -1.742968 -1.007859 -1.560647 -1.386294
 -1.434984 0.000100 0.000100 0.000100
 -1.202760 0.000100 0.000100 0.000100
 -1.444740 0.000100 0.000100 0.000100
 -1.488507 0.000100 0.000100 0.000100
 -1.522892 -1.207459 -1.132236 -1.828514
 -1.450775 -1.237344 -1.188983 -1.766522
 -1.540383 -0.976768 -1.342148 -1.911278
 -2.081473 -1.077009 -1.046281 -1.696089
 -1.221521 -1.359849 -1.463989 -1.526903
 -1.163689 -1.496333 -1.347996 -1.589841
 -1.382702 -1.137971 -1.279904 -1.893341
 -1.877803 -1.255462 -1.240803 -1.298363
 -1.162820 -1.422380 -1.725752 -1.315955
 -1.407976 -1.364126 -1.921772 -1.040124
 -1.164454 -1.174809 -2.157864 -1.333864
 -2.357290 -1.182422 -1.339578 -1.088171
 -18.557831 -18.557831 0.000000 -18.557831
 -18.656700 -18.656700 0.000000 -18.656700
 -18.170679 -18.170679 0.000000 -18.170679
 -18.752213 -18.752213 0.000000 -18.752213
 -1.386294 -1.386294 -1.386294 -1.386294
 -1.386294 -1.386294 -1.386294 -1.386294
 -19.943493 -19.943493 0.000000 -19.943493
 -1.386294 -1.386294 -1.386294 -1.386294
 -1.386294 -1.386294 -1.386294 -1.386294
 -1.386294 -1.386294 -1.386294 -1.386294
 -19.943493 -19.943493 -19.943493 0.000000
 -1.386294 -1.386294 -1.386294 -1.386294
 -1.386294 -1.386294 -1.386294 -1.386294
 -1.386294 -1.386294 -1.386294 -1.386294
 -1.386294 -1.386294 -1.386294 -1.386294
 -1.870810 -1.167097 -1.044530 -1.698953
 -1.761490 -1.129534 -1.414591 -1.339401
 -1.315174 -1.619791 -1.087187 -1.627253
 -1.589979 -1.226096 -1.115238 -1.744130
 -1.925137 -1.143243 -1.174786 -1.485117
 -1.062140 -1.030562 -18.375370 -1.212414
 -1.285002 -0.991272 -18.644943 -1.043427
 -1.088942 -0.914522 -18.785810 -1.336668
 -1.646719 -0.768347 -18.355928 -1.068452
 -1.588133 -1.291736 -1.100999 -1.669392
 -1.479296 -1.391480 -1.146973 -1.580372
 -1.386294 -1.386294 -1.386294 -1.386294
 -2.074404 -1.215212 -1.022267 -1.523520
 -1.284329 -1.513111 -1.352846 -1.408799
 -1.360028 -1.534859 -1.155605 -1.546494
 -1.403627 -1.267384 -1.165706 -1.826191
 -1.850959 -1.352428 -1.117560 -1.357804
 -1.360525 -1.332164 -1.367742 -1.492157
 -1.479473 -1.318213 -1.372720 -1.381456
 -1.267608 -1.134647 -1.573279 -1.662859
 -1.983049 -1.123572 -1.339257 -1.290278
 -1.584191 -1.314310 -1.085723 -1.668290
 -1.470456 -1.380477 -1.129587 -1.631917
 -1.535549 -1.032895 -1.361229 -1.758273
 -2.027337 -1.238945 -1.042665 -1.486730
 -1.315466 -1.374680 -1.421055 -1.438551
 -1.322886 -1.441023 -1.210396 -1.615104
 -1.390636 -1.203721 -1.243932 -1.815486
 -1.793882 -1.290061 -1.172729 -1.390657
 -1.384221 -1.286817 -1.389277 -1.495764
 -1.524460 -1.276395 -1.420710 -1.340642
 -1.314575 -1.110117 -1.606620 -1.602825
 -1.948469 -1.136709 -1.324956 -1.306301
