 -1.338285 0.000100 0.000100 0.000100
 -1.228470 0.000100 0.000100 0.000100
 -1.545924 0.000100 0.000100 0.000100
 -1.461664 0.000100 0.000100 0.000100
 -1.317302 -1.351203 -1.422662 -1.460402
 -0.936495 -1.496109 -1.532476 -1.783790
 -1.515127 -1.109663 -1.375365 -1.620487
 -1.822529 -1.129385 -1.262916 -1.459625
 -1.218572 -1.377636 -1.566878 -1.412727
 -1.141538 -1.252763 -1.888749 -1.411828
 -1.043043 -1.252763 -1.763587 -1.658227
 -2.079437 -0.980831 -1.299283 -1.481604
 -1.232144 -1.696448 -1.568615 -1.149906
 -1.280934 -1.370546 -2.003066 -1.098613
 -0.965083 -1.597602 -2.032917 -1.252764
 -2.782939 -0.937126 -1.630271 -1.048352
 -13.892475 -13.892475 -0.000003 -13.892475
 -13.901692 -13.901692 -0.000003 -13.901692
 -13.487012 -13.487012 -0.000004 -13.487012
 -14.137597 -14.137597 -0.000002 -14.137597
 -1.386294 -1.386294 -1.386294 -1.386294
 -1.386294 -1.386294 -1.386294 -1.386294
 -15.267125 -15.267125 -0.000001 -15.267125
 -1.386294 -1.386294 -1.386294 -1.386294
 -1.386294 -1.386294 -1.386294 -1.386294
 -1.386294 -1.386294 -1.386294 -1.386294
 -15.267125 -15.267125 -15.267125 -0.000001
 -1.386294 -1.386294 -1.386294 -1.386294
 -1.386294 -1.386294 -1.386294 -1.386294
 -1.386294 -1.386294 -1.386294 -1.386294
 -1.386294 -1.386294 -1.386294 -1.386294
 -0.000001 -15.267125 -15.267125 -15.267125
 -1.374653 -0.944797 -2.689486 -1.236502
 -1.386294 -1.386294 -1.386294 -1.386294
 -1.386294 -1.386294 -1.386294 -1.386294
 -1.386294 -1.386294 -1.386294 -1.386294
 -13.892475 -13.892475 -0.000003 -13.892475
 -14.322330 -14.322330 -0.000002 -14.322330
 -12.577650 -12.577650 -0.000010 -12.577650
 -14.030625 -14.030625 -0.000002 -14.030625
 -1.386294 -1.386294 -1.386294 -1.386294
 -1.386294 -1.386294 -1.386294 -1.386294
 -15.267125 -15.267125 -15.267125 -0.000001
 -1.386294 -1.386294 -1.386294 -1.386294
 -1.386294 -1.386294 -1.386294 -1.386294
 -1.386294 -1.386294 -1.386294 -1.386294
 -1.386294 -1.386294 -1.386294 -1.386294
 -15.267125 -15.267125 -15.267125 -0.000001
 -1.386294 -1.386294 -1.386294 -1.386294
 -1.386294 -1.386294 -1.386294 -1.386294
 -1.386294 -1.386294 -1.386294 -1.386294
 -2.724577 -1.780117 -1.115142 -0.825676
 -1.386294 -0.934314 -1.945899 -1.540443
 -1.185625 -1.232144 -2.667214 -1.098614
 -1.445135 -1.029620 -1.850598 -1.386294
 -2.140064 -1.299283 -1.734600 -0.836660
 -1.540444 -1.386294 -1.722765 -1.029621
 -1.393842 -1.226788 -1.999975 -1.129150
 -1.519825 -1.023391 -2.212965 -1.163152
 -2.039165 -1.051782 -1.651401 -1.112406
 -1.252764 -1.295323 -1.791757 -1.295323
 -1.463852 -1.286922 -1.678963 -1.184268
 -1.386294 -0.693150 -2.022278 -2.140059
 -1.904236 -1.164571 -1.652922 -1.056940
 -1.882726 0.000100 0.000100 0.000100
 -1.056055 0.000100 0.000100 0.000100
 -1.526055 0.000100 0.000100 0.000100
 -1.263693 0.000100 0.000100 0.000100
 -1.945867 -1.252770 -0.559648 -11.156308
 -1.163156 -1.386294 -1.673968 -1.386294
 -1.203979 -1.203979 -1.203979 -2.302525
 -2.564880 -0.619056 -0.955522 -11.775321
 -1.203979 -1.203979 -1.203979 -2.302525
 -1.163156 -2.079417 -1.163156 -1.386294
 -1.321757 -1.321757 -1.609431 -1.321757
 -1.609418 -1.609418 -1.609418 -0.916321
 -1.871783 -1.178661 -0.955522 -1.871783
 -1.203979 -11.512965 -1.609428 -0.693167
 -1.098621 -1.791743 -11.695280 -0.693164
 -0.788474 -11.608273 -2.397832 -0.788474
 -11.849426 -11.849426 -0.000021 -11.849426
 -11.002167 -11.002167 -0.000050 -11.002167
 -11.289832 -11.289832 -0.000038 -11.289832
 -12.100735 -12.100735 -0.000017 -12.100735
 -1.386294 -1.386294 -1.386294 -1.386294
 -1.386294 -1.386294 -1.386294 -1.386294
 -13.038990 -13.038990 -0.000006 -13.038990
 -1.386294 -1.386294 -1.386294 -1.386294
 -1.386294 -1.386294 -1.386294 -1.386294
 -1.386294 -1.386294 -1.386294 -1.386294
 -13.038991 -13.038991 -13.038991 -0.000007
 -1.386294 -1.386294 -1.386294 -1.386294
 -1.386294 -1.386294 -1.386294 -1.386294
 -1.386294 -1.386294 -1.386294 -1.386294
 -1.386294 -1.386294 -1.386294 -1.386294
 -0.000006 -13.038990 -13.038990 -13.038990
 -1.430746 -1.263693 -2.036874 -1.056055
 -1.386294 -1.386294 -1.386294 -1.386294
 -1.386294 -1.386294 -1.386294 -1.386294
 -1.386294 -1.386294 -1.386294 -1.386294
 -11.608273 -11.608273 -0.000027 -11.608273
 -11.775321 -11.775321 -0.000023 -11.775321
 -11.002167 -11.002167 -0.000050 -11.002167
 -11.982954 -11.982954 -0.000019 -11.982954
 -1.386294 -1.386294 -1.386294 -1.386294
 -1.386294 -1.386294 -1.386294 -1.386294
 -13.038991 -13.038991 -13.038991 -0.000007
 -1.386294 -1.386294 -1.386294 -1.386294
 -1.386294 -1.386294 -1.386294 -1.386294
 -1.386294 -1.386294 -1.386294 -1.386294
 -1.386294 -1.386294 -1.386294 -1.386294
 -13.038991 -13.038991 -13.038991 -0.000007
 -1.386294 -1.386294 -1.386294 -1.386294
 -1.386294 -1.386294 -1.386294 -1.386294
 -1.386294 -1.386294 -1.386294 -1.386294
 -2.219192 -1.430746 -1.056055 -1.189586
 -1.609418 -1.609418 -0.510872 -10.819859
 -1.299286 -2.397832 -1.011612 -1.299286
 -2.079417 -1.163156 -0.980838 -1.673968
 -1.540440 -1.252767 -1.252767 -1.540440
 -0.810950 -1.098623 -2.197169 -2.197169
 -1.704734 -1.011612 -1.704734 -1.299286
 -1.446918 -1.041461 -1.734591 -1.446918
 -0.587811 -2.197169 -11.407610 -1.098623
 -1.609431 -0.916301 -1.609431 -1.609431
 -1.540440 -0.847310 -1.540440 -1.945889
 -1.791726 -1.098629 -1.791726 -1.098629
 -1.299286 -1.299286 -1.704734 -1.299286
