#                                                                            --- full sequence --- -------------- this domain -------------   hmm coord   ali coord   env coord
# target name        accession   tlen query name           accession   qlen   E-value  score  bias   #  of  c-Evalue  i-Evalue  score  bias  from    to  from    to  from    to  acc description of target
#------------------- ---------- ----- -------------------- ---------- ----- --------- ------ ----- --- --- --------- --------- ------ ----- ----- ----- ----- ----- ----- ----- ---- ---------------------
GH55                 -            740 FUN_000008-T1        -           1259    6e-240  793.8   6.1   1   1  1.2e-242  8.4e-240  793.3   6.1     6   723   127   865   123   881 0.94 -
CBM66                -            155 FUN_000011-T1        -            724   1.3e-89  293.8  19.3   1   3   1.3e-32   9.3e-30   99.4   3.1     2   154   224   379   223   380 0.95 -
CBM66                -            155 FUN_000011-T1        -            724   1.3e-89  293.8  19.3   2   3   2.9e-32     2e-29   98.4   2.2     1   150   392   544   392   548 0.93 -
CBM66                -            155 FUN_000011-T1        -            724   1.3e-89  293.8  19.3   3   3     1e-34     7e-32  106.3   0.5     2   154   563   718   562   719 0.96 -
GH18                 -            296 FUN_000016-T1        -            732   1.6e-33  112.1   9.6   1   1   3.1e-34   2.2e-31  105.2   9.6     5   277    13   287    11   297 0.76 -
GH28                 -            325 FUN_000024-T1        -            376   8.6e-72  237.4  21.2   1   1   1.6e-74   1.1e-71  237.0  21.2     8   312    42   365    36   374 0.89 -
AA5                  -           1281 FUN_000027-T1        -           1048   2.7e-46  153.1  19.6   1   2   3.8e-49   2.7e-46  153.1  19.6    56   295    38   279    30   355 0.82 -
AA5                  -           1281 FUN_000027-T1        -           1048   2.7e-46  153.1  19.6   2   2         1     7e+02   -9.7   7.0   265   289   779   803   755   834 0.56 -
GH63                 -            570 FUN_000064-T1        -           1027   3.2e-17   57.6   0.3   1   1     1e-19     7e-17   56.5   0.3   363   567   449   902   430   904 0.92 -
GH128                -            224 FUN_000078-T1        -            357   4.6e-60  198.5   0.6   1   1   8.9e-63   6.2e-60  198.1   0.6     7   224   135   354   124   354 0.95 -
GT41                 -            705 FUN_000098-T1        -            863     2e-33  111.3  23.4   1   4   1.1e-12   7.4e-10   33.3  14.8    40   190     6   146     1   149 0.71 -
GT41                 -            705 FUN_000098-T1        -            863     2e-33  111.3  23.4   2   4   5.5e-12   3.9e-09   31.0   0.1    76   189   110   218   108   220 0.94 -
GT41                 -            705 FUN_000098-T1        -            863     2e-33  111.3  23.4   3   4   1.6e-12   1.1e-09   32.8   3.7    83   189   227   327   224   329 0.93 -
GT41                 -            705 FUN_000098-T1        -            863     2e-33  111.3  23.4   4   4   1.7e-15   1.2e-12   42.6   2.6    66   191   282   398   280   413 0.93 -
GT39                 -            223 FUN_000120-T1        -            741   1.1e-73  242.9  15.1   1   3   1.6e-76   1.1e-73  242.9  15.1     2   223    65   303    64   303 0.98 -
GT39                 -            223 FUN_000120-T1        -            741   1.1e-73  242.9  15.1   2   3      0.07        49   -1.2   0.4   169   219   611   669   602   673 0.46 -
GT39                 -            223 FUN_000120-T1        -            741   1.1e-73  242.9  15.1   3   3      0.15     1e+02   -2.3   2.0   110   156   658   703   644   719 0.58 -
GH16_18              -            158 FUN_000167-T1        -            373   3.1e-43  142.4   0.9   1   1     2e-45   4.7e-43  141.8   0.9     2   158   111   266   110   266 0.91 -
GH16_19              -            174 FUN_000167-T1        -            373   1.4e-35  117.7   0.3   1   1   9.5e-38   2.2e-35  117.0   0.3    12   172   112   267   102   269 0.91 -
GH16_21              -            206 FUN_000167-T1        -            373   5.1e-18   60.6   1.5   1   1   3.4e-20     8e-18   60.0   1.5     9   187    73   257    69   270 0.81 -
GT34                 -            246 FUN_000185-T1        -            313   2.2e-77  255.3   0.1   1   1   3.7e-80   2.6e-77  255.1   0.1     2   243    66   293    65   298 0.95 -
GH13_8               -            293 FUN_000267-T1        -            704  1.2e-157  518.9   4.4   1   2   1.3e-05   0.00082   14.0   0.0    94   136    63   108    49   117 0.88 -
GH13_8               -            293 FUN_000267-T1        -            704  1.2e-157  518.9   4.4   2   2  3.6e-155  2.3e-153  505.0   1.9     1   293   248   541   248   541 0.99 -
GH13_9               -            301 FUN_000267-T1        -            704     7e-62  204.7   0.5   1   1   1.6e-63     1e-61  204.2   0.5     1   273   225   502   225   544 0.89 -
GH13_10              -            313 FUN_000267-T1        -            704   7.9e-33  109.5   2.8   1   1   2.5e-34   1.6e-32  108.5   2.8     6   144   215   362   211   368 0.86 -
GH13                 -            299 FUN_000267-T1        -            704   8.5e-27   90.5   4.6   1   2   1.3e-28   8.5e-27   90.5   4.6    20   281   222   513   211   547 0.72 -
GH13                 -            299 FUN_000267-T1        -            704   8.5e-27   90.5   4.6   2   2         2   1.3e+02   -1.9   0.1   200   255   547   591   519   611 0.49 -
GH13_11              -            351 FUN_000267-T1        -            704   1.4e-22   75.8   1.3   1   1   3.4e-24   2.2e-22   75.2   1.3     3   173   215   365   214   415 0.85 -
GH13_14              -            289 FUN_000267-T1        -            704   2.6e-20   68.3   0.3   1   2   6.1e-20   3.8e-18   61.2   0.2     2   151   225   359   224   363 0.84 -
GH13_14              -            289 FUN_000267-T1        -            704   2.6e-20   68.3   0.3   2   2    0.0082      0.52    4.9   0.0   239   287   467   516   441   518 0.73 -
GH13_13              -            361 FUN_000267-T1        -            704   2.1e-18   61.9   0.9   1   2   1.4e-19   9.1e-18   59.8   0.4    53   181   241   360   167   365 0.86 -
GH13_13              -            361 FUN_000267-T1        -            704   2.1e-18   61.9   0.9   2   2      0.24        15   -0.2   0.0   300   354   467   519   448   522 0.78 -
GH13_36              -            314 FUN_000267-T1        -            704     9e-18   60.1   0.0   1   2   6.3e-14     4e-12   41.5   0.1     8    79   222   295   220   297 0.94 -
GH13_36              -            314 FUN_000267-T1        -            704     9e-18   60.1   0.0   2   2   3.8e-06   0.00024   16.0   0.0   139   235   327   442   305   513 0.75 -
GH13_12              -            284 FUN_000267-T1        -            704   1.7e-17   59.4   0.1   1   1   6.1e-19   3.9e-17   58.2   0.1     7   154   221   360   215   364 0.77 -
GH13_37              -            320 FUN_000267-T1        -            704   3.8e-17   57.5   1.0   1   1     1e-18   6.6e-17   56.8   1.0    17   154   223   358   199   365 0.82 -
GH13_28              -            266 FUN_000267-T1        -            704   4.8e-16   54.2   0.3   1   1   9.3e-17   5.9e-15   50.6   0.3     3   260   216   482   214   488 0.73 -
CE16                 -            267 FUN_000294-T1        -            345   3.9e-66  218.7   0.0   1   1   6.6e-69   4.6e-66  218.4   0.0     1   266    31   330    31   331 0.92 -
GT2_Glyco_tranf_2_3  PF13641.5    230 FUN_000314-T1        -            335   2.4e-19   65.5   0.0   1   1     5e-22   3.5e-19   65.0   0.0     2   173    48   213    47   227 0.86 Glycosyltransferase like family 2
GH109                -            399 FUN_000316-T1        -            393     7e-18   59.8   0.0   1   1   1.4e-20   9.5e-18   59.4   0.0     6   173     9   179     7   202 0.74 -
GT48                 -            739 FUN_000393-T1        -           1938         0 1083.5   0.9   1   3         0         0 1080.8   0.0     1   733   856  1635   856  1653 0.98 -
GT48                 -            739 FUN_000393-T1        -           1938         0 1083.5   0.9   2   3      0.14        98   -3.7   4.0   495   627  1698  1829  1683  1869 0.78 -
GT48                 -            739 FUN_000393-T1        -           1938         0 1083.5   0.9   3   3      0.02        14   -1.0   0.0   487   560  1846  1919  1799  1921 0.72 -
GH17                 -            311 FUN_000395-T1        -            421   4.5e-25   84.0   1.1   1   3      0.11        75   -2.2   0.0   139   158    75    94    18   113 0.61 -
GH17                 -            311 FUN_000395-T1        -            421   4.5e-25   84.0   1.1   2   3   1.8e-10   1.2e-07   26.7   0.0     9   131   167   286   158   317 0.76 -
GH17                 -            311 FUN_000395-T1        -            421   4.5e-25   84.0   1.1   3   3   3.9e-19   2.7e-16   55.1   0.4   225   298   335   412   320   416 0.83 -
GT24                 -            248 FUN_000400-T1        -           1468  3.8e-134  441.0   0.5   1   1    1e-136  7.2e-134  440.1   0.5     1   248  1159  1406  1159  1406 1.00 -
GH109                -            399 FUN_000469-T1        -            364   5.6e-17   56.8   0.0   1   2   1.7e-19   1.2e-16   55.7   0.0     7   162     7   154     2   159 0.84 -
GH109                -            399 FUN_000469-T1        -            364   5.6e-17   56.8   0.0   2   2      0.15     1e+02   -3.3   0.0   245   292   213   260   206   264 0.81 -
GH18                 -            296 FUN_000508-T1        -            304   1.6e-38  128.6   0.0   1   1   2.8e-41   1.9e-38  128.3   0.0    70   211     9   188     2   242 0.85 -
GH16_19              -            174 FUN_000511-T1        -            441   2.1e-78  257.1   3.2   1   1   2.7e-80   3.2e-78  256.5   3.2     6   174   101   268    96   268 0.97 -
GH16_18              -            158 FUN_000511-T1        -            441   5.7e-46  151.3   2.6   1   1   8.3e-48   9.7e-46  150.6   2.6     6   158   110   265   105   265 0.90 -
GH16_21              -            206 FUN_000511-T1        -            441   4.4e-24   80.5   2.3   1   1   5.9e-26   6.9e-24   79.8   2.3    58   193   121   261    88   271 0.83 -
GH16                 -            189 FUN_000511-T1        -            441   1.2e-22   76.8   4.8   1   1   1.6e-24   1.9e-22   76.2   4.8    52   185   117   262    69   283 0.71 -
GH16_27              -            138 FUN_000511-T1        -            441   3.8e-21   70.9   0.3   1   1   5.6e-23   6.5e-21   70.1   0.3     8   133   125   252   118   257 0.80 -
GH16_20              -            162 FUN_000511-T1        -            441   2.5e-19   64.9   0.7   1   1     4e-21   4.7e-19   64.0   0.7     7   158   110   260   105   262 0.79 -
AA7                  -            458 FUN_000542-T1        -            425   5.7e-55  183.1   8.6   1   2   2.6e-54   1.8e-51  171.6   6.7    36   200     6   170     1   190 0.94 -
AA7                  -            458 FUN_000542-T1        -            425   5.7e-55  183.1   8.6   2   2   9.5e-06    0.0066   11.5   0.0   417   452   379   413   312   416 0.76 -
#
# Program:         hmmscan
# Version:         3.4 (Aug 2023)
# Pipeline mode:   SCAN
# Query file:      /home/zack/Desktop/IsariaPreferralGenome/MyGenomeSubmittedToNCBI/HypocrealesProteinSets/GENOMES/Epichloefestucae_ROSECITY/FunannotatePredict/annotate_misc/split_prots/chunk_1.fa
# Target file:     /home/zack/funannotate_db/dbCAN.hmm
# Option settings: hmmscan --domtblout /home/zack/Desktop/IsariaPreferralGenome/MyGenomeSubmittedToNCBI/HypocrealesProteinSets/GENOMES/Epichloefestucae_ROSECITY/FunannotatePredict/annotate_misc/split_prots/chunk_1.dbcan.txt -E 1e-15 --cpu 1 /home/zack/funannotate_db/dbCAN.hmm /home/zack/Desktop/IsariaPreferralGenome/MyGenomeSubmittedToNCBI/HypocrealesProteinSets/GENOMES/Epichloefestucae_ROSECITY/FunannotatePredict/annotate_misc/split_prots/chunk_1.fa 
# Current dir:     /home/zack
# Date:            Sun Mar  3 14:03:58 2024
# [ok]
