#                                                                            --- full sequence --- -------------- this domain -------------   hmm coord   ali coord   env coord
# target name        accession   tlen query name           accession   qlen   E-value  score  bias   #  of  c-Evalue  i-Evalue  score  bias  from    to  from    to  from    to  acc description of target
#------------------- ---------- ----- -------------------- ---------- ----- --------- ------ ----- --- --- --------- --------- ------ ----- ----- ----- ----- ----- ----- ----- ---- ---------------------
GH13_25              -            434 FUN_002347-T1        -           1555  1.1e-209  691.8   0.0   1   2   3.1e-10   1.1e-07   26.2   0.0   169   222   240   286   218   329 0.88 -
GH13_25              -            434 FUN_002347-T1        -           1555  1.1e-209  691.8   0.0   2   2  1.3e-203  4.7e-201  663.4   0.0     2   434  1091  1542  1090  1542 0.99 -
GH133                -            372 FUN_002347-T1        -           1555  2.5e-155  512.3   0.0   1   1  1.1e-157  3.7e-155  511.8   0.0     5   371  1083  1542  1079  1543 0.98 -
GH47                 -            446 FUN_002397-T1        -           1045  5.2e-141  466.1   0.0   1   1  9.1e-144  6.4e-141  465.8   0.0     1   444    35   576    35   578 0.94 -
GH16_18              -            158 FUN_002427-T1        -            385     4e-62  203.8   0.1   1   1   5.1e-64   7.1e-62  203.0   0.1     4   158    72   224    69   224 0.97 -
GH16_19              -            174 FUN_002427-T1        -            385   1.2e-46  153.8   0.1   1   1   1.5e-48   2.1e-46  152.9   0.1    14   174    73   227    61   227 0.95 -
GH16_21              -            206 FUN_002427-T1        -            385   2.9e-24   81.1   0.0   1   1   3.7e-26   5.1e-24   80.2   0.0    57   183    84   210    63   225 0.86 -
GH16                 -            189 FUN_002427-T1        -            385   2.4e-22   75.8   0.2   1   2   1.7e-24   2.4e-22   75.8   0.2    55   176    84   220    59   244 0.79 -
GH16                 -            189 FUN_002427-T1        -            385   2.4e-22   75.8   0.2   2   2         1   1.5e+02   -1.8   1.0   110   110   319   319   239   359 0.57 -
GH16_27              -            138 FUN_002427-T1        -            385   8.1e-18   60.1   0.0   1   1   9.8e-20   1.4e-17   59.3   0.0    41   133   116   211    90   215 0.84 -
GH76                 -            358 FUN_002479-T1        -            365     1e-74  247.4   8.5   1   1   1.8e-77   1.3e-74  247.1   8.5    17   329    30   349    18   364 0.85 -
GH37                 -            491 FUN_002494-T1        -            672  9.8e-157  518.2   1.9   1   1  1.6e-159  1.1e-156  518.0   1.9     2   489    52   626    51   628 0.95 -
AA7                  -            458 FUN_002591-T1        -            503   7.5e-55  182.7   5.2   1   2   9.5e-57   6.7e-54  179.6   3.4    12   218    62   268    54   276 0.93 -
AA7                  -            458 FUN_002591-T1        -            503   7.5e-55  182.7   5.2   2   2    0.0042       2.9    2.8   0.0   435   454   477   496   422   498 0.80 -
CE5                  -            189 FUN_002609-T1        -            246   4.7e-41  136.4   0.0   1   1   8.1e-44   5.7e-41  136.1   0.0     1   188    61   238    61   239 0.95 -
CE8                  -            288 FUN_002622-T1        -            337   1.6e-73  243.0   0.5   1   1   2.9e-76     2e-73  242.7   0.5     9   274    35   307    29   318 0.87 -
CE9                  -            373 FUN_002624-T1        -            426   4.2e-16   53.8   1.1   1   3   5.4e-11   3.8e-08   27.7   0.0     1    98    19   119    19   137 0.86 -
CE9                  -            373 FUN_002624-T1        -            426   4.2e-16   53.8   1.1   2   3      0.15     1e+02   -3.4   0.2   199   215   205   221   202   239 0.72 -
CE9                  -            373 FUN_002624-T1        -            426   4.2e-16   53.8   1.1   3   3     4e-10   2.8e-07   24.8   0.0   308   362   346   399   305   418 0.85 -
AA7                  -            458 FUN_002645-T1        -           1192   1.5e-41  138.9   5.1   1   2   2.1e-39   1.5e-36  122.5   6.7    11   199   327   539   320   582 0.87 -
AA7                  -            458 FUN_002645-T1        -           1192   1.5e-41  138.9   5.1   2   2   5.1e-06    0.0035   12.4   0.0   418   454   730   780   680   782 0.68 -
GH92                 -            491 FUN_002666-T1        -            798  2.3e-163  540.0   0.0   1   1    4e-166  2.8e-163  539.7   0.0     4   490   266   774   264   775 0.97 -
AA11                 -            191 FUN_002683-T1        -            235   1.1e-63  210.0   0.1   1   1     2e-66   1.4e-63  209.7   0.1     1   189    18   226    18   228 0.88 -
GT1                  -            382 FUN_002690-T1        -           1458   2.1e-52  174.5   0.0   1   1   4.9e-55   3.5e-52  173.7   0.0     6   378   972  1387   967  1390 0.98 -
AA3_2                -            568 FUN_002699-T1        -            656  1.1e-102  340.0   0.0   1   1  2.6e-104  4.5e-102  338.0   0.0     2   567    29   649    28   650 0.83 -
AA3                  -            618 FUN_002699-T1        -            656     2e-81  269.6   0.0   1   1   1.5e-83   2.6e-81  269.2   0.0    86   400    26   650    12   653 0.82 -
AA3_3                -            590 FUN_002699-T1        -            656   2.4e-38  127.2   0.0   1   4   6.8e-09   1.2e-06   22.6   0.0     2    70    29    95    28   105 0.82 -
AA3_3                -            590 FUN_002699-T1        -            656   2.4e-38  127.2   0.0   2   4   1.3e-25   2.4e-23   77.7   0.0    81   310   133   396   125   427 0.78 -
AA3_3                -            590 FUN_002699-T1        -            656   2.4e-38  127.2   0.0   3   4     0.037       6.5    0.3   0.0   404   484   484   573   469   584 0.82 -
AA3_3                -            590 FUN_002699-T1        -            656   2.4e-38  127.2   0.0   4   4     2e-08   3.5e-06   21.0   0.0   513   586   575   648   567   651 0.83 -
AA3_1                -            548 FUN_002699-T1        -            656   2.5e-38  127.3   0.0   1   4   5.5e-15   9.6e-13   42.9   0.0    11    50    24    63    15    81 0.85 -
AA3_1                -            548 FUN_002699-T1        -            656   2.5e-38  127.3   0.0   2   4   0.00015     0.027    8.4   0.0   100   144   137   185   133   196 0.81 -
AA3_1                -            548 FUN_002699-T1        -            656   2.5e-38  127.3   0.0   3   4   4.3e-12   7.5e-10   33.3   0.0   193   286   263   374   242   440 0.72 -
AA3_1                -            548 FUN_002699-T1        -            656   2.5e-38  127.3   0.0   4   4   2.7e-13   4.7e-11   37.3   0.0   431   544   533   647   493   651 0.84 -
GT20                 -            475 FUN_002710-T1        -            890  3.7e-154  509.1   0.0   1   1  8.5e-157  5.9e-154  508.4   0.0     9   473    17   564    10   566 0.89 -
CE1                  -            227 FUN_002793-T1        -            302   6.9e-25   83.5   0.1   1   1   1.2e-27   8.7e-25   83.2   0.1     3   143    48   217    47   284 0.75 -
GT57                 -            481 FUN_002810-T1        -            504  1.2e-175  580.5  32.8   1   1    2e-178  1.4e-175  580.3  32.8     3   479    16   496    14   498 0.97 -
AA6                  -            195 FUN_002869-T1        -            208   1.3e-83  274.7   0.0   1   1   2.1e-86   1.5e-83  274.5   0.0     1   195     7   204     7   204 0.98 -
GT90                 -            250 FUN_002877-T1        -            841   4.4e-44  146.4   0.0   1   1   1.6e-46   1.1e-43  145.1   0.0     3   248   533   815   531   816 0.86 -
GT1                  -            382 FUN_002896-T1        -           1175   9.2e-48  159.2   5.3   1   2      0.16   1.1e+02   -1.8   0.8   225   250   113   141    43   167 0.53 -
GT1                  -            382 FUN_002896-T1        -           1175   9.2e-48  159.2   5.3   2   2   1.3e-50   9.2e-48  159.2   5.3   146   379   247   511   236   514 0.91 -
#
# Program:         hmmscan
# Version:         3.4 (Aug 2023)
# Pipeline mode:   SCAN
# Query file:      /home/zack/Desktop/IsariaPreferralGenome/MyGenomeSubmittedToNCBI/HypocrealesProteinSets/GENOMES/Epichloefestucae_ROSECITY/FunannotatePredict/annotate_misc/split_prots/chunk_5.fa
# Target file:     /home/zack/funannotate_db/dbCAN.hmm
# Option settings: hmmscan --domtblout /home/zack/Desktop/IsariaPreferralGenome/MyGenomeSubmittedToNCBI/HypocrealesProteinSets/GENOMES/Epichloefestucae_ROSECITY/FunannotatePredict/annotate_misc/split_prots/chunk_5.dbcan.txt -E 1e-15 --cpu 1 /home/zack/funannotate_db/dbCAN.hmm /home/zack/Desktop/IsariaPreferralGenome/MyGenomeSubmittedToNCBI/HypocrealesProteinSets/GENOMES/Epichloefestucae_ROSECITY/FunannotatePredict/annotate_misc/split_prots/chunk_5.fa 
# Current dir:     /home/zack
# Date:            Sun Mar  3 14:03:59 2024
# [ok]
