#                                                                            --- full sequence --- -------------- this domain -------------   hmm coord   ali coord   env coord
# target name        accession   tlen query name           accession   qlen   E-value  score  bias   #  of  c-Evalue  i-Evalue  score  bias  from    to  from    to  from    to  acc description of target
#------------------- ---------- ----- -------------------- ---------- ----- --------- ------ ----- --- --- --------- --------- ------ ----- ----- ----- ----- ----- ----- ----- ---- ---------------------
GH18                 -            296 FUN_005252-T1        -            365   1.6e-75  250.0   6.9   1   1   2.7e-78   1.9e-75  249.8   6.9    32   286     3   331     1   339 0.90 -
GT2_Chitin_synth_2   PF03142.14   527 FUN_005259-T1        -           1782  3.5e-227  750.6   0.2   1   1  7.6e-230  5.3e-227  750.0   0.2     2   524  1053  1560  1052  1562 0.98 Chitin synthase
GT2_Chitin_synth_2   PF03142.14   527 FUN_005260-T1        -           1860  2.1e-248  820.6   2.3   1   1  4.3e-251    3e-248  820.1   2.3     2   527  1209  1716  1208  1716 0.99 Chitin synthase
AA7                  -            458 FUN_005286-T1        -            571   2.9e-96  319.3  12.4   1   1   1.6e-98   1.1e-95  317.3  12.4     3   458   109   567   107   567 0.71 -
CE5                  -            189 FUN_005328-T1        -            227   6.3e-36  119.7   0.0   1   1   1.1e-38   7.4e-36  119.4   0.0     1   188    46   224    46   225 0.92 -
GH18                 -            296 FUN_005370-T1        -            562   6.7e-21   70.7   0.1   1   1   1.9e-23   1.3e-20   69.8   0.1    22   232    31   290    15   338 0.64 -
GH10                 -            303 FUN_005414-T1        -            378     4e-92  304.1   0.8   1   1   6.7e-95   4.7e-92  303.8   0.8     7   302    89   376    84   377 0.94 -
GT41                 -            705 FUN_005496-T1        -           1423   4.6e-31  103.4  16.1   1   7   6.7e-08   4.7e-05   17.5   0.1    97   206    17   197     2   258 0.63 -
GT41                 -            705 FUN_005496-T1        -           1423   4.6e-31  103.4  16.1   2   7   2.8e-09     2e-06   22.0   0.0    83   191   376   489   359   496 0.81 -
GT41                 -            705 FUN_005496-T1        -           1423   4.6e-31  103.4  16.1   3   7   2.1e-06    0.0014   12.6   1.2    79   190   531   642   491   647 0.62 -
GT41                 -            705 FUN_005496-T1        -           1423   4.6e-31  103.4  16.1   4   7   8.9e-09   6.2e-06   20.4   0.2    59   218   667   923   655   929 0.68 -
GT41                 -            705 FUN_005496-T1        -           1423   4.6e-31  103.4  16.1   5   7   1.8e-09   1.2e-06   22.7   0.0    33   217   908  1073   877  1110 0.74 -
GT41                 -            705 FUN_005496-T1        -           1423   4.6e-31  103.4  16.1   6   7   1.4e-06   0.00097   13.1   0.8    47   219  1122  1283  1081  1344 0.64 -
GT41                 -            705 FUN_005496-T1        -           1423   4.6e-31  103.4  16.1   7   7    0.0046       3.2    1.5   0.0    62   188  1249  1374  1230  1378 0.76 -
GH5_12               -            539 FUN_005498-T1        -            782  4.1e-221  730.5   0.2   1   1  4.4e-223  5.1e-221  730.3   0.2     1   539    15   548    15   548 0.98 -
GH5                  -            275 FUN_005498-T1        -            782     2e-26   88.5   0.0   1   1     2e-27   2.3e-25   85.1   0.0     4   233    15   544    12   560 0.71 -
GH5_28               -            336 FUN_005498-T1        -            782   9.6e-22   72.6   0.1   1   3   3.8e-17   4.5e-15   50.6   0.0     2   115    15   150    14   167 0.77 -
GH5_28               -            336 FUN_005498-T1        -            782   9.6e-22   72.6   0.1   2   3   1.4e-05    0.0016   12.7   0.0   144   182   210   253   201   269 0.83 -
GH5_28               -            336 FUN_005498-T1        -            782   9.6e-22   72.6   0.1   3   3     0.027       3.2    1.8   0.0   230   301   410   505   350   522 0.72 -
GH5_27               -            324 FUN_005498-T1        -            782   1.2e-18   62.8   0.1   1   1   2.4e-20   2.8e-18   61.6   0.1     1   192    48   252    48   265 0.81 -
GH5_43               -            371 FUN_005498-T1        -            782   1.2e-17   59.2   1.2   1   2   7.4e-18   8.7e-16   53.2   0.3     1   207    15   253    15   259 0.75 -
GH5_43               -            371 FUN_005498-T1        -            782   1.2e-17   59.2   1.2   2   2      0.59        69   -2.5   0.0   272   285   421   434   415   447 0.78 -
GH5_29               -            342 FUN_005498-T1        -            782   6.8e-16   53.5   0.2   1   3   8.1e-14   9.5e-12   39.8   0.0     3   101    15   132    13   142 0.70 -
GH5_29               -            342 FUN_005498-T1        -            782   6.8e-16   53.5   0.2   2   3   0.00037     0.043    8.1   0.0   159   199   211   256   183   261 0.82 -
GH5_29               -            342 FUN_005498-T1        -            782   6.8e-16   53.5   0.2   3   3      0.28        32   -1.4   0.0   251   266   418   432   410   441 0.78 -
AA3_2                -            568 FUN_005561-T1        -            556    5e-143  473.2   0.0   1   1  1.4e-142  2.5e-140  464.3   0.0     2   567    24   543    23   544 0.91 -
AA3                  -            618 FUN_005561-T1        -            556   1.5e-92  306.3   0.0   1   1   1.1e-94     2e-92  305.9   0.0    87   406    22   550    12   554 0.87 -
AA3_3                -            590 FUN_005561-T1        -            556   6.7e-62  205.0   0.0   1   3   3.3e-45   5.8e-43  142.5   0.0     3   315    25   323    23   341 0.84 -
AA3_3                -            590 FUN_005561-T1        -            556   6.7e-62  205.0   0.0   2   3    0.0011      0.19    5.4   0.0   416   463   395   444   361   460 0.84 -
AA3_3                -            590 FUN_005561-T1        -            556   6.7e-62  205.0   0.0   3   3   2.4e-17   4.1e-15   50.5   0.0   509   589   463   545   459   546 0.92 -
AA3_1                -            548 FUN_005561-T1        -            556   8.5e-52  171.8   0.0   1   2   3.2e-33   5.6e-31  103.1   0.0    11   321    19   321     8   337 0.76 -
AA3_1                -            548 FUN_005561-T1        -            556   8.5e-52  171.8   0.0   2   2   6.1e-22   1.1e-19   65.8   0.0   407   546   397   543   378   545 0.79 -
GT15                 -            273 FUN_005576-T1        -            280   1.8e-37  124.7   0.0   1   1   3.4e-40   2.4e-37  124.4   0.0     3   199    49   250    47   265 0.82 -
GH11                 -            177 FUN_005595-T1        -            216   1.1e-70  232.2   8.2   1   1   1.9e-73   1.4e-70  231.9   8.2     1   174    39   211    39   214 0.99 -
GH31                 -            427 FUN_005599-T1        -            821  2.2e-122  404.5   6.8   1   1  3.9e-125  2.7e-122  404.2   6.8     1   427   175   617   175   617 0.92 -
GH2                  -            752 FUN_005613-T1        -           1024  3.7e-207  685.7   4.9   1   1  6.8e-210  4.7e-207  685.3   4.9    23   750    49   906    39   908 0.88 -
GT76                 -            407 FUN_005672-T1        -            432  1.8e-110  365.1   8.1   1   1    3e-113  2.1e-110  364.9   8.1     3   407    15   432    13   432 0.92 -
GH47                 -            446 FUN_005676-T1        -            519  3.3e-131  433.8   0.0   1   1  5.3e-134  3.7e-131  433.6   0.0     1   445    42   516    42   517 0.93 -
GT31                 -            192 FUN_005692-T1        -            423   2.1e-22   75.2   0.3   1   1   5.5e-25   3.9e-22   74.4   0.3     1   185   112   284   112   288 0.85 -
GH72                 -            312 FUN_005730-T1        -           3517   8.4e-98  322.8   0.0   1   1    2e-100   1.4e-97  322.1   0.0    45   299  3123  3376  3112  3387 0.96 -
GT1                  -            382 FUN_005736-T1        -            455     6e-33  110.6   8.4   1   2    0.0065       4.5    2.7   0.1    16    94    26   104    12   111 0.85 -
GT1                  -            382 FUN_005736-T1        -            455     6e-33  110.6   8.4   2   2   1.6e-35   1.1e-32  109.7   4.5   119   381   145   450   120   451 0.92 -
GT1                  -            382 FUN_005740-T1        -            457   3.1e-36  121.4   0.9   1   2      0.07        49   -0.6   0.0   304   368    21    60     3    68 0.61 -
GT1                  -            382 FUN_005740-T1        -            457   3.1e-36  121.4   0.9   2   2   1.3e-38   9.1e-36  119.8   0.4   155   381   183   455   131   456 0.86 -
GH72                 -            312 FUN_005746-T1        -            458  3.3e-120  396.4   6.2   1   1  5.6e-123  3.9e-120  396.2   6.2     3   310    32   334    30   336 0.96 -
GT62                 -            268 FUN_005765-T1        -            334  1.4e-107  354.4   0.1   1   1  2.5e-110  1.8e-107  354.1   0.1     3   268    30   293    28   293 0.99 -
GH37                 -            491 FUN_005785-T1        -            739  1.7e-151  500.9   0.0   1   1  2.9e-154  2.1e-151  500.6   0.0     2   490   143   703   142   704 0.97 -
GH47                 -            446 FUN_005814-T1        -            598  7.1e-157  518.3   0.0   1   1  1.2e-159  8.3e-157  518.1   0.0     2   446   133   594   132   594 0.97 -
#
# Program:         hmmscan
# Version:         3.4 (Aug 2023)
# Pipeline mode:   SCAN
# Query file:      /home/zack/Desktop/IsariaPreferralGenome/MyGenomeSubmittedToNCBI/HypocrealesProteinSets/GENOMES/Epichloefestucae_ROSECITY/FunannotatePredict/annotate_misc/split_prots/chunk_10.fa
# Target file:     /home/zack/funannotate_db/dbCAN.hmm
# Option settings: hmmscan --domtblout /home/zack/Desktop/IsariaPreferralGenome/MyGenomeSubmittedToNCBI/HypocrealesProteinSets/GENOMES/Epichloefestucae_ROSECITY/FunannotatePredict/annotate_misc/split_prots/chunk_10.dbcan.txt -E 1e-15 --cpu 1 /home/zack/funannotate_db/dbCAN.hmm /home/zack/Desktop/IsariaPreferralGenome/MyGenomeSubmittedToNCBI/HypocrealesProteinSets/GENOMES/Epichloefestucae_ROSECITY/FunannotatePredict/annotate_misc/split_prots/chunk_10.fa 
# Current dir:     /home/zack
# Date:            Sun Mar  3 14:04:00 2024
# [ok]
