#                                                                            --- full sequence --- -------------- this domain -------------   hmm coord   ali coord   env coord
# target name        accession   tlen query name           accession   qlen   E-value  score  bias   #  of  c-Evalue  i-Evalue  score  bias  from    to  from    to  from    to  acc description of target
#------------------- ---------- ----- -------------------- ---------- ----- --------- ------ ----- --- --- --------- --------- ------ ----- ----- ----- ----- ----- ----- ----- ---- ---------------------
GH18                 -            296 FUN_002921-T1        -            307   2.1e-48  161.0   0.0   1   1   3.5e-51   2.5e-48  160.8   0.0     3   281     2   289     1   301 0.84 -
AA4                  -            522 FUN_003070-T1        -            605   2.3e-19   64.8   0.0   1   2   3.7e-21   1.3e-18   62.3   0.0     9   192   130   313   124   369 0.82 -
AA4                  -            522 FUN_003070-T1        -            605   2.3e-19   64.8   0.0   2   2     0.033        11   -0.2   0.0   442   507   523   588   493   597 0.76 -
AA7                  -            458 FUN_003070-T1        -            605   8.2e-17   57.4   0.1   1   1   4.2e-19   1.5e-16   56.5   0.1     9   194   171   362   165   582 0.89 -
GT2_Glyco_tranf_2_3  PF13641.5    230 FUN_003073-T1        -            367   6.2e-16   54.4   0.2   1   1   1.3e-18   8.9e-16   53.9   0.2    94   229     2   154     1   155 0.88 Glycosyltransferase like family 2
GH35                 -            307 FUN_003093-T1        -           1017   3.1e-81  268.7   0.0   1   1   6.1e-84   4.3e-81  268.3   0.0     1   303    53   376    53   379 0.89 -
GH152                -            216 FUN_003109-T1        -            397   2.3e-67  222.3  10.6   1   1   4.6e-70   3.2e-67  221.8  10.6     1   216    62   328    62   328 0.93 -
AA7                  -            458 FUN_003169-T1        -            517   5.5e-26   87.6   0.1   1   2     5e-28   3.5e-25   84.9   0.0     5   182    28   204    24   237 0.93 -
AA7                  -            458 FUN_003169-T1        -            517   5.5e-26   87.6   0.1   2   2     0.022        16    0.4   0.0   430   452   454   476   403   479 0.80 -
GH18                 -            296 FUN_003178-T1        -            458   4.2e-58  192.8   4.3   1   1   7.7e-61   5.4e-58  192.5   4.3     4   285    57   413    54   423 0.85 -
GH154                -            348 FUN_003183-T1        -            288   2.7e-19   64.8   0.1   1   1   5.9e-22   4.1e-19   64.2   0.1   185   271    45   133    21   145 0.90 -
GH31                 -            427 FUN_003196-T1        -            969  1.3e-146  484.3   9.0   1   1  2.6e-149  1.9e-146  483.8   9.0     2   426   372   819   371   820 0.95 -
GH18                 -            296 FUN_003200-T1        -            338   8.5e-19   63.8   0.0   1   1   4.5e-21   3.1e-18   61.9   0.0    25   198    34   231    11   285 0.75 -
GT21                 -            233 FUN_003231-T1        -            561   3.6e-88  290.4   0.0   1   1   6.5e-91   4.5e-88  290.1   0.0     1   233    76   390    76   390 0.99 -
GH18                 -            296 FUN_003269-T1        -           1102   5.2e-74  245.1   4.4   1   1   1.7e-76   1.2e-73  243.9   4.4     2   289    81   430    80   436 0.87 -
GH16_1               -            229 FUN_003277-T1        -            363   4.4e-85  280.0   4.1   1   1   1.6e-87   5.5e-85  279.7   4.1     2   228   108   340   107   341 0.97 -
GH16                 -            189 FUN_003277-T1        -            363   1.7e-18   63.2   0.6   1   1   6.9e-21   2.4e-18   62.8   0.6    37   176   118   340    73   360 0.64 -
GH47                 -            446 FUN_003309-T1        -            579  6.8e-155  511.8   0.5   1   1  1.1e-157  7.8e-155  511.6   0.5     1   446   112   575   112   575 0.95 -
GT41                 -            705 FUN_003316-T1        -            634   1.4e-28   95.3  14.7   1   4   1.5e-11   1.1e-08   29.5   2.2    30   221    89   262    66   274 0.74 -
GT41                 -            705 FUN_003316-T1        -            634   1.4e-28   95.3  14.7   2   4   1.3e-09   9.3e-07   23.1   0.1    97   191   324   411   289   413 0.86 -
GT41                 -            705 FUN_003316-T1        -            634   1.4e-28   95.3  14.7   3   4   5.6e-09   3.9e-06   21.0   0.0    96   191   394   479   391   481 0.92 -
GT41                 -            705 FUN_003316-T1        -            634   1.4e-28   95.3  14.7   4   4   1.1e-12   7.5e-10   33.3   1.2    84   191   484   588   477   612 0.85 -
GH128                -            224 FUN_003324-T1        -            321   6.8e-62  204.5   0.7   1   1   1.2e-64   8.4e-62  204.2   0.7     6   224    44   281    39   281 0.95 -
GH13_40              -            359 FUN_003351-T1        -            572  4.7e-169  557.4   0.7   1   1  3.2e-170  7.7e-169  556.7   0.7     1   359    34   385    34   385 0.99 -
GH13_31              -            349 FUN_003351-T1        -            572  2.4e-146  483.0   1.2   1   1  1.6e-147  3.8e-146  482.3   1.2     1   349    34   385    34   385 0.97 -
GH13_29              -            344 FUN_003351-T1        -            572  2.7e-130  429.9   0.6   1   1  1.6e-131  3.8e-130  429.4   0.6     1   343    33   384    33   385 0.96 -
GH13_23              -            344 FUN_003351-T1        -            572  5.2e-113  373.5   5.4   1   2  2.2e-114  5.2e-113  373.5   5.4     1   342    34   384    34   386 0.93 -
GH13_23              -            344 FUN_003351-T1        -            572  5.2e-113  373.5   5.4   2   2       3.3        79   -2.0   0.2   200   251   428   480   397   524 0.52 -
GH13_17              -            350 FUN_003351-T1        -            572   6.3e-87  287.4   6.3   1   2   2.6e-88   6.3e-87  287.4   6.3     1   349    34   384    34   385 0.82 -
GH13_17              -            350 FUN_003351-T1        -            572   6.3e-87  287.4   6.3   2   2       4.4   1.1e+02   -2.8   0.2   208   227   462   481   401   505 0.57 -
GH13_30              -            365 FUN_003351-T1        -            572   3.4e-83  275.2   7.0   1   2   1.4e-84   3.4e-83  275.2   7.0     1   363    34   382    34   384 0.85 -
GH13_30              -            365 FUN_003351-T1        -            572   3.4e-83  275.2   7.0   2   2       4.5   1.1e+02   -2.9   0.2   217   234   443   460   405   510 0.56 -
GH13_36              -            314 FUN_003351-T1        -            572   1.9e-80  266.0   0.2   1   1   1.2e-81     3e-80  265.3   0.2     1   313    34   384    34   385 0.90 -
GH13                 -            299 FUN_003351-T1        -            572   7.4e-80  264.7   9.8   1   2   3.1e-81   7.4e-80  264.7   9.8    13   292    34   385    29   388 0.83 -
GH13                 -            299 FUN_003351-T1        -            572   7.4e-80  264.7   9.8   2   2       4.4   1.1e+02   -1.7   0.1   159   219   392   451   387   488 0.43 -
GH13_16              -            353 FUN_003351-T1        -            572   1.7e-73  243.1   3.2   1   2   2.6e-72   6.2e-71  234.7   1.4     1   243    34   293    34   339 0.84 -
GH13_16              -            353 FUN_003351-T1        -            572   1.7e-73  243.1   3.2   2   2    0.0026     0.063    7.7   0.0   327   352   357   383   335   384 0.78 -
GH13_35              -            351 FUN_003351-T1        -            572     1e-66  221.0   2.7   1   2   1.1e-63   2.7e-62  206.4   2.5     1   189    34   224    34   231 0.95 -
GH13_35              -            351 FUN_003351-T1        -            572     1e-66  221.0   2.7   2   2   9.2e-05    0.0022   12.7   0.0   285   351   310   384   280   384 0.78 -
GH13_21              -            308 FUN_003351-T1        -            572   4.2e-62  205.7   0.7   1   1     3e-63   7.3e-62  204.9   0.7     1   306    34   384    34   385 0.89 -
GH13_20              -            300 FUN_003351-T1        -            572     9e-54  178.2   1.1   1   1   1.5e-53   3.7e-52  172.9   1.1     1   296    34   384    34   386 0.80 -
GH13_4               -            400 FUN_003351-T1        -            572   8.4e-44  145.3   0.3   1   2   1.2e-43   2.9e-42  140.2   0.3     2   189    34   220    33   230 0.93 -
GH13_4               -            400 FUN_003351-T1        -            572   8.4e-44  145.3   0.3   2   2      0.06       1.4    2.9   0.0   381   400   365   384   344   384 0.73 -
GH13_2               -            310 FUN_003351-T1        -            572     6e-37  123.1   1.7   1   2   2.5e-37     6e-36  119.8   0.5     2   307    34   379    33   382 0.80 -
GH13_2               -            310 FUN_003351-T1        -            572     6e-37  123.1   1.7   2   2       1.6        38   -1.1   0.0   182   213   478   509   460   541 0.68 -
GH13_1               -            306 FUN_003351-T1        -            572   1.8e-35  117.9   0.0   1   1   1.8e-36   4.3e-35  116.7   0.0     2   299    34   383    33   387 0.80 -
GH13_14              -            289 FUN_003351-T1        -            572   2.1e-33  111.2   0.1   1   1   2.7e-34   6.4e-33  109.7   0.1     2   289    44   379    43   379 0.78 -
GH13_39              -            316 FUN_003351-T1        -            572   1.6e-32  108.5   3.8   1   2   2.1e-29   5.2e-28   93.7   1.0     1   168    34   218    34   237 0.81 -
GH13_39              -            316 FUN_003351-T1        -            572   1.6e-32  108.5   3.8   2   2   2.1e-05   0.00052   14.9   0.0   254   311   333   384   301   386 0.74 -
GH13_41              -            294 FUN_003351-T1        -            572   2.2e-27   91.7   0.3   1   2   8.3e-23     2e-21   72.1   0.3     1   162    34   217    34   237 0.84 -
GH13_41              -            294 FUN_003351-T1        -            572   2.2e-27   91.7   0.3   2   2   4.6e-06   0.00011   17.1   0.0   219   291   306   383   243   385 0.74 -
GH13_18              -            343 FUN_003351-T1        -            572   1.9e-26   88.3   0.1   1   1   1.5e-27   3.6e-26   87.4   0.1     3   217    53   291    51   294 0.78 -
GH13_13              -            361 FUN_003351-T1        -            572   1.7e-22   75.4   3.8   1   4     0.024      0.57    4.5   0.0     3    20    44    61    42    67 0.87 -
GH13_13              -            361 FUN_003351-T1        -            572   1.7e-22   75.4   3.8   2   4   5.6e-20   1.3e-18   62.5   1.2    60   187    66   219    61   230 0.86 -
GH13_13              -            361 FUN_003351-T1        -            572   1.7e-22   75.4   3.8   3   4    0.0035     0.085    7.2   0.0   307   361   331   380   311   380 0.87 -
GH13_13              -            361 FUN_003351-T1        -            572   1.7e-22   75.4   3.8   4   4       7.5   1.8e+02   -3.7   0.0   228   261   410   447   402   468 0.63 -
GH13_10              -            313 FUN_003351-T1        -            572   1.2e-21   72.7   0.1   1   2   5.5e-21   1.3e-19   66.1   0.1     5   148    34   219    31   233 0.93 -
GH13_10              -            313 FUN_003351-T1        -            572   1.2e-21   72.7   0.1   2   2     0.062       1.5    3.5   0.0   264   313   332   381   312   381 0.76 -
GH13_37              -            320 FUN_003351-T1        -            572   7.4e-21   69.7   1.3   1   1   3.7e-20   8.8e-19   62.9   1.3     8   320    33   381    27   381 0.70 -
GH13_42              -            421 FUN_003351-T1        -            572   4.7e-20   67.4   6.7   1   4   2.2e-14   5.3e-13   44.2   0.4     2   134    34   163    33   170 0.73 -
GH13_42              -            421 FUN_003351-T1        -            572   4.7e-20   67.4   6.7   2   4   1.5e-07   3.6e-06   21.7   0.2   175   232   158   219   131   238 0.77 -
GH13_42              -            421 FUN_003351-T1        -            572   4.7e-20   67.4   6.7   3   4     0.044       1.1    3.7   0.0   360   417   322   381   310   385 0.70 -
GH13_42              -            421 FUN_003351-T1        -            572   4.7e-20   67.4   6.7   4   4       1.3        33   -1.2   0.2   267   311   389   433   383   438 0.80 -
GH13_32              -            269 FUN_003351-T1        -            572   1.4e-18   62.8   1.8   1   1     5e-19   1.2e-17   59.7   1.8     1   157    50   219    50   367 0.64 -
GH13_26              -            296 FUN_003351-T1        -            572   2.2e-18   62.2   0.2   1   2   1.1e-16   2.7e-15   52.1   0.0     2    95    43   131    42   146 0.84 -
GH13_26              -            296 FUN_003351-T1        -            572   2.2e-18   62.2   0.2   2   2     0.003     0.072    8.0   0.0   203   241   176   213   150   233 0.76 -
GH13_34              -            244 FUN_003351-T1        -            572   4.2e-18   61.2   0.0   1   3   3.4e-11   8.2e-10   34.1   0.0     2    85    35   121    34   129 0.89 -
GH13_34              -            244 FUN_003351-T1        -            572   4.2e-18   61.2   0.0   2   3   2.9e-05    0.0007   14.6   0.0    86   121   185   220   174   234 0.83 -
GH13_34              -            244 FUN_003351-T1        -            572   4.2e-18   61.2   0.0   3   3    0.0018     0.042    8.8   0.0   185   243   319   383   279   384 0.70 -
GH13_3               -            210 FUN_003351-T1        -            572   7.5e-18   60.2   1.1   1   1   9.2e-18   2.2e-16   55.4   1.1     3   147    41   211    39   224 0.77 -
GH13_11              -            351 FUN_003351-T1        -            572     3e-17   58.3   0.0   1   2   9.3e-17   2.2e-15   52.1   0.0     2   186    34   231    33   328 0.76 -
GH13_11              -            351 FUN_003351-T1        -            572     3e-17   58.3   0.0   2   2     0.097       2.3    2.7   0.0   320   351   352   383   323   383 0.84 -
GH13_12              -            284 FUN_003351-T1        -            572   4.8e-17   57.9   0.2   1   2   1.1e-17   2.5e-16   55.5   0.1     1   157    34   216    34   235 0.88 -
GH13_12              -            284 FUN_003351-T1        -            572   4.8e-17   57.9   0.2   2   2       1.6        39   -0.8   0.0   236   284   320   383   306   383 0.61 -
GT22                 -            389 FUN_003353-T1        -            582   4.1e-76  252.0  27.5   1   1   8.8e-79   6.1e-76  251.5  27.5    11   361    23   430    13   451 0.87 -
GT41                 -            705 FUN_003417-T1        -            652   1.2e-21   72.3   4.6   1   2   7.1e-12     5e-09   30.6   0.8    71   191   237   424   175   426 0.65 -
GT41                 -            705 FUN_003417-T1        -            652   1.2e-21   72.3   4.6   2   2   1.8e-15   1.2e-12   42.5   0.2    80   191   468   577   432   586 0.84 -
GH15                 -            361 FUN_003472-T1        -            671   1.4e-73  243.6   0.0   1   1     3e-76   2.1e-73  243.0   0.0     2   360   286   655   285   656 0.90 -
GH18                 -            296 FUN_003478-T1        -            552   1.3e-73  243.7   0.5   1   1   2.7e-76   1.9e-73  243.2   0.5     3   288   164   519   162   526 0.89 -
#
# Program:         hmmscan
# Version:         3.4 (Aug 2023)
# Pipeline mode:   SCAN
# Query file:      /home/zack/Desktop/IsariaPreferralGenome/MyGenomeSubmittedToNCBI/HypocrealesProteinSets/GENOMES/Epichloefestucae_ROSECITY/FunannotatePredict/annotate_misc/split_prots/chunk_6.fa
# Target file:     /home/zack/funannotate_db/dbCAN.hmm
# Option settings: hmmscan --domtblout /home/zack/Desktop/IsariaPreferralGenome/MyGenomeSubmittedToNCBI/HypocrealesProteinSets/GENOMES/Epichloefestucae_ROSECITY/FunannotatePredict/annotate_misc/split_prots/chunk_6.dbcan.txt -E 1e-15 --cpu 1 /home/zack/funannotate_db/dbCAN.hmm /home/zack/Desktop/IsariaPreferralGenome/MyGenomeSubmittedToNCBI/HypocrealesProteinSets/GENOMES/Epichloefestucae_ROSECITY/FunannotatePredict/annotate_misc/split_prots/chunk_6.fa 
# Current dir:     /home/zack
# Date:            Sun Mar  3 14:04:00 2024
# [ok]
