#                                                                            --- full sequence --- -------------- this domain -------------   hmm coord   ali coord   env coord
# target name        accession   tlen query name           accession   qlen   E-value  score  bias   #  of  c-Evalue  i-Evalue  score  bias  from    to  from    to  from    to  acc description of target
#------------------- ---------- ----- -------------------- ---------- ----- --------- ------ ----- --- --- --------- --------- ------ ----- ----- ----- ----- ----- ----- ----- ---- ---------------------
AA4                  -            522 FUN_004669-T1        -            569   4.7e-18   60.5   0.1   1   1   1.2e-20   8.5e-18   59.6   0.1    44   238   122   309    80   327 0.77 -
GT90                 -            250 FUN_004719-T1        -            642   4.9e-82  270.7   4.5   1   2    0.0019       1.3    4.0   0.0     2    32   227   257   226   309 0.86 -
GT90                 -            250 FUN_004719-T1        -            642   4.9e-82  270.7   4.5   2   2   8.7e-84   6.1e-81  267.1   1.8     3   248   353   623   352   624 0.94 -
GT62                 -            268 FUN_004742-T1        -            374  1.1e-105  348.2   0.0   1   1  2.1e-108  1.4e-105  347.8   0.0     5   268    76   340    73   340 0.98 -
GH16_18              -            158 FUN_004758-T1        -            400   3.7e-67  220.2   0.2   1   1   3.9e-69   5.5e-67  219.6   0.2     2   158    69   225    68   225 0.98 -
GH16_19              -            174 FUN_004758-T1        -            400   7.1e-41  134.9   0.0   1   1   7.2e-43     1e-40  134.4   0.0     9   172    67   226    59   228 0.91 -
GH16                 -            189 FUN_004758-T1        -            400   7.6e-23   77.4   0.2   1   1   9.3e-25   1.3e-22   76.7   0.2    55   187    83   224    16   243 0.72 -
GH16_21              -            206 FUN_004758-T1        -            400   1.6e-21   72.1   0.1   1   1   1.6e-23   2.3e-21   71.6   0.1    57   193    83   221    25   240 0.81 -
GH16_20              -            162 FUN_004758-T1        -            400   9.6e-17   56.5   0.0   1   1   1.3e-18   1.9e-16   55.6   0.0    17   155    84   216    70   222 0.86 -
GT34                 -            246 FUN_004772-T1        -            586   6.9e-82  270.1   3.6   1   1   1.3e-84   9.3e-82  269.7   3.6     3   245   284   547   282   548 0.95 -
GH16_1               -            229 FUN_004773-T1        -            469   2.3e-89  294.0   2.6   1   1   9.3e-92   3.3e-89  293.5   2.6     3   228    66   299    64   300 0.96 -
GH16                 -            189 FUN_004773-T1        -            469   1.3e-22   76.6   1.1   1   1   7.7e-25   2.7e-22   75.6   1.1    50   176    80   297    23   319 0.64 -
CBM24                -             76 FUN_004790-T1        -            870   2.6e-21   71.2  19.3   1   2   3.6e-20   1.2e-17   59.4  10.7     1    76   279   356   279   356 0.88 -
CBM24                -             76 FUN_004790-T1        -            870   2.6e-21   71.2  19.3   2   2   9.8e-10   3.4e-07   26.0   1.3    10    32   337   359   328   372 0.84 -
GH18                 -            296 FUN_004790-T1        -            870   7.4e-16   54.2   1.5   1   1   4.8e-18   1.7e-15   53.0   1.5   105   285    47   262    33   272 0.73 -
AA3_1                -            548 FUN_004801-T1        -            744   6.5e-72  238.2   0.8   1   1   6.7e-72   1.2e-69  230.8   0.8     5   542   208   737   204   742 0.86 -
AA3                  -            618 FUN_004801-T1        -            744     8e-49  161.9   0.1   1   1   6.3e-51   1.1e-48  161.4   0.1    86   395   216   737   202   743 0.75 -
AA3_2                -            568 FUN_004801-T1        -            744   7.1e-39  129.3   0.7   1   1   2.1e-37   3.7e-35  117.0   0.7     4   563   221   737   219   742 0.72 -
AA3_3                -            590 FUN_004801-T1        -            744   9.3e-24   79.1   0.3   1   2   2.6e-14   4.6e-12   40.5   0.1     3   300   220   500   218   505 0.77 -
AA3_3                -            590 FUN_004801-T1        -            744   9.3e-24   79.1   0.3   2   2   6.2e-13   1.1e-10   35.9   0.0   520   578   674   732   619   743 0.86 -
GT22                 -            389 FUN_004805-T1        -            517   1.9e-81  269.6  30.4   1   1   3.3e-84   2.3e-81  269.3  30.4     1   386     5   397     5   399 0.92 -
AA5                  -           1281 FUN_004879-T1        -            607     6e-18   59.2  12.8   1   2      0.14        99   -4.5   3.1   251   312   410   470   402   478 0.61 -
AA5                  -           1281 FUN_004879-T1        -            607     6e-18   59.2  12.8   2   2   8.6e-21     6e-18   59.2  12.8   155   248   489   582   475   592 0.90 -
AA7                  -            458 FUN_004904-T1        -            590   1.1e-52  175.7  10.9   1   1   5.5e-55   3.8e-52  173.8  10.9    19   454   117   555   109   559 0.71 -
CE1                  -            227 FUN_004966-T1        -            285   3.9e-45  149.7   0.0   1   1   6.6e-48   4.6e-45  149.5   0.0     1   225    23   280    23   282 0.86 -
GT41                 -            705 FUN_004969-T1        -            695   4.8e-23   76.9   0.9   1   3   3.4e-12   2.4e-09   31.7   0.1    82   187   185   280   179   284 0.89 -
GT41                 -            705 FUN_004969-T1        -            695   4.8e-23   76.9   0.9   2   3   4.8e-07   0.00033   14.7   0.0    93   177   344   420   285   424 0.58 -
GT41                 -            705 FUN_004969-T1        -            695   4.8e-23   76.9   0.9   3   3   2.7e-11   1.9e-08   28.7   0.0    82   189   416   517   410   573 0.89 -
GH16_22              -            216 FUN_004981-T1        -            399   1.3e-90  298.0   5.4   1   1   9.8e-93   1.7e-90  297.6   5.4     2   216    90   315    89   315 0.94 -
GH16                 -            189 FUN_004981-T1        -            399   1.9e-26   89.2   5.6   1   1   1.6e-28   2.8e-26   88.6   5.6     6   188    82   315    72   316 0.68 -
GH16_23              -            192 FUN_004981-T1        -            399   1.9e-20   68.5   0.1   1   1   1.7e-22     3e-20   67.8   0.1    17   190   138   314   125   316 0.81 -
GH16_21              -            206 FUN_004981-T1        -            399   8.1e-16   53.5   2.3   1   1   9.4e-18   1.6e-15   52.5   2.3    50   205   128   313    78   314 0.71 -
GH30_5               -            456 FUN_005049-T1        -            477  3.9e-137  453.4  14.5   1   1  1.9e-139  4.5e-137  453.2  14.5     1   456    24   468    24   468 0.97 -
GH30                 -            417 FUN_005049-T1        -            477   1.8e-55  184.0   8.2   1   1   9.5e-58   2.2e-55  183.7   8.2    10   416    17   470     9   471 0.80 -
GH30_4               -            484 FUN_005049-T1        -            477   1.8e-36  121.5  12.6   1   1     2e-36   4.7e-34  113.5  12.7     2   430    23   406    22   449 0.81 -
GH3                  -            216 FUN_005053-T1        -            833   8.8e-61  200.6   0.1   1   1   2.8e-63   1.9e-60  199.5   0.1     3   216    47   268    45   268 0.96 -
GH62                 -            278 FUN_005062-T1        -            341  8.7e-103  338.9   0.7   1   1  1.5e-105    1e-102  338.7   0.7     2   277    27   305    26   306 0.97 -
GT90                 -            250 FUN_005065-T1        -            527   7.9e-61  201.2   0.1   1   1   1.5e-63     1e-60  200.8   0.1    12   247   266   525   255   527 0.87 -
GH55                 -            740 FUN_005086-T1        -            886         0 1015.7  31.6   1   1         0         0 1015.4  31.6     9   739   143   883   134   884 0.98 -
GT90                 -            250 FUN_005094-T1        -            719   1.5e-62  206.8   1.2   1   2      0.36   2.5e+02   -3.5   0.0   175   223   189   242   183   253 0.62 -
GT90                 -            250 FUN_005094-T1        -            719   1.5e-62  206.8   1.2   2   2   4.8e-65   3.4e-62  205.7   0.7    14   248   454   710   444   711 0.90 -
GT2_Chitin_synth_2   PF03142.14   527 FUN_005105-T1        -            692   1.5e-36  121.5   6.9   1   3         1     7e+02   -8.1   4.1   436   474   131   172   122   174 0.56 Chitin synthase
GT2_Chitin_synth_2   PF03142.14   527 FUN_005105-T1        -            692   1.5e-36  121.5   6.9   2   3     2e-11   1.4e-08   29.2   0.0    26    85   199   260   191   280 0.84 Chitin synthase
GT2_Chitin_synth_2   PF03142.14   527 FUN_005105-T1        -            692   1.5e-36  121.5   6.9   3   3   8.5e-32   5.9e-29   96.4   0.0   203   503   372   677   306   685 0.78 Chitin synthase
CE4                  -            130 FUN_005106-T1        -            334   2.7e-32  107.1   0.0   1   2   1.2e-34   8.5e-32  105.5   0.0     6   126   118   250   114   253 0.90 -
CE4                  -            130 FUN_005106-T1        -            334   2.7e-32  107.1   0.0   2   2      0.19   1.3e+02   -1.9   0.0   110   125   302   317   268   320 0.81 -
AA7                  -            458 FUN_005108-T1        -            515   1.1e-85  284.5   2.8   1   2   2.3e-80   1.6e-77  257.5   1.5     7   212    64   274    61   297 0.94 -
AA7                  -            458 FUN_005108-T1        -            515   1.1e-85  284.5   2.8   2   2   2.9e-10     2e-07   26.4   0.0   404   458   438   492   351   492 0.78 -
AA8                  -            182 FUN_005120-T1        -            469   5.7e-17   57.4   0.1   1   1   1.3e-19   9.1e-17   56.7   0.1    14   172    36   198    19   205 0.86 -
GH32                 -            293 FUN_005197-T1        -            566     3e-88  291.7   8.4   1   1   5.7e-91     4e-88  291.3   8.4     1   285    48   356    48   367 0.91 -
GT2_Chitin_synth_1   PF01644.16   163 FUN_005198-T1        -            993   1.2e-78  258.1   0.0   1   1     5e-81   1.8e-78  257.6   0.0     1   163   309   471   309   471 1.00 Chitin synthase
GT2_Chitin_synth_2   PF03142.14   527 FUN_005198-T1        -            993   2.7e-25   84.3   4.4   1   2   7.8e-25   2.7e-22   74.5   0.0   204   411   449   661   442   717 0.78 Chitin synthase
GT2_Chitin_synth_2   PF03142.14   527 FUN_005198-T1        -            993   2.7e-25   84.3   4.4   2   2   4.5e-05     0.016    9.2   2.7   403   491   733   828   722   848 0.76 Chitin synthase
GH125                -            402 FUN_005213-T1        -            477  8.6e-157  517.4   0.0   1   2  5.9e-132  4.1e-129  426.2   0.0     1   334     3   371     3   377 0.97 -
GH125                -            402 FUN_005213-T1        -            477  8.6e-157  517.4   0.0   2   2   1.2e-29   8.5e-27   89.3   0.1   330   402   386   457   383   457 0.98 -
GT62                 -            268 FUN_005233-T1        -            332  1.8e-110  363.9   0.0   1   2  2.6e-113  1.8e-110  363.9   0.0    41   268     1   226     1   226 1.00 -
GT62                 -            268 FUN_005233-T1        -            332  1.8e-110  363.9   0.0   2   2      0.22   1.5e+02   -3.1   1.5    85   115   281   310   255   321 0.50 -
#
# Program:         hmmscan
# Version:         3.4 (Aug 2023)
# Pipeline mode:   SCAN
# Query file:      /home/zack/Desktop/IsariaPreferralGenome/MyGenomeSubmittedToNCBI/HypocrealesProteinSets/GENOMES/Epichloefestucae_ROSECITY/FunannotatePredict/annotate_misc/split_prots/chunk_9.fa
# Target file:     /home/zack/funannotate_db/dbCAN.hmm
# Option settings: hmmscan --domtblout /home/zack/Desktop/IsariaPreferralGenome/MyGenomeSubmittedToNCBI/HypocrealesProteinSets/GENOMES/Epichloefestucae_ROSECITY/FunannotatePredict/annotate_misc/split_prots/chunk_9.dbcan.txt -E 1e-15 --cpu 1 /home/zack/funannotate_db/dbCAN.hmm /home/zack/Desktop/IsariaPreferralGenome/MyGenomeSubmittedToNCBI/HypocrealesProteinSets/GENOMES/Epichloefestucae_ROSECITY/FunannotatePredict/annotate_misc/split_prots/chunk_9.fa 
# Current dir:     /home/zack
# Date:            Sun Mar  3 14:03:59 2024
# [ok]
