#                                                                            --- full sequence --- -------------- this domain -------------   hmm coord   ali coord   env coord
# target name        accession   tlen query name           accession   qlen   E-value  score  bias   #  of  c-Evalue  i-Evalue  score  bias  from    to  from    to  from    to  acc description of target
#------------------- ---------- ----- -------------------- ---------- ----- --------- ------ ----- --- --- --------- --------- ------ ----- ----- ----- ----- ----- ----- ----- ---- ---------------------
GT20                 -            475 FUN_003530-T1        -            607  1.5e-135  447.7   0.0   1   1  2.8e-138    2e-135  447.4   0.0    16   473    65   572    54   574 0.89 -
GH74                 -            233 FUN_003622-T1        -           1515   1.7e-29   98.3  21.9   1   7   1.5e-11   1.1e-08   30.2   0.1    30   114    43   122    21   146 0.83 -
GH74                 -            233 FUN_003622-T1        -           1515   1.7e-29   98.3  21.9   2   7      0.13        90   -2.3   0.0    33    70   154   205   133   335 0.62 -
GH74                 -            233 FUN_003622-T1        -           1515   1.7e-29   98.3  21.9   3   7   1.3e-08   9.2e-06   20.6   0.0    51   119   393   474   366   480 0.68 -
GH74                 -            233 FUN_003622-T1        -           1515   1.7e-29   98.3  21.9   4   7    0.0089       6.2    1.5   0.0    42    65   488   511   480   531 0.76 -
GH74                 -            233 FUN_003622-T1        -           1515   1.7e-29   98.3  21.9   5   7   4.9e-06    0.0034   12.2   0.0    78   111   728   763   687   770 0.66 -
GH74                 -            233 FUN_003622-T1        -           1515   1.7e-29   98.3  21.9   6   7     4e-10   2.8e-07   25.6   0.2    42   146   785   899   775   920 0.82 -
GH74                 -            233 FUN_003622-T1        -           1515   1.7e-29   98.3  21.9   7   7   2.5e-07   0.00017   16.4   2.6    40   112  1124  1194  1080  1215 0.74 -
GH47                 -            446 FUN_003625-T1        -            698  1.1e-164  544.1   0.1   1   1  1.9e-167  1.3e-164  543.8   0.1     1   446   168   661   168   661 0.95 -
GT39                 -            223 FUN_003630-T1        -            765   9.1e-71  233.4  17.3   1   3   1.3e-73   9.1e-71  233.4  17.3     2   223    58   302    57   302 0.98 -
GT39                 -            223 FUN_003630-T1        -            765   9.1e-71  233.4  17.3   2   3    0.0057         4    2.4   0.1   105   161   554   615   550   620 0.71 -
GT39                 -            223 FUN_003630-T1        -            765   9.1e-71  233.4  17.3   3   3      0.17   1.2e+02   -2.5   0.1   145   157   714   726   635   750 0.58 -
GT69                 -            239 FUN_003631-T1        -            413   3.3e-83  274.3   0.0   1   1   5.9e-86   4.2e-83  274.0   0.0     1   238    63   317    63   318 0.96 -
CE3                  -            194 FUN_003634-T1        -            257   2.9e-60  198.9   0.0   1   1   4.9e-63   3.4e-60  198.7   0.0     1   194    45   239    45   239 0.97 -
GH7                  -            415 FUN_003659-T1        -            293   1.8e-46  154.0   0.0   1   2   3.6e-13   2.5e-10   35.0   0.0   105   143    33    71    17    77 0.90 -
GH7                  -            415 FUN_003659-T1        -            293   1.8e-46  154.0   0.0   2   2     3e-35   2.1e-32  107.7   0.0   254   414   114   270   110   271 0.89 -
CE4                  -            130 FUN_003670-T1        -            247   5.7e-26   86.6   0.0   1   2   3.3e-28   2.3e-25   84.7   0.0     4   129    46   177    43   178 0.89 -
CE4                  -            130 FUN_003670-T1        -            247   5.7e-26   86.6   0.0   2   2     0.076        53   -0.6   0.0    25    37   218   231   196   240 0.69 -
GT2_Chitin_synth_2   PF03142.14   527 FUN_003695-T1        -           1230  3.8e-292  964.9   0.1   1   1  7.2e-295    5e-292  964.5   0.1     3   527   670  1193   668  1193 1.00 Chitin synthase
GH132                -            303 FUN_003778-T1        -            440   3.5e-96  317.4  12.6   1   1   6.5e-99   4.6e-96  317.0  12.6    30   302   154   438   141   439 0.93 -
GT41                 -            705 FUN_003818-T1        -            726   1.7e-23   78.4  16.5   1   4   7.5e-14   5.2e-11   37.2   3.3    55   191    14   140     2   157 0.89 -
GT41                 -            705 FUN_003818-T1        -            726   1.7e-23   78.4  16.5   2   4   5.8e-10   4.1e-07   24.3   4.8    73   202   134   303   131   319 0.66 -
GT41                 -            705 FUN_003818-T1        -            726   1.7e-23   78.4  16.5   3   4     3e-07   0.00021   15.3   0.0    85   231   323   528   310   557 0.78 -
GT41                 -            705 FUN_003818-T1        -            726   1.7e-23   78.4  16.5   4   4   0.00022      0.15    5.8   0.6    16   162   590   698   554   722 0.41 -
CE5                  -            189 FUN_003845-T1        -            303   5.6e-41  136.1   0.4   1   1   1.1e-43     8e-41  135.6   0.4     6   188    35   229    28   230 0.90 -
GT2_Glycos_transf_2  PF00535.25   170 FUN_003875-T1        -            243   2.4e-36  120.5   0.0   1   1   4.1e-39   2.9e-36  120.3   0.0     1   169    12   181    12   182 0.98 Glycosyl transferase family 2
GH89                 -            663 FUN_003879-T1        -            771  8.5e-190  627.5   2.5   1   1  1.4e-192    1e-189  627.3   2.5     2   661    73   760    72   762 0.93 -
GH18                 -            296 FUN_003939-T1        -           1724   4.9e-75  248.4   0.9   1   1   1.5e-77     1e-74  247.4   0.9     2   284   183   535   182   542 0.85 -
GH16_18              -            158 FUN_003985-T1        -            542     2e-67  221.0   1.5   1   1   2.5e-69   2.9e-67  220.5   1.5     2   158    67   222    66   222 0.98 -
GH16_19              -            174 FUN_003985-T1        -            542   1.1e-44  147.4   1.9   1   1   1.4e-46   1.6e-44  146.8   1.9    11   174    67   225    56   225 0.93 -
GH16_21              -            206 FUN_003985-T1        -            542   1.1e-23   79.2   1.0   1   1   1.5e-25   1.7e-23   78.5   1.0    38   183    60   208    41   236 0.82 -
GH16                 -            189 FUN_003985-T1        -            542   9.5e-23   77.1   5.4   1   1   1.4e-24   1.7e-22   76.3   5.4     7   176    47   218    37   249 0.76 -
GH16_27              -            138 FUN_003985-T1        -            542     2e-17   58.8   0.2   1   1   3.8e-19   4.4e-17   57.7   0.2    41   132   113   208   103   211 0.83 -
GH16_20              -            162 FUN_003985-T1        -            542   9.8e-17   56.5   0.4   1   2   2.1e-18   2.4e-16   55.2   0.1    16   150    81   209    67   219 0.84 -
GH16_20              -            162 FUN_003985-T1        -            542   9.8e-17   56.5   0.4   2   2      0.86     1e+02   -2.1   0.0     6    40   232   269   230   273 0.76 -
GT8                  -            257 FUN_003986-T1        -            360   6.6e-23   77.1   0.0   1   1   1.3e-25     9e-23   76.6   0.0    37   235    90   319    84   346 0.79 -
GH12                 -            156 FUN_003987-T1        -            326   7.2e-25   83.3   1.9   1   1   1.3e-27   8.8e-25   83.0   1.3    17   155   176   322   145   323 0.88 -
GT2_Glyco_trans_2_3  PF13632.5    197 FUN_003988-T1        -            794   1.4e-19   66.2   0.1   1   2   5.8e-22   1.4e-19   66.2   0.1     5   176   373   555   369   586 0.76 Glycosyl transferase family group 2
GT2_Glyco_trans_2_3  PF13632.5    197 FUN_003988-T1        -            794   1.4e-19   66.2   0.1   2   2      0.52   1.2e+02   -2.1   2.3   153   182   664   708   627   732 0.46 Glycosyl transferase family group 2
GT2_Glyco_tranf_2_3  PF13641.5    230 FUN_003988-T1        -            794   3.1e-19   65.2   0.0   1   1     2e-21   4.7e-19   64.6   0.0     2   229   273   506   272   507 0.88 Glycosyltransferase like family 2
GT2_Glycos_transf_2  PF00535.25   170 FUN_003988-T1        -            794   2.2e-16   55.6   0.0   1   1   2.3e-18   5.3e-16   54.3   0.0     1   169   275   453   275   454 0.93 Glycosyl transferase family 2
AA1                  -            358 FUN_003993-T1        -            638   2.5e-61  203.6   0.0   1   2   6.2e-17   1.1e-14   50.2   0.0     7    54   128   178   117   181 0.87 -
AA1                  -            358 FUN_003993-T1        -            638   2.5e-61  203.6   0.0   2   2   1.1e-47     2e-45  151.3   0.0    91   357   182   608   180   609 0.72 -
AA1_3                -            312 FUN_003993-T1        -            638   8.5e-35  115.8   0.0   1   2   1.9e-20   3.4e-18   61.3   0.1     9    77   107   178   101   181 0.89 -
AA1_3                -            312 FUN_003993-T1        -            638   8.5e-35  115.8   0.0   2   2   1.1e-17     2e-15   52.2   0.0   113   260   182   351   179   365 0.81 -
AA1_2                -            337 FUN_003993-T1        -            638   2.3e-29   97.9   0.0   1   2   2.2e-10   3.9e-08   28.1   0.0     6    48   134   179   129   182 0.88 -
AA1_2                -            337 FUN_003993-T1        -            638   2.3e-29   97.9   0.0   2   2   2.5e-22   4.3e-20   67.4   0.0    84   328   182   475   181   481 0.70 -
AA1_1                -            303 FUN_003993-T1        -            638   1.3e-24   82.2   0.0   1   2   4.7e-13   8.2e-11   36.9   0.0     2    58   124   179   123   182 0.92 -
AA1_1                -            303 FUN_003993-T1        -            638   1.3e-24   82.2   0.0   2   2   4.8e-15   8.3e-13   43.5   0.0    94   212   182   322   181   350 0.84 -
GH16_18              -            158 FUN_004040-T1        -            380   8.4e-66  215.8   3.7   1   1   1.1e-67   1.3e-65  215.1   3.7     2   158    69   223    68   223 0.98 -
GH16_19              -            174 FUN_004040-T1        -            380   3.5e-45  148.9   4.3   1   1   5.5e-47   6.3e-45  148.1   4.3     9   174    67   226    58   226 0.93 -
GH16                 -            189 FUN_004040-T1        -            380     3e-24   82.0   1.0   1   2   2.6e-26     3e-24   82.0   1.0    53   176    81   219    40   245 0.79 -
GH16                 -            189 FUN_004040-T1        -            380     3e-24   82.0   1.0   2   2      0.92   1.1e+02   -1.3   0.3    60    74   318   333   258   371 0.52 -
GH16_21              -            206 FUN_004040-T1        -            380   3.2e-23   77.7   0.6   1   1   3.7e-25   4.3e-23   77.2   0.6    20   187    41   213    23   240 0.76 -
GH16_27              -            138 FUN_004040-T1        -            380   1.5e-19   65.7   0.1   1   1   2.3e-21   2.7e-19   64.9   0.1    36   133   110   210    90   215 0.82 -
GH16_20              -            162 FUN_004040-T1        -            380   7.2e-17   56.9   0.3   1   1     1e-18   1.2e-16   56.2   0.3    18   156    84   216    69   220 0.80 -
GH92                 -            491 FUN_004044-T1        -            797  1.7e-150  497.5   0.0   1   1  2.4e-152  1.7e-149  494.2   0.0     3   490   253   779   251   780 0.94 -
GH5_15               -            300 FUN_004071-T1        -            429  1.7e-117  387.2   2.3   1   1  3.7e-119  2.3e-117  386.8   2.3     3   299    98   400    96   401 0.96 -
GH5_9                -            303 FUN_004071-T1        -            429   2.1e-40  134.6   3.4   1   2   3.8e-36   2.4e-34  114.7   0.0     1   231   106   354   106   358 0.83 -
GH5_9                -            303 FUN_004071-T1        -            429   2.1e-40  134.6   3.4   2   2   1.7e-07   1.1e-05   20.6   1.4   268   302   355   391   353   392 0.91 -
GH5                  -            275 FUN_004071-T1        -            429   6.3e-32  106.6   3.2   1   1   1.4e-33   9.1e-32  106.1   3.2    24   251   102   408    86   420 0.71 -
GH5_50               -            283 FUN_004071-T1        -            429   1.9e-29   98.3   2.0   1   1   1.7e-30   1.1e-28   95.8   2.0     2   281   105   392   104   393 0.78 -
GH5_49               -            293 FUN_004071-T1        -            429   5.8e-24   80.2   0.4   1   1   1.7e-25   1.1e-23   79.3   0.4     1   290   103   394   103   396 0.77 -
GH5_14               -            277 FUN_004071-T1        -            429   1.4e-22   75.8   0.9   1   1   3.6e-24   2.3e-22   75.1   0.9     4   275   105   398   102   400 0.82 -
GH5_46               -            257 FUN_004071-T1        -            429   6.1e-20   67.1   0.9   1   1     4e-21   2.5e-19   65.1   0.9     5   165   102   272    98   392 0.75 -
GH5_22               -            286 FUN_004071-T1        -            429   1.3e-19   66.3   0.1   1   1     3e-21   1.9e-19   65.8   0.1     4   284    88   390    86   391 0.78 -
GH5_47               -            220 FUN_004071-T1        -            429   2.9e-18   61.7   0.3   1   1   7.6e-20   4.8e-18   60.9   0.3    16   141   105   237    88   243 0.83 -
GH5_23               -            280 FUN_004071-T1        -            429   3.5e-17   58.0   0.2   1   1   7.9e-19     5e-17   57.5   0.2     1   274   108   394   108   397 0.75 -
GH5_54               -            263 FUN_004071-T1        -            429   5.8e-17   57.5   0.1   1   1   1.7e-18   1.1e-16   56.6   0.1    10   142    99   239    87   253 0.80 -
#
# Program:         hmmscan
# Version:         3.4 (Aug 2023)
# Pipeline mode:   SCAN
# Query file:      /home/zack/Desktop/IsariaPreferralGenome/MyGenomeSubmittedToNCBI/HypocrealesProteinSets/GENOMES/Epichloefestucae_ROSECITY/FunannotatePredict/annotate_misc/split_prots/chunk_7.fa
# Target file:     /home/zack/funannotate_db/dbCAN.hmm
# Option settings: hmmscan --domtblout /home/zack/Desktop/IsariaPreferralGenome/MyGenomeSubmittedToNCBI/HypocrealesProteinSets/GENOMES/Epichloefestucae_ROSECITY/FunannotatePredict/annotate_misc/split_prots/chunk_7.dbcan.txt -E 1e-15 --cpu 1 /home/zack/funannotate_db/dbCAN.hmm /home/zack/Desktop/IsariaPreferralGenome/MyGenomeSubmittedToNCBI/HypocrealesProteinSets/GENOMES/Epichloefestucae_ROSECITY/FunannotatePredict/annotate_misc/split_prots/chunk_7.fa 
# Current dir:     /home/zack
# Date:            Sun Mar  3 14:04:00 2024
# [ok]
