#                                                                            --- full sequence --- -------------- this domain -------------   hmm coord   ali coord   env coord
# target name        accession   tlen query name           accession   qlen   E-value  score  bias   #  of  c-Evalue  i-Evalue  score  bias  from    to  from    to  from    to  acc description of target
#------------------- ---------- ----- -------------------- ---------- ----- --------- ------ ----- --- --- --------- --------- ------ ----- ----- ----- ----- ----- ----- ----- ---- ---------------------
GH18                 -            296 FUN_000623-T1        -            393   4.8e-84  278.0   7.3   1   1   8.5e-87     6e-84  277.7   7.3     3   283     6   353     4   363 0.91 -
GH72                 -            312 FUN_000640-T1        -            542  1.2e-129  427.4   6.9   1   1  4.5e-132  1.6e-129  427.0   6.9     3   311    20   336    18   337 0.96 -
CBM43                -             83 FUN_000640-T1        -            542   2.5e-17   58.7   5.0   1   1   2.1e-19   7.5e-17   57.2   5.0     2    82   387   472   386   473 0.93 -
GH28                 -            325 FUN_000659-T1        -            446   1.1e-58  194.3  11.7   1   1     2e-61   1.4e-58  194.0  11.7    16   323    82   433    69   435 0.83 -
GH64                 -            367 FUN_000672-T1        -            450   3.3e-93  308.3   0.0   1   1   5.8e-96   4.1e-93  308.0   0.0     4   365    73   444    70   446 0.92 -
GT90                 -            250 FUN_000701-T1        -            675   4.4e-72  238.1   0.1   1   2      0.29     2e+02   -3.2   0.0     2    18   235   251   235   266 0.84 -
GT90                 -            250 FUN_000701-T1        -            675   4.4e-72  238.1   0.1   2   2   1.4e-74   9.8e-72  236.9   0.0     4   248   363   648   360   649 0.91 -
GT15                 -            273 FUN_000730-T1        -            486    1e-106  351.9   0.1   1   1  5.6e-108  3.9e-105  346.7   0.1     1   272   119   405   119   406 0.98 -
GH109                -            399 FUN_000751-T1        -            357   1.5e-21   71.9   0.0   1   2   2.1e-23   1.5e-20   68.6   0.0     5   126     5   120     2   152 0.87 -
GH109                -            399 FUN_000751-T1        -            357   1.5e-21   71.9   0.0   2   2    0.0067       4.7    1.1   0.0   245   296   219   272   202   311 0.71 -
GH162                -            484 FUN_000787-T1        -            534  1.2e-202  669.0   0.0   1   1    2e-205  1.4e-202  668.8   0.0     2   484    42   532    41   532 0.99 -
GH1                  -            429 FUN_000789-T1        -            445  8.7e-141  464.9   0.0   1   1  1.5e-143    1e-140  464.6   0.0     3   389     5   439     3   444 0.92 -
GT61                 -            119 FUN_000877-T1        -            478   6.8e-30   99.1   0.0   1   1   2.2e-32   1.5e-29   97.9   0.0     4   119   288   408   284   408 0.87 -
GH81                 -            622 FUN_000934-T1        -           1126    7e-217  717.5   4.4   1   1  1.2e-219  8.7e-217  717.2   4.4     9   622   422  1100   415  1100 0.97 -
GH115                -            697 FUN_000937-T1        -            959  7.2e-205  677.9   0.0   1   1  3.2e-206  2.3e-203  673.0   0.0    13   697    20   917    15   917 0.87 -
CE9                  -            373 FUN_000963-T1        -            444  1.8e-115  380.9   0.0   1   1  3.1e-118  2.2e-115  380.6   0.0     1   363    20   411    20   417 0.91 -
GH3                  -            216 FUN_000964-T1        -            951   2.4e-49  163.2   0.0   1   2     7e-52   4.9e-49  162.2   0.0     7   215    85   312    79   313 0.91 -
GH3                  -            216 FUN_000964-T1        -            951   2.4e-49  163.2   0.0   2   2      0.46   3.2e+02   -3.9   0.0   122   157   520   549   514   554 0.72 -
GT109                -            411 FUN_000965-T1        -            430  4.8e-150  495.6   0.0   1   1  8.4e-153  5.9e-150  495.3   0.0     8   410    15   427     8   428 0.97 -
GH18                 -            296 FUN_000968-T1        -            249   4.9e-38  127.0   0.6   1   2   1.3e-36   9.1e-34  113.0   0.3    26   157     7   183     2   200 0.89 -
GH18                 -            296 FUN_000968-T1        -            249   4.9e-38  127.0   0.6   2   2   2.6e-06    0.0018   13.5   0.0   231   272   188   228   182   229 0.77 -
GH5_9                -            303 FUN_000981-T1        -            691  4.3e-106  350.3   9.9   1   1  1.2e-107  5.8e-106  349.9   9.9     1   303   325   648   325   648 0.96 -
GH5_45               -            299 FUN_000981-T1        -            691   2.8e-35  117.4  10.9   1   2   2.6e-35   1.3e-33  111.9   1.7     2   242   323   560   322   573 0.84 -
GH5_45               -            299 FUN_000981-T1        -            691   2.8e-35  117.4  10.9   2   2    0.0002    0.0098   10.5   2.1   274   299   624   649   606   649 0.89 -
GH5_14               -            277 FUN_000981-T1        -            691   1.3e-34  115.3  10.6   1   2   9.3e-36   4.6e-34  113.5   0.4     2   232   322   559   321   567 0.85 -
GH5_14               -            277 FUN_000981-T1        -            691   1.3e-34  115.3  10.6   2   2    0.0064      0.32    5.7   4.2   239   276   617   654   611   655 0.84 -
GH5                  -            275 FUN_000981-T1        -            691   4.8e-31  103.7   9.6   1   1   1.6e-32   7.7e-31  103.0   9.6    27   275   324   650   308   650 0.74 -
GH5_44               -            302 FUN_000981-T1        -            691     2e-30  101.4  11.5   1   2   4.8e-23   2.4e-21   71.6   0.1     2   121   326   455   325   468 0.79 -
GH5_44               -            302 FUN_000981-T1        -            691     2e-30  101.4  11.5   2   2   1.7e-09   8.4e-08   27.1   7.8   154   302   466   646   455   646 0.67 -
GH5_50               -            283 FUN_000981-T1        -            691   1.1e-27   92.5   9.6   1   2   5.5e-29   2.8e-27   91.2   0.8     1   226   323   547   323   572 0.75 -
GH5_50               -            283 FUN_000981-T1        -            691   1.1e-27   92.5   9.6   2   2     0.008       0.4    5.4   2.4   236   282   604   649   600   650 0.76 -
GH5_33               -            278 FUN_000981-T1        -            691   2.1e-23   78.4   2.7   1   2   1.2e-17   5.8e-16   54.0   0.1     2    94   323   415   322   430 0.93 -
GH5_33               -            278 FUN_000981-T1        -            691   2.1e-23   78.4   2.7   2   2   1.4e-08   7.2e-07   24.1   0.7   147   272   440   570   425   574 0.78 -
GH5_15               -            300 FUN_000981-T1        -            691   2.2e-23   78.2  16.2   1   2   3.2e-21   1.6e-19   65.5   2.1     5   248   319   564   316   584 0.78 -
GH5_15               -            300 FUN_000981-T1        -            691   2.2e-23   78.2  16.2   2   2   1.1e-06   5.4e-05   17.8   6.6   258   299   616   655   599   656 0.78 -
GH5_54               -            263 FUN_000981-T1        -            691   4.9e-22   74.1   1.5   1   1   1.9e-23   9.6e-22   73.1   1.5     4   209   313   527   310   557 0.83 -
GH5_46               -            257 FUN_000981-T1        -            691   4.6e-21   70.8   0.9   1   1   9.2e-23   4.6e-21   70.8   0.9     9   212   324   526   318   546 0.81 -
GH5_22               -            286 FUN_000981-T1        -            691   1.3e-19   66.3   0.8   1   1   4.4e-21   2.2e-19   65.6   0.8     4   215   311   528   308   565 0.79 -
GH5_49               -            293 FUN_000981-T1        -            691   3.3e-18   61.3   6.8   1   2   1.6e-18   7.9e-17   56.8   0.3     2   220   323   533   322   572 0.81 -
GH5_49               -            293 FUN_000981-T1        -            691   3.3e-18   61.3   6.8   2   2     0.002     0.098    7.2   1.7   243   289   605   649   599   651 0.78 -
GH5_37               -            313 FUN_000981-T1        -            691   1.8e-17   59.1   0.3   1   2      0.15       7.4    1.3   0.0     1    10   279   288   279   299 0.87 -
GH5_37               -            313 FUN_000981-T1        -            691   1.8e-17   59.1   0.3   2   2   5.6e-18   2.8e-16   55.2   0.1    11    86   320   397   309   554 0.80 -
GH5_47               -            220 FUN_000981-T1        -            691   6.1e-16   54.1   1.0   1   1   2.1e-17   1.1e-15   53.3   1.0    16   198   324   513   311   538 0.80 -
GH125                -            402 FUN_000992-T1        -            515    5e-159  524.7   0.1   1   1  8.3e-162  5.8e-159  524.5   0.1     1   402    72   500    72   500 0.97 -
GH18                 -            296 FUN_001116-T1        -           1868   2.1e-69  229.9   2.1   1   2   6.3e-72   4.4e-69  228.9   1.3     3   286   220   567   218   573 0.85 -
GH18                 -            296 FUN_001116-T1        -           1868   2.1e-69  229.9   2.1   2   2      0.14     1e+02   -2.1   0.0   181   203  1168  1190  1147  1239 0.75 -
CBM50                -             40 FUN_001117-T1        -            724     6e-16   54.0   0.1   1   5   0.00083      0.58    6.1   0.0     1    19   231   249   231   259 0.81 -
CBM50                -             40 FUN_001117-T1        -            724     6e-16   54.0   0.1   2   5   5.4e-06    0.0038   13.1   0.0     6    39   286   327   282   328 0.70 -
CBM50                -             40 FUN_001117-T1        -            724     6e-16   54.0   0.1   3   5     0.051        36    0.3   0.0    12    28   496   515   495   529 0.75 -
CBM50                -             40 FUN_001117-T1        -            724     6e-16   54.0   0.1   4   5     1e-05    0.0071   12.2   0.0     1    28   583   615   583   627 0.78 -
CBM50                -             40 FUN_001117-T1        -            724     6e-16   54.0   0.1   5   5   1.7e-06    0.0012   14.6   0.0     2    35   676   716   676   720 0.80 -
AA7                  -            458 FUN_001119-T1        -            163   8.5e-25   83.7   0.1   1   1   1.4e-27   9.8e-25   83.5   0.1   109   174     8    72     4    95 0.96 -
#
# Program:         hmmscan
# Version:         3.4 (Aug 2023)
# Pipeline mode:   SCAN
# Query file:      /home/zack/Desktop/IsariaPreferralGenome/MyGenomeSubmittedToNCBI/HypocrealesProteinSets/GENOMES/Epichloefestucae_ROSECITY/FunannotatePredict/annotate_misc/split_prots/chunk_2.fa
# Target file:     /home/zack/funannotate_db/dbCAN.hmm
# Option settings: hmmscan --domtblout /home/zack/Desktop/IsariaPreferralGenome/MyGenomeSubmittedToNCBI/HypocrealesProteinSets/GENOMES/Epichloefestucae_ROSECITY/FunannotatePredict/annotate_misc/split_prots/chunk_2.dbcan.txt -E 1e-15 --cpu 1 /home/zack/funannotate_db/dbCAN.hmm /home/zack/Desktop/IsariaPreferralGenome/MyGenomeSubmittedToNCBI/HypocrealesProteinSets/GENOMES/Epichloefestucae_ROSECITY/FunannotatePredict/annotate_misc/split_prots/chunk_2.fa 
# Current dir:     /home/zack
# Date:            Sun Mar  3 14:03:57 2024
# [ok]
