#                                                                            --- full sequence --- -------------- this domain -------------   hmm coord   ali coord   env coord
# target name        accession   tlen query name           accession   qlen   E-value  score  bias   #  of  c-Evalue  i-Evalue  score  bias  from    to  from    to  from    to  acc description of target
#------------------- ---------- ----- -------------------- ---------- ----- --------- ------ ----- --- --- --------- --------- ------ ----- ----- ----- ----- ----- ----- ----- ---- ---------------------
GT50                 -            262 FUN_001764-T1        -            418   2.2e-95  314.6  10.4   1   2     0.067        47   -1.2   0.1   166   208    71   113    50   126 0.69 -
GT50                 -            262 FUN_001764-T1        -            418   2.2e-95  314.6  10.4   2   2   3.1e-98   2.2e-95  314.6  10.4     1   262   131   406   131   406 0.97 -
AA3_2                -            568 FUN_001786-T1        -            641   4.4e-98  324.8   0.0   1   1  6.5e-100   1.1e-97  323.4   0.0     2   567    26   638    25   639 0.81 -
AA3                  -            618 FUN_001786-T1        -            641     3e-78  259.1   0.0   1   1   2.1e-80   3.6e-78  258.8   0.0    87   401    24   640    11   641 0.80 -
AA3_1                -            548 FUN_001786-T1        -            641   1.3e-42  141.5   0.0   1   3   9.1e-14   1.6e-11   38.9   0.0    11    63    21    72    15    85 0.84 -
AA3_1                -            548 FUN_001786-T1        -            641   1.3e-42  141.5   0.0   2   3   0.00016     0.027    8.4   0.0   100   142   134   180   114   195 0.86 -
AA3_1                -            548 FUN_001786-T1        -            641   1.3e-42  141.5   0.0   3   3   2.1e-29   3.7e-27   90.5   0.0   190   547   255   639   241   640 0.70 -
AA3_3                -            590 FUN_001786-T1        -            641   4.1e-40  133.1   0.0   1   5   1.3e-05    0.0022   11.8   0.0     4    59    28    81    26   105 0.81 -
AA3_3                -            590 FUN_001786-T1        -            641   4.1e-40  133.1   0.0   2   5   6.8e-05     0.012    9.4   0.0    80   148   129   202   120   217 0.84 -
AA3_3                -            590 FUN_001786-T1        -            641   4.1e-40  133.1   0.0   3   5   4.3e-22   7.5e-20   66.2   0.0   210   312   285   398   262   419 0.82 -
AA3_3                -            590 FUN_001786-T1        -            641   4.1e-40  133.1   0.0   4   5     0.022       3.9    1.1   0.0   395   467   469   548   462   561 0.78 -
AA3_3                -            590 FUN_001786-T1        -            641   4.1e-40  133.1   0.0   5   5   1.8e-13   3.2e-11   37.7   0.0   522   587   570   638   551   640 0.88 -
GH5_5                -            282 FUN_001814-T1        -            393   7.7e-82  270.1   0.0   1   1   7.8e-84   9.1e-82  269.8   0.0     7   281     2   287     1   288 0.94 -
GH5                  -            275 FUN_001814-T1        -            393   9.8e-32  106.0   0.0   1   1   1.1e-33   1.3e-31  105.6   0.0    40   237    38   286    23   295 0.73 -
GH5_25               -            262 FUN_001814-T1        -            393   1.8e-18   62.0   0.0   1   1     2e-19   2.3e-17   58.4   0.0    15   150    39   176    31   267 0.80 -
GH5_4                -            276 FUN_001814-T1        -            393     9e-18   60.3   0.0   1   1   1.1e-19   1.3e-17   59.7   0.0    13   223    34   231    26   284 0.70 -
GH5_8                -            253 FUN_001814-T1        -            393   2.8e-16   55.2   0.0   1   1   3.1e-18   3.6e-16   54.8   0.0    31   244    39   279    29   286 0.73 -
GH5_39               -            293 FUN_001814-T1        -            393   9.6e-16   53.4   0.0   1   2     2e-17   2.3e-15   52.2   0.0    16   155    40   178    31   208 0.90 -
GH5_39               -            293 FUN_001814-T1        -            393   9.6e-16   53.4   0.0   2   2      0.68        79   -2.1   0.0   236   259   225   248   214   254 0.83 -
AA7                  -            458 FUN_001842-T1        -            517   9.7e-48  159.3   9.5   1   2   3.4e-45   2.4e-42  141.5   8.3    14   195    39   231    32   257 0.89 -
AA7                  -            458 FUN_001842-T1        -            517   9.7e-48  159.3   9.5   2   2     2e-07   0.00014   17.0   0.0   415   456   438   480   381   482 0.74 -
GH3                  -            216 FUN_001873-T1        -            876   7.2e-62  204.2   0.0   1   1   1.6e-64   1.1e-61  203.5   0.0     3   215   185   434   183   435 0.95 -
GT1                  -            382 FUN_001882-T1        -           1044   6.1e-53  176.2   4.0   1   3      0.73   5.1e+02   -4.0   0.1   203   215   199   211   174   233 0.56 -
GT1                  -            382 FUN_001882-T1        -           1044   6.1e-53  176.2   4.0   2   3   8.8e-56   6.1e-53  176.2   4.0    78   368   319   638   245   649 0.94 -
GT1                  -            382 FUN_001882-T1        -           1044   6.1e-53  176.2   4.0   3   3      0.42   2.9e+02   -3.2   0.2     9    91   926  1008   921  1015 0.55 -
AA5_2                -            588 FUN_001886-T1        -            674  2.9e-240  794.2  10.9   1   1  1.9e-242  3.3e-240  794.0  10.9     3   587    66   671    64   672 0.98 -
AA5                  -           1281 FUN_001886-T1        -            674  6.4e-156  516.3  19.8   1   1  4.4e-158  7.6e-156  516.0  19.8   521  1023   103   671     4   672 0.88 -
AA5_1                -            563 FUN_001886-T1        -            674   2.4e-29   97.3  10.1   1   2   3.4e-09     6e-07   23.3   1.2    46   171   237   338   220   348 0.84 -
AA5_1                -            563 FUN_001886-T1        -            674   2.4e-29   97.3  10.1   2   2   1.2e-24   2.2e-22   74.3   2.2   284   539   445   670   425   672 0.78 -
CBM32                -            124 FUN_001886-T1        -            674     7e-21   70.4   0.3   1   1   1.1e-22   1.8e-20   69.0   0.3    15   123    64   182    56   183 0.81 -
GT90                 -            250 FUN_001944-T1        -            321   7.9e-71  234.0   5.6   1   1   1.5e-73   1.1e-70  233.6   5.6     3   243    53   315    52   319 0.94 -
GT20                 -            475 FUN_001967-T1        -            948  4.8e-155  512.0   0.2   1   1  9.5e-158  6.7e-155  511.6   0.2    33   475   162   615   138   615 0.94 -
GH92                 -            491 FUN_002005-T1        -            307   1.7e-36  121.5   0.1   1   2   1.2e-24   8.2e-22   73.1   0.0   121   207     4    91     3   107 0.93 -
GH92                 -            491 FUN_002005-T1        -            307   1.7e-36  121.5   0.1   2   2   1.3e-16     9e-14   46.6   0.1   291   395   189   293   161   295 0.84 -
GH15                 -            361 FUN_002037-T1        -            629   1.1e-73  244.0   1.3   1   1   3.8e-76   1.3e-73  243.6   1.3    11   359    96   497    87   499 0.92 -
CBM20                -             90 FUN_002037-T1        -            629   5.6e-25   82.8   0.2   1   1   3.3e-27   1.1e-24   81.8   0.2     3    84   531   615   530   621 0.92 -
GH64                 -            367 FUN_002130-T1        -            375    6e-112  369.9   0.0   1   1  9.5e-115  6.6e-112  369.8   0.0     4   367     5   370     2   370 0.96 -
GH16_23              -            192 FUN_002132-T1        -            352   1.9e-80  264.2   0.0   1   1   1.5e-82   2.7e-80  263.7   0.0    10   192    77   260    70   260 0.97 -
GH16                 -            189 FUN_002132-T1        -            352   6.1e-23   77.8   0.7   1   2   7.3e-25   1.3e-22   76.7   0.1     6   189    22   260    14   260 0.65 -
GH16                 -            189 FUN_002132-T1        -            352   6.1e-23   77.8   0.7   2   2      0.49        86   -1.0   0.1    11    50   270   310   261   332 0.58 -
GH16_21              -            206 FUN_002132-T1        -            352   3.1e-22   74.4   0.0   1   1   8.1e-24   1.4e-21   72.3   0.0    36   183    80   237    15   253 0.79 -
GH16_22              -            216 FUN_002132-T1        -            352   1.5e-16   55.9   0.0   1   1   1.6e-18   2.8e-16   55.0   0.0    57   204    97   248    31   254 0.74 -
GT41                 -            705 FUN_002173-T1        -           1568  1.9e-158  524.5   0.7   1   4   1.6e-09   1.1e-06   22.8   0.0   135   231   465   557   399   580 0.82 -
GT41                 -            705 FUN_002173-T1        -           1568  1.9e-158  524.5   0.7   2   4   9.3e-15   6.5e-12   40.1   0.1   115   191   808   896   723   910 0.78 -
GT41                 -            705 FUN_002173-T1        -           1568  1.9e-158  524.5   0.7   3   4     2e-97   1.4e-94  313.4   0.0   482   681  1043  1245  1029  1292 0.90 -
GT41                 -            705 FUN_002173-T1        -           1568  1.9e-158  524.5   0.7   4   4   2.3e-44   1.6e-41  138.0   0.1   334   520  1344  1558  1254  1565 0.91 -
GT8                  -            257 FUN_002200-T1        -            727   1.1e-41  138.7   0.1   1   1   2.4e-44   1.6e-41  138.0   0.1    27   253     9   224     2   227 0.88 -
GH29                 -            346 FUN_002217-T1        -            268   3.1e-25   84.4   0.2   1   1   5.9e-28   4.1e-25   84.0   0.2    73   239    59   246    37   261 0.78 -
GT59                 -            404 FUN_002323-T1        -            622  4.9e-102  337.6   9.3   1   2     1e-65   7.3e-63  208.6   1.7     2   184    59   257    58   278 0.91 -
GT59                 -            404 FUN_002323-T1        -            622  4.9e-102  337.6   9.3   2   2     7e-43   4.9e-40  133.4   1.1   284   404   342   539   329   539 0.90 -
#
# Program:         hmmscan
# Version:         3.4 (Aug 2023)
# Pipeline mode:   SCAN
# Query file:      /home/zack/Desktop/IsariaPreferralGenome/MyGenomeSubmittedToNCBI/HypocrealesProteinSets/GENOMES/Epichloefestucae_ROSECITY/FunannotatePredict/annotate_misc/split_prots/chunk_4.fa
# Target file:     /home/zack/funannotate_db/dbCAN.hmm
# Option settings: hmmscan --domtblout /home/zack/Desktop/IsariaPreferralGenome/MyGenomeSubmittedToNCBI/HypocrealesProteinSets/GENOMES/Epichloefestucae_ROSECITY/FunannotatePredict/annotate_misc/split_prots/chunk_4.dbcan.txt -E 1e-15 --cpu 1 /home/zack/funannotate_db/dbCAN.hmm /home/zack/Desktop/IsariaPreferralGenome/MyGenomeSubmittedToNCBI/HypocrealesProteinSets/GENOMES/Epichloefestucae_ROSECITY/FunannotatePredict/annotate_misc/split_prots/chunk_4.fa 
# Current dir:     /home/zack
# Date:            Sun Mar  3 14:03:57 2024
# [ok]
