#                                                                            --- full sequence --- -------------- this domain -------------   hmm coord   ali coord   env coord
# target name        accession   tlen query name           accession   qlen   E-value  score  bias   #  of  c-Evalue  i-Evalue  score  bias  from    to  from    to  from    to  acc description of target
#------------------- ---------- ----- -------------------- ---------- ----- --------- ------ ----- --- --- --------- --------- ------ ----- ----- ----- ----- ----- ----- ----- ---- ---------------------
GT22                 -            389 FUN_005847-T1        -            615  5.2e-107  353.8  31.9   1   1  8.9e-110  6.2e-107  353.5  31.9     5   388    22   482    18   483 0.91 -
GT41                 -            705 FUN_005910-T1        -            833   4.3e-22   73.8   8.5   1   4   2.6e-05     0.018    8.9   0.0   122   169   121   168    76   258 0.58 -
GT41                 -            705 FUN_005910-T1        -            833   4.3e-22   73.8   8.5   2   4   2.2e-12   1.5e-09   32.3   1.3    67   191   522   670   487   673 0.70 -
GT41                 -            705 FUN_005910-T1        -            833   4.3e-22   73.8   8.5   3   4   1.2e-10   8.3e-08   26.6   0.6   121   191   667   738   666   740 0.95 -
GT41                 -            705 FUN_005910-T1        -            833   4.3e-22   73.8   8.5   4   4   1.3e-05    0.0094    9.9   0.2    80   160   739   809   736   821 0.77 -
GT32                 -             90 FUN_005970-T1        -            306   3.5e-22   74.1   0.2   1   1   8.3e-25   5.8e-22   73.4   0.2     3    89    54   137    52   138 0.95 -
GH72                 -            312 FUN_005980-T1        -            506  3.7e-117  386.4   2.4   1   1  1.3e-119  4.7e-117  386.1   2.4    26   310     1   289     1   291 0.98 -
CBM43                -             83 FUN_005980-T1        -            506   6.1e-18   60.7   5.3   1   1   3.9e-20   1.4e-17   59.6   5.3     1    82   340   425   340   426 0.96 -
GH20                 -            337 FUN_005998-T1        -            636   6.8e-93  307.1   0.9   1   1   1.5e-95   1.1e-92  306.5   0.9     6   336   202   579   197   580 0.90 -
AA2                  -            255 FUN_006003-T1        -            738   5.6e-40  132.8   1.0   1   4   4.6e-15   3.2e-12   41.9   0.0    17   114    80   178    65   183 0.86 -
AA2                  -            255 FUN_006003-T1        -            738   5.6e-40  132.8   1.0   2   4   6.7e-08   4.7e-05   18.4   0.0   121   165   231   275   222   285 0.85 -
AA2                  -            255 FUN_006003-T1        -            738   5.6e-40  132.8   1.0   3   4   2.2e-07   0.00015   16.7   0.0   168   251   312   409   301   412 0.86 -
AA2                  -            255 FUN_006003-T1        -            738   5.6e-40  132.8   1.0   4   4   1.3e-17   9.2e-15   50.2   0.0    21   253   460   722   446   724 0.74 -
GT32                 -             90 FUN_006006-T1        -            293   5.2e-21   70.4   0.2   1   3      0.15   1.1e+02   -1.1   0.0    24    46    41    61    34    83 0.53 -
GT32                 -             90 FUN_006006-T1        -            293   5.2e-21   70.4   0.2   2   3   1.1e-22   7.9e-20   66.6   0.0     2    86   106   185   105   188 0.94 -
GT32                 -             90 FUN_006006-T1        -            293   5.2e-21   70.4   0.2   3   3      0.07        49   -0.0   0.0    51    67   209   225   200   227 0.83 -
GH16_3               -            230 FUN_006008-T1        -            311   2.6e-41  137.4   0.0   1   1   1.4e-43   3.3e-41  137.0   0.0     5   214    57   270    53   281 0.88 -
GH16                 -            189 FUN_006008-T1        -            311   1.6e-29   99.2   1.0   1   1   9.1e-32   2.1e-29   98.8   1.0     8   182    61   278    52   301 0.77 -
GH16_5               -            238 FUN_006008-T1        -            311   9.3e-22   72.7   0.0   1   1   5.5e-24   1.3e-21   72.2   0.0    49   221    88   269    60   282 0.79 -
CE4                  -            130 FUN_006011-T1        -            256   1.6e-32  107.8   0.0   1   1   4.4e-35   3.1e-32  106.9   0.0    10   125    39   164    33   168 0.90 -
GH33                 -            342 FUN_006023-T1        -            522   1.3e-30  102.3   2.2   1   1     3e-33   2.1e-30  101.6   2.2    15   297    79   391    58   416 0.79 -
GT2_Chitin_synth_2   PF03142.14   527 FUN_006140-T1        -            618   8.1e-29   96.0   4.5   1   2   2.4e-05     0.017    9.2   0.0    19    56   113   150    95   160 0.79 Chitin synthase
GT2_Chitin_synth_2   PF03142.14   527 FUN_006140-T1        -            618   8.1e-29   96.0   4.5   2   2   9.4e-29   6.6e-26   86.4   2.4   182   500   211   520   205   537 0.79 Chitin synthase
GH17                 -            311 FUN_006214-T1        -            714   1.9e-32  108.2   5.3   1   1   1.3e-34   8.9e-32  106.0   5.3    10   306   432   701   425   705 0.79 -
GH47                 -            446 FUN_006249-T1        -            520  2.1e-132  437.7   0.0   1   1  3.5e-135  2.4e-132  437.5   0.0     2   446    48   518    47   518 0.95 -
AA3_2                -            568 FUN_006264-T1        -            619  1.1e-186  617.3   0.1   1   1  7.1e-189  1.2e-186  617.1   0.1     2   568    18   606    17   606 0.94 -
AA3                  -            618 FUN_006264-T1        -            619     1e-91  303.6   0.2   1   1   7.5e-94   1.3e-91  303.2   0.2    86   404    15   610     8   615 0.84 -
AA3_3                -            590 FUN_006264-T1        -            619     2e-87  289.3   0.6   1   2   8.7e-66   1.5e-63  210.5   0.1     3   429    19   465    17   501 0.80 -
AA3_3                -            590 FUN_006264-T1        -            619     2e-87  289.3   0.6   2   2   3.7e-25   6.4e-23   76.3   0.1   508   589   524   607   514   608 0.96 -
AA3_1                -            548 FUN_006264-T1        -            619   6.5e-48  159.0   0.2   1   3   2.8e-17     5e-15   50.4   0.3    14   134    16   135     6   148 0.75 -
AA3_1                -            548 FUN_006264-T1        -            619   6.5e-48  159.0   0.2   2   3   3.1e-19   5.4e-17   56.9   0.0   207   361   226   373   219   405 0.83 -
AA3_1                -            548 FUN_006264-T1        -            619   6.5e-48  159.0   0.2   3   3   2.3e-16     4e-14   47.5   0.0   383   546   432   605   415   606 0.77 -
GH13_1               -            306 FUN_006281-T1        -            462  1.7e-107  354.4   0.0   1   1  8.3e-109  2.1e-107  354.2   0.0     1   306    57   349    57   349 0.97 -
GH13                 -            299 FUN_006281-T1        -            462     8e-58  192.4   1.8   1   1   4.4e-59   1.1e-57  192.0   1.8    13   297    58   349    54   351 0.81 -
GH13_2               -            310 FUN_006281-T1        -            462   2.3e-51  170.5   0.1   1   1   1.1e-51   2.7e-50  167.0   0.1     1   308    57   339    57   341 0.88 -
GH13_41              -            294 FUN_006281-T1        -            462   4.9e-45  149.6   0.0   1   1   2.5e-46   6.3e-45  149.2   0.0     1   292    58   343    58   345 0.84 -
GH13_20              -            300 FUN_006281-T1        -            462   1.7e-43  144.5   0.0   1   1   1.5e-44   3.7e-43  143.4   0.0     1   300    58   347    58   347 0.89 -
GH13_36              -            314 FUN_006281-T1        -            462   2.7e-37  124.2   0.0   1   2   6.6e-22   1.6e-20   69.1   0.0     1    77    58   140    58   143 0.91 -
GH13_36              -            314 FUN_006281-T1        -            462   2.7e-37  124.2   0.0   2   2   5.3e-17   1.3e-15   53.0   0.0   131   313   176   343   149   344 0.81 -
GH13_19              -            360 FUN_006281-T1        -            462   7.9e-34  112.7   6.9   1   2   1.2e-21     3e-20   68.0   0.2     1   102    58   148    58   169 0.85 -
GH13_19              -            360 FUN_006281-T1        -            462   7.9e-34  112.7   6.9   2   2   1.2e-12     3e-11   38.4   2.3   195   359   187   338   164   339 0.74 -
GH13_12              -            284 FUN_006281-T1        -            462   8.9e-34  112.8   0.0   1   1     3e-34   7.6e-33  109.8   0.0     1   282    58   340    58   342 0.80 -
GH13_14              -            289 FUN_006281-T1        -            462   9.5e-32  105.8   0.1   1   1   1.1e-32   2.7e-31  104.4   0.1     1   289    67   338    67   338 0.81 -
GH13_13              -            361 FUN_006281-T1        -            462   1.5e-30  101.9   0.3   1   3    0.0083      0.21    6.0   0.0     1    22    66    87    66    88 0.92 -
GH13_13              -            361 FUN_006281-T1        -            462   1.5e-30  101.9   0.3   2   3   4.5e-24   1.1e-22   75.9   0.1    54   226    85   252    84   267 0.80 -
GH13_13              -            361 FUN_006281-T1        -            462   1.5e-30  101.9   0.3   3   3   1.4e-06   3.4e-05   18.4   0.0   285   361   273   339   264   339 0.78 -
GH13_21              -            308 FUN_006281-T1        -            462   1.3e-29   99.0   0.3   1   1   1.6e-29     4e-28   94.1   0.3     1   306    58   343    58   345 0.84 -
GH13_42              -            421 FUN_006281-T1        -            462   2.8e-29   97.8   3.8   1   3     8e-21     2e-19   65.3   0.4     2    81    58   139    57   148 0.91 -
GH13_42              -            421 FUN_006281-T1        -            462   2.8e-29   97.8   3.8   2   3   1.2e-08   3.1e-07   25.2   0.0   164   244   153   234   141   259 0.78 -
GH13_42              -            421 FUN_006281-T1        -            462   2.8e-29   97.8   3.8   3   3    0.0037     0.092    7.2   0.0   362   415   289   338   261   342 0.69 -
GH13_6               -            289 FUN_006281-T1        -            462   2.9e-29   97.9   0.4   1   1   2.3e-28   5.7e-27   90.3   0.4     2   289    68   334    67   334 0.81 -
GH13_39              -            316 FUN_006281-T1        -            462   5.5e-28   93.6   0.0   1   1   3.4e-29   8.5e-28   93.0   0.0     1   315    58   347    58   348 0.86 -
GH13_5               -            342 FUN_006281-T1        -            462   3.3e-27   90.9   0.6   1   2   2.5e-08   6.3e-07   24.2   0.2     2    77    70   139    69   149 0.86 -
GH13_5               -            342 FUN_006281-T1        -            462   3.3e-27   90.9   0.6   2   2   9.4e-21   2.4e-19   65.1   0.0   168   341   180   340   152   341 0.86 -
GH13_31              -            349 FUN_006281-T1        -            462     2e-26   88.6   0.2   1   3   3.9e-17   9.8e-16   53.4   0.1     1    77    58   139    58   142 0.89 -
GH13_31              -            349 FUN_006281-T1        -            462     2e-26   88.6   0.2   2   3   5.3e-05    0.0013   13.6   0.0   135   186   176   227   146   250 0.77 -
GH13_31              -            349 FUN_006281-T1        -            462     2e-26   88.6   0.2   3   3   2.1e-06   5.2e-05   18.2   0.0   275   345   275   340   263   343 0.78 -
GH13_10              -            313 FUN_006281-T1        -            462   8.5e-26   86.4   0.3   1   2     3e-25   7.6e-24   80.0   0.2     5   147    58   222    56   230 0.76 -
GH13_10              -            313 FUN_006281-T1        -            462   8.5e-26   86.4   0.3   2   2     0.048       1.2    3.8   0.0   259   312   292   339   243   340 0.77 -
GH13_32              -            269 FUN_006281-T1        -            462   1.6e-25   85.5   0.2   1   1     2e-26   4.9e-25   83.9   0.2     1   247    74   311    74   329 0.84 -
GH13_23              -            344 FUN_006281-T1        -            462   2.9e-25   84.9   0.1   1   3   7.2e-17   1.8e-15   52.7   0.1     1    77    58   139    58   142 0.89 -
GH13_23              -            344 FUN_006281-T1        -            462   2.9e-25   84.9   0.1   2   3     0.017      0.43    5.5   0.1   139   181   179   222   167   230 0.83 -
GH13_23              -            344 FUN_006281-T1        -            462   2.9e-25   84.9   0.1   3   3   7.7e-08   1.9e-06   23.1   0.0   232   340   232   341   226   344 0.87 -
GH13_7               -            289 FUN_006281-T1        -            462   1.8e-24   81.9   0.9   1   1     6e-24   1.5e-22   75.6   0.9     2   286    67   335    66   337 0.77 -
GH13_37              -            320 FUN_006281-T1        -            462   6.2e-23   76.6   0.7   1   2   4.8e-21   1.2e-19   65.8   0.1     9   169    58   230    54   240 0.75 -
GH13_37              -            320 FUN_006281-T1        -            462   6.2e-23   76.6   0.7   2   2    0.0012      0.03    8.6   0.0   260   320   291   340   248   340 0.72 -
GH13_28              -            266 FUN_006281-T1        -            462   2.5e-22   74.8   0.0   1   1   1.6e-23   4.1e-22   74.1   0.0     1   214    58   255    58   305 0.84 -
GH13_29              -            344 FUN_006281-T1        -            462   5.1e-22   73.9   0.2   1   3   5.1e-18   1.3e-16   56.1   0.0     2    78    58   139    57   143 0.89 -
GH13_29              -            344 FUN_006281-T1        -            462   5.1e-22   73.9   0.2   2   3     0.011      0.27    5.7   0.0   110   181   151   223   145   256 0.76 -
GH13_29              -            344 FUN_006281-T1        -            462   5.1e-22   73.9   0.2   3   3    0.0014     0.036    8.6   0.0   287   341   292   341   267   344 0.77 -
GH13_16              -            353 FUN_006281-T1        -            462     4e-19   64.3   2.1   1   3     2e-17     5e-16   54.1   0.0     1    77    58   139    58   142 0.90 -
GH13_16              -            353 FUN_006281-T1        -            462     4e-19   64.3   2.1   2   3     0.029      0.71    4.3   0.1   141   178   181   219   174   224 0.77 -
GH13_16              -            353 FUN_006281-T1        -            462     4e-19   64.3   2.1   3   3     0.037      0.92    3.9   0.1   320   350   308   340   301   344 0.66 -
GH13_40              -            359 FUN_006281-T1        -            462   9.4e-19   63.0   0.3   1   3   8.2e-16     2e-14   48.7   0.0     1    77    58   139    58   143 0.89 -
GH13_40              -            359 FUN_006281-T1        -            462   9.4e-19   63.0   0.3   2   3    0.0025     0.063    7.6   0.0   142   186   178   222   146   251 0.79 -
GH13_40              -            359 FUN_006281-T1        -            462   9.4e-19   63.0   0.3   3   3     0.053       1.3    3.3   0.0   305   353   296   338   267   344 0.66 -
GH13_30              -            365 FUN_006281-T1        -            462   4.3e-18   61.0   1.4   1   2   5.5e-17   1.4e-15   52.7   0.1     1    77    58   139    58   142 0.89 -
GH13_30              -            365 FUN_006281-T1        -            462   4.3e-18   61.0   1.4   2   2    0.0041       0.1    7.1   0.1   145   188   178   222   168   237 0.87 -
GH13_17              -            350 FUN_006281-T1        -            462     6e-18   60.5   0.2   1   3   1.4e-13   3.5e-12   41.5   0.0     1    77    58   139    58   143 0.88 -
GH13_17              -            350 FUN_006281-T1        -            462     6e-18   60.5   0.2   2   3    0.0041       0.1    7.1   0.1   140   184   177   221   146   235 0.79 -
GH13_17              -            350 FUN_006281-T1        -            462     6e-18   60.5   0.2   3   3    0.0016     0.041    8.4   0.0   264   346   257   340   238   343 0.81 -
GH13_9               -            301 FUN_006281-T1        -            462   5.1e-16   54.1   0.1   1   2   6.6e-17   1.7e-15   52.5   0.1     1   136    68   218    68   224 0.74 -
GH13_9               -            301 FUN_006281-T1        -            462   5.1e-16   54.1   0.1   2   2         6   1.5e+02   -3.2   0.0   272   299   312   339   309   340 0.83 -
GH43_1               -            310 FUN_006294-T1        -            112   3.7e-25   84.1   0.3   1   2   5.4e-08   3.7e-05   18.3   0.1     2    19     4    21     3    23 0.93 -
GH43_1               -            310 FUN_006294-T1        -            112   3.7e-25   84.1   0.3   2   2     4e-22   2.8e-19   64.7   0.0   111   187    23   105    21   112 0.82 -
GT39                 -            223 FUN_006311-T1        -            933   2.6e-71  235.2  18.0   1   2   3.7e-74   2.6e-71  235.2  18.0     2   223    52   297    51   297 0.95 -
GT39                 -            223 FUN_006311-T1        -            933   2.6e-71  235.2  18.0   2   2      0.34   2.4e+02   -3.5   0.8    85   109   663   691   648   725 0.53 -
GT1                  -            382 FUN_006315-T1        -            497   2.1e-18   62.9   3.5   1   2     0.024        17    0.9   0.1    28   141    55   168    47   197 0.55 -
GT1                  -            382 FUN_006315-T1        -            497   2.1e-18   62.9   3.5   2   2   1.4e-20     1e-17   60.7   0.6   282   370   372   471   187   481 0.78 -
GT20                 -            475 FUN_006350-T1        -            516  5.2e-204  673.5   0.0   1   1  8.8e-207  6.2e-204  673.2   0.0    10   475    14   481     5   481 0.97 -
#
# Program:         hmmscan
# Version:         3.4 (Aug 2023)
# Pipeline mode:   SCAN
# Query file:      /home/zack/Desktop/IsariaPreferralGenome/MyGenomeSubmittedToNCBI/HypocrealesProteinSets/GENOMES/Epichloefestucae_ROSECITY/FunannotatePredict/annotate_misc/split_prots/chunk_11.fa
# Target file:     /home/zack/funannotate_db/dbCAN.hmm
# Option settings: hmmscan --domtblout /home/zack/Desktop/IsariaPreferralGenome/MyGenomeSubmittedToNCBI/HypocrealesProteinSets/GENOMES/Epichloefestucae_ROSECITY/FunannotatePredict/annotate_misc/split_prots/chunk_11.dbcan.txt -E 1e-15 --cpu 1 /home/zack/funannotate_db/dbCAN.hmm /home/zack/Desktop/IsariaPreferralGenome/MyGenomeSubmittedToNCBI/HypocrealesProteinSets/GENOMES/Epichloefestucae_ROSECITY/FunannotatePredict/annotate_misc/split_prots/chunk_11.fa 
# Current dir:     /home/zack
# Date:            Sun Mar  3 14:03:59 2024
# [ok]
