#                                                                            --- full sequence --- -------------- this domain -------------   hmm coord   ali coord   env coord
# target name        accession   tlen query name           accession   qlen   E-value  score  bias   #  of  c-Evalue  i-Evalue  score  bias  from    to  from    to  from    to  acc description of target
#------------------- ---------- ----- -------------------- ---------- ----- --------- ------ ----- --- --- --------- --------- ------ ----- ----- ----- ----- ----- ----- ----- ---- ---------------------
GH16_1               -            229 FUN_006425-T1        -            670   6.1e-61  201.0   0.7   1   3   1.7e-63   6.1e-61  201.0   0.7     4   228    65   302    62   303 0.92 -
GH16_1               -            229 FUN_006425-T1        -            670   6.1e-61  201.0   0.7   2   3      0.45   1.6e+02   -3.2   1.2   120   120   370   370   328   438 0.50 -
GH16_1               -            229 FUN_006425-T1        -            670   6.1e-61  201.0   0.7   3   3      0.13        45   -1.4   0.4    86   101   469   484   443   529 0.59 -
GH16                 -            189 FUN_006425-T1        -            670   2.5e-19   66.0   0.2   1   2   7.2e-22   2.5e-19   66.0   0.2    18   188    37   304    16   321 0.67 -
GH16                 -            189 FUN_006425-T1        -            670   2.5e-19   66.0   0.2   2   2      0.57     2e+02   -2.2   1.3    76    76   392   392   311   482 0.55 -
AA11                 -            191 FUN_006562-T1        -            383   1.5e-66  219.4   1.9   1   1   3.5e-69   2.4e-66  218.7   1.9     1   188    21   216    21   219 0.90 -
AA2                  -            255 FUN_006573-T1        -            374   3.2e-57  189.3   0.0   1   1   5.9e-60   4.1e-57  188.9   0.0     5   254    93   353    89   354 0.93 -
GT66                 -            693 FUN_006590-T1        -            750  9.8e-192  634.3  33.9   1   1  1.8e-194  1.2e-191  633.9  33.9    10   597    22   668    18   717 0.95 -
AA8                  -            182 FUN_006703-T1        -            424   4.4e-17   57.8   2.3   1   1   1.1e-19   7.4e-17   57.0   2.3    21   176    35   179    15   184 0.86 -
GH55                 -            740 FUN_006781-T1        -            990  1.8e-265  878.2  10.0   1   1  3.7e-268  2.6e-265  877.7  10.0     8   739   222   973   215   974 0.95 -
GH76                 -            358 FUN_006784-T1        -            463  1.2e-106  352.4  13.8   1   1  2.2e-109  1.6e-106  352.1  13.8    12   356    30   406    23   408 0.95 -
AA11                 -            191 FUN_006810-T1        -            431   1.7e-75  248.6   2.5   1   1   4.2e-78     3e-75  247.8   2.5     1   187    18   213    18   217 0.95 -
GH43_34              -            280 FUN_006813-T1        -            511   2.7e-97  321.1   3.1   1   1   1.3e-98   3.3e-97  320.8   3.1     1   280    50   332    50   332 0.97 -
GH43_29              -            278 FUN_006813-T1        -            511   3.3e-60  199.1   2.6   1   1   1.8e-61   4.5e-60  198.6   2.6     3   278    52   333    50   333 0.89 -
GH43                 -            248 FUN_006813-T1        -            511   1.5e-56  187.5   8.2   1   1   6.2e-58   1.5e-56  187.5   8.2     3   247    50   333    48   334 0.85 -
GH43_3               -            299 FUN_006813-T1        -            511   3.4e-55  182.7   3.1   1   1   2.1e-56   5.3e-55  182.1   3.1     3   296    50   329    49   332 0.91 -
GH43_33              -            315 FUN_006813-T1        -            511   1.5e-47  157.5   6.2   1   2     2e-28     5e-27   90.1   2.4    12   143    65   200    52   213 0.88 -
GH43_33              -            315 FUN_006813-T1        -            511   1.5e-47  157.5   6.2   2   2   5.1e-22   1.3e-20   69.0   0.1   209   315   227   331   215   331 0.93 -
GH43_16              -            311 FUN_006813-T1        -            511   7.9e-45  148.7   5.6   1   2   3.2e-46   7.9e-45  148.7   5.6     2   311    50   333    49   333 0.86 -
GH43_16              -            311 FUN_006813-T1        -            511   7.9e-45  148.7   5.6   2   2       8.3   2.1e+02   -3.8   0.2   101   123   420   442   413   449 0.85 -
GH43_2               -            273 FUN_006813-T1        -            511   1.2e-42  141.7   2.2   1   1   6.3e-44   1.6e-42  141.3   2.2     2   273    58   332    57   332 0.83 -
GH43_32              -            267 FUN_006813-T1        -            511     1e-40  135.3   1.5   1   1   7.5e-42   1.9e-40  134.4   1.5     6   266    72   330    67   331 0.87 -
GH43_31              -            268 FUN_006813-T1        -            511   1.8e-38  127.8   1.6   1   1   1.2e-39     3e-38  127.1   1.6     3   268    57   327    56   327 0.88 -
GH43_30              -            265 FUN_006813-T1        -            511   8.6e-37  122.4   1.2   1   1   5.7e-38   1.4e-36  121.7   1.2     3   253    58   307    57   323 0.84 -
GH43_19              -            233 FUN_006813-T1        -            511   1.1e-35  119.1   0.4   1   1   6.7e-36   1.7e-34  115.2   0.4     2   219    55   329    54   342 0.87 -
CBM66                -            155 FUN_006813-T1        -            511   7.5e-34  112.7   3.7   1   1   5.8e-35   1.4e-33  111.8   3.7     2   155   348   505   347   505 0.96 -
GH43_9               -            272 FUN_006813-T1        -            511   5.8e-32  106.5   2.2   1   1     3e-33   7.4e-32  106.2   2.2     2   271    50   332    49   333 0.81 -
GH43_1               -            310 FUN_006813-T1        -            511   3.9e-30  100.4   8.9   1   2   8.7e-21   2.2e-19   65.1   5.5     7   150    56   197    51   208 0.77 -
GH43_1               -            310 FUN_006813-T1        -            511   3.9e-30  100.4   8.9   2   2   8.2e-12     2e-10   35.6   0.1   179   310   200   333   195   333 0.76 -
GH43_10              -            271 FUN_006813-T1        -            511   2.5e-29   98.3   1.7   1   1   1.5e-30   3.7e-29   97.7   1.7     2   250    50   305    49   327 0.84 -
GH43_8               -            281 FUN_006813-T1        -            511   1.8e-28   95.0   1.2   1   1     1e-29   2.5e-28   94.6   1.2     2   255    51   306    50   323 0.83 -
GH43_26              -            294 FUN_006813-T1        -            511   9.1e-27   89.6   0.6   1   1   5.6e-28   1.4e-26   89.0   0.6     3   293    50   332    49   333 0.80 -
GH43_24              -            246 FUN_006813-T1        -            511   3.3e-25   84.5   0.4   1   1   2.2e-26   5.6e-25   83.8   0.4     6   238    67   302    62   307 0.83 -
GH43_12              -            281 FUN_006813-T1        -            511     5e-24   80.7   0.2   1   1   2.7e-25   6.8e-24   80.3   0.2     2   257    50   310    49   331 0.83 -
GH43_22              -            209 FUN_006813-T1        -            511   5.5e-24   80.6   0.0   1   1     6e-25   1.5e-23   79.1   0.0    15   208    66   307    55   308 0.83 -
GH43_11              -            292 FUN_006813-T1        -            511   2.1e-20   68.6   0.7   1   1   1.3e-21   3.3e-20   67.9   0.7     3   268    50   310    48   333 0.78 -
GH43_37              -            242 FUN_006813-T1        -            511   7.2e-19   63.8   0.1   1   1   7.2e-20   1.8e-18   62.5   0.1    15   234    68   285    63   295 0.73 -
GH43_5               -            287 FUN_006813-T1        -            511   1.9e-18   62.4   5.7   1   2   7.5e-20   1.9e-18   62.4   5.7     3   285    59   331    57   332 0.81 -
GH43_5               -            287 FUN_006813-T1        -            511   1.9e-18   62.4   5.7   2   2       3.8        96   -2.3   0.0   119   149   465   495   458   503 0.72 -
GH43_17              -            266 FUN_006813-T1        -            511   1.9e-18   62.0   0.3   1   1   2.4e-19   5.9e-18   60.4   0.3    15   262    67   306    57   309 0.81 -
GH43_4               -            310 FUN_006813-T1        -            511   1.1e-17   60.0   7.7   1   2   3.1e-18   7.7e-17   57.2   4.2    10   229    65   271    58   279 0.84 -
GH43_4               -            310 FUN_006813-T1        -            511   1.1e-17   60.0   7.7   2   2     0.059       1.5    3.7   0.1   261   287   280   307   273   331 0.77 -
GH43_18              -            229 FUN_006813-T1        -            511   5.2e-17   57.8   0.2   1   1   3.6e-18   8.9e-17   57.0   0.2    11   228    63   291    54   292 0.85 -
GH43_35              -            294 FUN_006813-T1        -            511   9.5e-17   56.9   2.1   1   1   5.7e-18   1.4e-16   56.3   2.1    27   281    76   311    50   318 0.72 -
GH43_28              -            262 FUN_006813-T1        -            511   1.3e-16   56.3  16.9   1   2   1.9e-06   4.7e-05   18.4  10.3     2   124    58   208    57   222 0.70 -
GH43_28              -            262 FUN_006813-T1        -            511   1.3e-16   56.3  16.9   2   2     2e-12   4.9e-11   38.0   0.5   148   261   216   330   197   331 0.75 -
GT32                 -             90 FUN_006818-T1        -            370   1.6e-20   68.8   0.0   1   1   6.2e-23   4.3e-20   67.4   0.0     6    88   106   186   102   188 0.92 -
AA1_3                -            312 FUN_006844-T1        -            623  1.2e-123  407.6   0.6   1   2  1.3e-125  2.3e-123  406.7   0.0     1   308    57   374    57   380 0.96 -
AA1_3                -            312 FUN_006844-T1        -            623  1.2e-123  407.6   0.6   2   2      0.37        65   -2.1   0.1   110   149   563   602   562   620 0.65 -
AA1                  -            358 FUN_006844-T1        -            623  9.4e-111  366.2   0.8   1   1  1.3e-112  2.3e-110  364.9   0.8     7   357    86   578    76   579 0.81 -
AA1_1                -            303 FUN_006844-T1        -            623   1.6e-67  223.1   0.0   1   1   1.4e-69   2.5e-67  222.5   0.0     1   280    81   370    81   388 0.91 -
AA1_2                -            337 FUN_006844-T1        -            623     1e-63  210.8   0.0   1   1   1.1e-65   1.9e-63  209.9   0.0     1   328    87   434    87   441 0.86 -
CE5                  -            189 FUN_006852-T1        -            245   8.5e-37  122.5   2.1   1   1   1.4e-39     1e-36  122.3   2.1     2   189    33   243    32   243 0.90 -
GH16_3               -            230 FUN_006883-T1        -            289   2.3e-57  189.9   0.3   1   1   1.9e-59   2.7e-57  189.7   0.3     1   230    33   286    33   286 0.88 -
GH16                 -            189 FUN_006883-T1        -            289   3.6e-40  133.9   3.6   1   1   3.1e-42   4.4e-40  133.7   3.6     5   189    36   286    32   286 0.79 -
GH16_5               -            238 FUN_006883-T1        -            289   1.1e-23   79.0   0.1   1   1   1.1e-25   1.6e-23   78.5   0.1    78   238    91   286    47   286 0.73 -
GH16_6               -            274 FUN_006883-T1        -            289   5.5e-20   67.1   0.8   1   1   4.6e-20   6.5e-18   60.4   0.8    11   273    46   283    33   284 0.71 -
GH16_8               -            244 FUN_006883-T1        -            289   7.5e-16   53.9   0.8   1   2      0.28        39   -0.8   0.0    11    24    46    59    33    70 0.76 -
GH16_8               -            244 FUN_006883-T1        -            289   7.5e-16   53.9   0.8   2   2   1.3e-17   1.9e-15   52.6   0.2    73   222    91   265    74   273 0.69 -
CBM21                -            107 FUN_006918-T1        -            764   1.7e-32  107.5   0.3   1   1   4.2e-35   2.9e-32  106.8   0.3     5   107   336   441   332   441 0.96 -
GT2_Chitin_synth_1   PF01644.16   163 FUN_006967-T1        -            919   1.8e-69  228.3   0.0   1   1   7.5e-72   2.6e-69  227.8   0.0     1   163   227   395   227   395 0.94 Chitin synthase
GT2_Chitin_synth_2   PF03142.14   527 FUN_006967-T1        -            919   1.1e-27   92.2   0.1   1   2   4.6e-25   1.6e-22   75.2   0.0   203   388   372   564   364   613 0.76 Chitin synthase
GT2_Chitin_synth_2   PF03142.14   527 FUN_006967-T1        -            919   1.1e-27   92.2   0.1   2   2   1.2e-06   0.00044   14.4   0.3   429   495   716   782   704   808 0.80 Chitin synthase
GH72                 -            312 FUN_006973-T1        -            506  3.7e-117  386.4   2.4   1   1  1.3e-119  4.7e-117  386.1   2.4    26   310     1   289     1   291 0.98 -
CBM43                -             83 FUN_006973-T1        -            506   6.1e-18   60.7   5.3   1   1   3.9e-20   1.4e-17   59.6   5.3     1    82   340   425   340   426 0.96 -
#
# Program:         hmmscan
# Version:         3.4 (Aug 2023)
# Pipeline mode:   SCAN
# Query file:      /home/zack/Desktop/IsariaPreferralGenome/MyGenomeSubmittedToNCBI/HypocrealesProteinSets/GENOMES/Epichloefestucae_ROSECITY/FunannotatePredict/annotate_misc/split_prots/chunk_12.fa
# Target file:     /home/zack/funannotate_db/dbCAN.hmm
# Option settings: hmmscan --domtblout /home/zack/Desktop/IsariaPreferralGenome/MyGenomeSubmittedToNCBI/HypocrealesProteinSets/GENOMES/Epichloefestucae_ROSECITY/FunannotatePredict/annotate_misc/split_prots/chunk_12.dbcan.txt -E 1e-15 --cpu 1 /home/zack/funannotate_db/dbCAN.hmm /home/zack/Desktop/IsariaPreferralGenome/MyGenomeSubmittedToNCBI/HypocrealesProteinSets/GENOMES/Epichloefestucae_ROSECITY/FunannotatePredict/annotate_misc/split_prots/chunk_12.fa 
# Current dir:     /home/zack
# Date:            Sun Mar  3 14:03:57 2024
# [ok]
