 -1.380661 0.000100 0.000100 0.000100
 -1.363947 0.000100 0.000100 0.000100
 -1.326002 0.000100 0.000100 0.000100
 -1.481040 0.000100 0.000100 0.000100
 -1.375121 -1.230540 -1.420583 -1.544197
 -1.104153 -1.940399 -1.391834 -1.286474
 -1.285198 -1.407801 -1.498772 -1.365241
 -2.373350 -1.470486 -0.970531 -1.210204
 -1.297347 -1.363305 -1.483933 -1.409825
 -1.417843 -1.497885 -1.443818 -1.210204
 -1.320448 -1.174736 -1.468084 -1.641355
 -1.749199 -1.477266 -1.104062 -1.323116
 -1.301257 -1.345709 -1.345709 -1.574550
 -1.327296 -1.797299 -1.348349 -1.173146
 -1.126470 -1.029620 -1.945909 -1.738270
 -1.769286 -1.299283 -1.127433 -1.456912
 -1.471816 -1.098613 -1.495914 -1.545924
 -1.380961 -1.675760 -1.620190 -1.011602
 -1.133704 -1.048182 -2.023559 -1.632694
 -1.603358 -1.665878 -0.910213 -1.573505
 -1.353142 -1.331636 -1.544197 -1.331636
 -1.407801 -1.904236 -1.681093 -0.866995
 -1.110661 -1.226174 -1.939938 -1.454432
 -1.730798 -1.638425 -1.021652 -1.314639
 -1.104247 -1.310583 -1.814487 -1.444114
 -1.536234 -1.661397 -1.804497 -0.843088
 -1.163151 -1.290984 -1.779336 -1.411612
 -1.618916 -1.718999 -1.012781 -1.349253
 -1.269112 -1.077222 -1.786368 -1.556794
 -1.464256 -2.079439 -1.779336 -0.744442
 -1.117661 -1.405342 -1.634916 -1.457986
 -1.762771 -1.629240 -0.875470 -1.533930
 -1.386294 -0.880025 -1.912386 -1.673976
 -1.280934 -2.043072 -2.043072 -0.770109
 -1.133704 -1.015921 -1.900957 -1.791758
 -1.640528 -1.667196 -0.934310 -1.493925
 -1.220502 -0.975380 -1.951388 -1.683125
 -1.935652 -1.771350 -1.712509 -0.682892
 -1.455287 -0.950193 -1.966111 -1.427116
 -1.484925 -1.979619 -0.854693 -1.560910
 -1.255933 -0.843088 -2.118153 -1.804497
 -1.693995 -2.001478 -2.001478 -0.605237
 -1.405342 -0.910022 -2.024379 -1.513556
 -1.376632 -1.772527 -1.108369 -1.396050
 -1.146815 -0.976916 -2.140064 -1.670062
 -1.856297 -2.424278 -1.999397 -0.478373
 -0.998530 -1.306830 -1.894615 -1.558144
 -1.283755 -1.864783 -0.942452 -1.723705
 -1.114361 -0.940008 -3.178043 -1.428854
 -1.832580 -1.752538 -1.875139 -0.666831
 -1.072121 -1.219757 -1.825891 -1.602748
 -1.354546 -1.642227 -1.252763 -1.336846
 -1.093471 -0.813512 -3.476084 -1.656940
 -1.446919 -1.797120 -1.734600 -0.861662
 -0.890974 -1.584119 -1.766440 -1.543298
 -1.609437 -1.609437 -1.127600 -1.286665
 -1.361479 -0.862489 -2.402930 -1.464663
 -1.471816 -1.495914 -1.297463 -1.297463
 -0.994041 -1.317827 -2.136133 -1.410200
 -1.827568 -1.579732 -1.044810 -1.267953
 -1.318853 -1.004360 -2.257120 -1.340832
 -1.347074 -1.347074 -1.514127 -1.347074
 -1.341559 -1.269238 -1.629240 -1.341559
 -2.570424 -1.317666 -1.035100 -1.202153
 -1.468532 -1.239691 -2.133506 -1.016548
 -1.420696 -1.173836 -1.806357 -1.255182
 -1.318576 -1.048913 -1.965201 -1.418660
 -2.484903 -1.250162 -1.037988 -1.287204
 -1.379326 -1.325259 -2.190253 -0.992554
 -1.359143 -1.324052 -1.492675 -1.377162
 -1.218158 -1.400479 -1.623622 -1.344909
 -2.327275 -1.472862 -1.018945 -1.164127
 -1.348073 -1.230290 -2.092511 -1.124930
 -1.544197 -1.444114 -1.747795 -0.977092
 -1.092643 -1.186169 -1.750697 -1.684006
 -2.509117 -1.264797 -1.152680 -1.137642
 -1.433761 -1.066037 -1.881784 -1.328400
 -1.817467 -1.371181 -1.522003 -1.006538
 -1.575536 -1.044909 -1.841238 -1.263162
 -2.151760 -1.345286 -1.093972 -1.243504
 -1.516347 -0.841894 -3.020411 -1.201267
 -1.704747 -1.247990 -1.513693 -1.167947
 -1.231257 -0.847299 -3.001953 -1.470486
 -1.936649 -1.180984 -1.563975 -1.080179
 -14.173188 -14.173188 -14.173188 -0.000002
 -14.723771 -14.723771 -14.723771 -0.000001
 -13.864305 -13.864305 -13.864305 -0.000003
 -14.566929 -14.566929 -14.566929 -0.000001
 -1.386294 -1.386294 -1.386294 -1.386294
 -1.386294 -1.386294 -1.386294 -1.386294
 -1.386294 -1.386294 -1.386294 -1.386294
 -15.772785 -15.772785 -0.000000 -15.772785
 -1.386294 -1.386294 -1.386294 -1.386294
 -1.386294 -1.386294 -1.386294 -1.386294
 -15.772785 -0.000001 -15.772785 -15.772785
 -1.386294 -1.386294 -1.386294 -1.386294
 -1.386294 -1.386294 -1.386294 -1.386294
 -0.000001 -15.772785 -15.772785 -15.772785
 -1.386294 -1.386294 -1.386294 -1.386294
 -1.386294 -1.386294 -1.386294 -1.386294
 -15.772785 -15.772785 -0.000000 -15.772785
 -1.386294 -1.386294 -1.386294 -1.386294
 -1.386294 -1.386294 -1.386294 -1.386294
 -1.386294 -1.386294 -1.386294 -1.386294
 -1.386294 -1.386294 -1.386294 -1.386294
 -1.386294 -1.386294 -1.386294 -1.386294
 -1.205858 -1.493540 -1.289445 -1.606617
 -1.386294 -1.386294 -1.386294 -1.386294
 -1.464766 -1.444563 -1.643014 -1.079921
 -1.603168 -1.485385 -1.513556 -1.043553
 -1.129865 -1.178655 -1.977161 -1.466337
 -2.183235 -1.084627 -1.218158 -1.372308
 -1.290984 -1.183354 -2.030649 -1.246533
 -1.396657 -1.461195 -1.376038 -1.316615
 -1.339148 -1.064711 -1.421386 -1.885689
 -1.731416 -1.335001 -1.152680 -1.410509
 -1.341128 0.000100 0.000100 0.000100
 -1.271736 0.000100 0.000100 0.000100
 -1.567833 0.000100 0.000100 0.000100
 -1.387862 0.000100 0.000100 0.000100
 -1.919321 -1.133650 -0.998957 -1.812940
 -1.579852 -1.217094 -1.189185 -1.642810
 -1.465399 -0.909273 -1.433396 -2.058075
 -2.607406 -0.916291 -1.066202 -1.703964
 -1.375522 -1.319952 -1.338135 -1.524133
 -1.220657 -1.475488 -1.257235 -1.651004
 -1.374641 -1.198436 -1.188263 -1.961453
 -2.041915 -1.180685 -1.033567 -1.573029
 -1.212734 -1.487171 -1.432550 -1.435878
 -1.328815 -1.376244 -1.491174 -1.356441
 -1.111779 -1.194642 -1.576627 -1.822981
 -2.058209 -1.081591 -1.319880 -1.323904
 -1.919859 -1.187492 -0.949081 -1.824549
 -1.626557 -1.099320 -1.280368 -1.648376
 -1.603513 -1.003148 -1.182696 -2.074361
 -2.376426 -0.964756 -1.065319 -1.706921
 -1.355154 -1.336462 -1.252155 -1.642836
 -1.239484 -1.446066 -1.221957 -1.713030
 -1.402506 -1.187629 -1.233591 -1.846224
 -1.948268 -1.210670 -1.060480 -1.545562
 -1.294249 -1.363450 -1.510873 -1.388688
 -1.335288 -1.453752 -1.459906 -1.305756
 -1.184204 -1.214444 -1.540879 -1.698582
 -1.974515 -1.067644 -1.442050 -1.269717
 -1.945910 -1.244774 -0.859854 -1.924745
 -1.693892 -1.127186 -1.206323 -1.645284
 -1.528324 -0.938754 -1.345333 -2.028497
 -2.471191 -0.997485 -1.084897 -1.566506
 -1.367741 -1.423171 -1.256515 -1.515377
 -1.245034 -1.404856 -1.368071 -1.550844
 -1.368740 -1.124930 -1.292811 -1.921419
 -2.062405 -1.144315 -1.081576 -1.535493
 -1.308413 -1.526377 -1.490141 -1.247963
 -1.481881 -1.437297 -1.469796 -1.186629
 -1.173258 -1.262940 -1.563045 -1.617853
 -2.028760 -1.139180 -1.335613 -1.253783
 -1.928295 -1.232375 -0.928890 -1.783714
 -1.670484 -1.158066 -1.139153 -1.727877
 -1.561135 -1.007344 -1.282642 -1.913175
 -2.508646 -1.005571 -1.040233 -1.612375
 -1.317640 -1.522004 -1.188859 -1.563552
 -1.175292 -1.446041 -1.317809 -1.671052
 -1.411568 -1.140087 -1.261507 -1.875873
 -1.893381 -1.145775 -1.070910 -1.667257
 -1.289016 -1.634518 -1.417743 -1.247745
 -1.325670 -1.341843 -1.549482 -1.344564
 -1.217487 -1.206213 -1.619556 -1.576432
 -1.811562 -1.173223 -1.388475 -1.280934
 -1.928649 -1.207259 -0.928477 -1.829558
 -1.558886 -1.107541 -1.241713 -1.769781
 -1.542207 -0.990263 -1.276367 -1.998316
 -2.452389 -0.990872 -0.995021 -1.754788
 -1.496883 -1.366044 -1.161948 -1.569338
 -1.262547 -1.478631 -1.156984 -1.744771
 -1.359749 -1.148983 -1.258040 -1.951187
 -2.095402 -1.112101 -1.047563 -1.622927
 -1.190404 -1.440179 -1.436725 -1.508184
 -1.322283 -1.422089 -1.433820 -1.370942
 -1.099877 -1.187060 -1.653344 -1.768655
 -1.947043 -1.066298 -1.380648 -1.340907
 -1.861873 -1.343735 -0.851107 -1.852740
 -1.768770 -1.094393 -1.100729 -1.819628
 -1.541601 -0.952915 -1.327404 -2.001133
 -2.426570 -1.070736 -0.974957 -1.651844
 -1.446300 -1.405057 -1.144248 -1.605727
 -1.234707 -1.419084 -1.255455 -1.702659
 -1.307446 -1.139919 -1.317745 -1.952584
 -1.985568 -1.118245 -1.107154 -1.583057
 -1.250418 -1.525431 -1.436024 -1.353959
 -1.289668 -1.429304 -1.571519 -1.282177
 -1.198837 -1.176810 -1.649868 -1.618885
 -1.965152 -1.165845 -1.308669 -1.280037
 -2.124504 -1.336047 -0.828067 -1.710741
 -1.757124 -1.242900 -1.166976 -1.480137
 -1.684634 -1.037780 -1.202796 -1.833244
 -2.586353 -1.122423 -0.885400 -1.678431
 -1.483604 -1.168013 -1.562075 -1.376358
 -1.322397 -0.974656 -1.669502 -1.784737
 -1.381506 -0.739540 -1.743350 -2.337867
 -1.901592 -0.884365 -1.521740 -1.517034
 -16.292889 -16.292889 -16.292889 -0.000000
 -16.861460 -16.861460 -16.861460 -0.000000
 -16.098913 -16.098913 -16.098913 -0.000000
 -15.935374 -15.935374 -15.935374 -0.000000
 -1.386294 -1.386294 -1.386294 -1.386294
 -1.386294 -1.386294 -1.386294 -1.386294
 -1.386294 -1.386294 -1.386294 -1.386294
 -17.748903 -17.748903 0.000000 -17.748903
 -1.386294 -1.386294 -1.386294 -1.386294
 -1.386294 -1.386294 -1.386294 -1.386294
 -17.748903 0.000000 -17.748903 -17.748903
 -1.386294 -1.386294 -1.386294 -1.386294
 -1.386294 -1.386294 -1.386294 -1.386294
 0.000000 -17.748903 -17.748903 -17.748903
 -1.386294 -1.386294 -1.386294 -1.386294
 -1.386294 -1.386294 -1.386294 -1.386294
 -17.748903 -17.748903 0.000000 -17.748903
 -1.386294 -1.386294 -1.386294 -1.386294
 -1.386294 -1.386294 -1.386294 -1.386294
 -1.386294 -1.386294 -1.386294 -1.386294
 -1.386294 -1.386294 -1.386294 -1.386294
 -1.386294 -1.386294 -1.386294 -1.386294
 -1.296481 -1.118583 -1.395736 -1.883123
 -1.386294 -1.386294 -1.386294 -1.386294
 -1.367152 -1.458257 -1.260668 -1.473761
 -1.242036 -1.436044 -1.536657 -1.353872
 -1.062894 -1.163942 -1.678995 -1.859624
 -1.765091 -1.098612 -1.440505 -1.352135
 -1.912387 -1.260964 -0.940007 -1.724473
 -1.613808 -1.220583 -1.144717 -1.673976
 -1.563692 -0.939973 -1.430669 -1.827276
 -2.482298 -1.144014 -0.950823 -1.553586
