 -1.267090 0.000100 0.000100 0.000100
 -1.443369 0.000100 0.000100 0.000100
 -1.449411 0.000100 0.000100 0.000100
 -1.396302 0.000100 0.000100 0.000100
 -1.262916 -1.481604 -1.599387 -1.245216
 -1.305326 -1.744691 -1.528468 -1.086637
 -1.193923 -1.277304 -1.640209 -1.495027
 -1.900957 -1.031922 -1.170072 -1.693319
 -1.462577 -1.438480 -1.326002 -1.326002
 -1.272181 -1.620487 -1.648658 -1.109663
 -1.155771 -1.504077 -1.476678 -1.450010
 -1.802808 -1.466337 -1.109663 -1.291984
 -1.542373 -1.092849 -1.439719 -1.542373
 -1.312187 -1.553348 -1.717651 -1.079565
 -1.255560 -1.060252 -1.820089 -1.576467
 -1.746638 -1.584120 -1.098613 -1.247648
 -1.148623 -1.187844 -1.665878 -1.665878
 -1.370870 -1.736329 -1.707341 -0.945203
 -1.597242 -1.033308 -1.456164 -1.567389
 -1.683125 -1.520606 -1.202153 -1.220502
 -1.513046 -1.116631 -1.435084 -1.540445
 -1.196674 -2.068510 -1.738270 -0.927341
 -1.307704 -0.974560 -1.572396 -1.933408
 -1.604296 -1.376038 -1.019364 -1.684339
 -1.188764 -1.495493 -1.603707 -1.308908
 -1.359908 -1.734600 -1.704747 -0.954443
 -1.293585 -1.213543 -1.699049 -1.403586
 -1.591633 -1.822156 -1.023650 -1.289353
 -1.166435 -1.115142 -1.877280 -1.571900
 -1.353718 -1.583292 -1.926235 -0.939743
 -1.443818 -1.056053 -1.647416 -1.497885
 -1.508896 -1.508896 -1.194404 -1.367246
 -1.364316 -0.958851 -1.696448 -1.727220
 -1.796953 -1.599128 -2.043813 -0.687980
 -1.018570 -1.077994 -1.878769 -1.925289
 -1.588160 -1.642227 -1.036093 -1.397105
 -1.486378 -0.965082 -1.756667 -1.513046
 -1.525020 -1.966852 -1.828702 -0.730092
 -1.400088 -0.793953 -2.150390 -1.687769
 -1.346289 -1.910817 -1.029620 -1.449473
 -1.129010 -0.974860 -2.478932 -1.534474
 -1.699385 -2.181222 -1.858450 -0.600775
 -1.098613 -0.879560 -2.100058 -2.045991
 -1.270155 -1.675619 -1.218862 -1.442005
 -1.355835 -0.768049 -2.272123 -1.741497
 -1.654137 -2.164961 -1.990609 -0.584515
 -1.034591 -1.106912 -2.397889 -1.499953
 -1.297658 -1.585340 -1.088904 -1.685423
 -1.071802 -0.884203 -2.817034 -1.688575
 -1.549118 -1.966852 -2.004592 -0.667571
 -0.999673 -1.244795 -1.783790 -1.737270
 -1.496642 -1.474663 -1.242862 -1.352061
 -1.145866 -0.942267 -2.633937 -1.511799
 -1.328536 -2.042300 -2.001478 -0.754449
 -0.946929 -1.287855 -1.863216 -1.709067
 -1.381475 -1.595049 -1.289668 -1.307367
 -1.178655 -1.006805 -2.341803 -1.466337
 -1.247033 -1.693319 -1.632694 -1.098613
 -1.022627 -1.517322 -1.740465 -1.403994
 -1.777370 -1.400893 -1.143064 -1.325386
 -1.396876 -0.840306 -2.251289 -1.533452
 -1.263692 -1.386294 -1.749199 -1.225952
 -1.278081 -1.228071 -1.897118 -1.278081
 -2.246012 -1.290504 -1.234414 -1.114613
 -1.536234 -1.233954 -1.971551 -1.037244
 -1.271029 -1.506342 -1.684590 -1.164057
 -1.163151 -1.138459 -1.856296 -1.556193
 -2.100059 -1.200578 -1.386294 -1.119232
 -1.673976 -1.067841 -1.939678 -1.123931
 -1.466337 -1.247648 -1.662081 -1.229949
 -1.586964 -1.193923 -1.624705 -1.219241
 -2.602685 -1.112599 -1.185624 -1.232144
 -1.679641 -1.369487 -2.062631 -0.838860
 -1.470852 -1.139998 -1.876316 -1.213023
 -1.386294 -1.152680 -1.728043 -1.360319
 -2.132980 -1.047794 -1.439835 -1.224724
 -1.275069 -1.511457 -2.022280 -1.000633
 -1.557024 -1.329634 -1.600509 -1.130506
 -1.402295 -1.280934 -1.658227 -1.252763
 -3.187261 -1.150389 -1.257361 -1.027787
 -1.570217 -1.217396 -2.189252 -0.957114
 -1.625103 -1.255357 -1.930484 -0.986025
 -1.785069 -0.814293 -2.519034 -1.175305
 -2.205733 -0.964023 -1.456499 -1.289445
 -1.134015 -1.566878 -2.799011 -0.894786
 -1.169624 -1.419084 -2.740835 -0.959552
 -1.433251 -1.002470 -2.611897 -1.136001
 -1.728845 -0.888542 -1.916056 -1.331544
 -14.408839 -14.408839 -14.408839 -0.000002
 -14.599414 -14.599414 -14.599414 -0.000001
 -13.384734 -13.384734 -13.384734 -0.000005
 -14.682612 -14.682612 -14.682612 -0.000001
 -1.386294 -1.386294 -1.386294 -1.386294
 -1.386294 -1.386294 -1.386294 -1.386294
 -1.386294 -1.386294 -1.386294 -1.386294
 -15.765698 -0.000001 -15.765698 -15.765698
 -1.386294 -1.386294 -1.386294 -1.386294
 -0.000001 -15.765698 -15.765698 -15.765698
 -1.386294 -1.386294 -1.386294 -1.386294
 -1.386294 -1.386294 -1.386294 -1.386294
 -15.765697 -15.765697 -0.000000 -15.765697
 -1.386294 -1.386294 -1.386294 -1.386294
 -1.386294 -1.386294 -1.386294 -1.386294
 -1.386294 -1.386294 -1.386294 -1.386294
 -1.386294 -1.386294 -1.386294 -1.386294
 -1.386294 -1.386294 -1.386294 -1.386294
 -1.303084 -1.480183 -1.091525 -1.801766
 -1.386294 -1.386294 -1.386294 -1.386294
 -1.381073 -1.340250 -2.207748 -0.975608
 -1.411612 -1.491655 -1.673976 -1.067841
 -1.726161 -1.120027 -1.852913 -1.081806
 -2.114529 -1.352393 -1.116005 -1.227230
 -1.379326 -1.325259 -1.743968 -1.178656
 -1.185153 -1.434049 -1.599128 -1.370870
 -1.540444 -1.225364 -1.252763 -1.578185
 -1.847210 -1.065957 -1.441746 -1.341662
 -1.399900 0.000100 0.000100 0.000100
 -1.229210 0.000100 0.000100 0.000100
 -1.373741 0.000100 0.000100 0.000100
 -1.571676 0.000100 0.000100 0.000100
 -1.430746 -1.386890 -1.258437 -1.483154
 -1.431226 -1.273181 -1.487396 -1.366162
 -1.284596 -1.152244 -1.455660 -1.748330
 -2.098000 -1.035578 -1.333941 -1.351544
 -1.555612 -1.240405 -1.176857 -1.653250
 -1.376214 -1.200766 -1.389016 -1.623623
 -1.360477 -1.053228 -1.403784 -1.903902
 -2.252418 -0.948143 -1.212584 -1.560801
 -1.376230 -1.456733 -1.280167 -1.441874
 -1.248876 -1.383184 -1.380526 -1.556144
 -1.217170 -1.209014 -1.421386 -1.807508
 -2.127367 -1.040930 -1.205153 -1.478072
 -1.437665 -1.346961 -1.259668 -1.519868
 -1.365723 -1.276995 -1.480290 -1.433980
 -1.271771 -1.158975 -1.445177 -1.771055
 -2.225690 -1.054145 -1.251875 -1.356546
 -1.546721 -1.304908 -1.108369 -1.683297
 -1.422973 -1.206607 -1.374036 -1.576441
 -1.370349 -1.063363 -1.397842 -1.873670
 -2.170477 -0.961823 -1.212262 -1.579113
 -1.365882 -1.395071 -1.294518 -1.500588
 -1.253559 -1.360249 -1.417720 -1.534096
 -1.288975 -1.144154 -1.374770 -1.876952
 -2.017051 -1.100174 -1.203843 -1.452004
 -1.496544 -1.369823 -1.174364 -1.546792
 -1.409910 -1.279140 -1.444102 -1.420470
 -1.301148 -1.148171 -1.424465 -1.772384
 -2.160328 -1.018764 -1.302783 -1.378734
 -1.614450 -1.198433 -1.153069 -1.694633
 -1.367820 -1.249823 -1.380424 -1.573535
 -1.425951 -1.025544 -1.416681 -1.841361
 -2.271047 -0.925609 -1.219266 -1.584457
 -1.310657 -1.369297 -1.390589 -1.482176
 -1.238407 -1.334251 -1.423627 -1.580072
 -1.310381 -1.183106 -1.380657 -1.757104
 -2.034939 -1.023338 -1.253541 -1.494208
 -1.458732 -1.401083 -1.247784 -1.452439
 -1.414674 -1.379011 -1.402303 -1.350395
 -1.328943 -1.142078 -1.410900 -1.759306
 -2.124578 -1.068918 -1.290234 -1.339676
 -1.492987 -1.300838 -1.174668 -1.639513
 -1.394020 -1.171497 -1.383732 -1.653493
 -1.368496 -1.043748 -1.407849 -1.905762
 -2.250023 -0.917085 -1.235141 -1.589013
 -1.352509 -1.427753 -1.296395 -1.478209
 -1.240612 -1.398706 -1.397814 -1.529056
 -1.241588 -1.203883 -1.366189 -1.858087
 -1.955549 -1.031380 -1.241436 -1.546324
 -1.409264 -1.437905 -1.232842 -1.483734
 -1.363472 -1.311512 -1.479718 -1.397904
 -1.288064 -1.173215 -1.430619 -1.739180
 -2.151035 -1.042060 -1.274265 -1.381216
 -1.632375 -1.206424 -1.198982 -1.590769
 -1.449595 -1.179419 -1.342717 -1.625861
 -1.392589 -1.063029 -1.347688 -1.921955
 -2.312470 -0.931987 -1.213858 -1.559867
 -1.305087 -1.425087 -1.292900 -1.542294
 -1.283175 -1.316994 -1.364802 -1.612075
 -1.277086 -1.168605 -1.423689 -1.774741
 -2.014903 -1.069792 -1.213767 -1.484963
 -1.498057 -1.376621 -1.136126 -1.594818
 -1.387568 -1.338826 -1.405049 -1.415477
 -1.254860 -1.197756 -1.386574 -1.813496
 -2.024540 -1.067740 -1.267815 -1.415868
 -1.612328 -1.225251 -1.123610 -1.704908
 -1.421789 -1.147479 -1.397640 -1.639369
 -1.413604 -0.996760 -1.393866 -1.969351
 -2.318306 -0.854138 -1.248267 -1.666494
 -1.303291 -1.391398 -1.382665 -1.475225
 -1.235758 -1.378747 -1.435463 -1.516464
 -1.333768 -1.114297 -1.375354 -1.860331
 -2.018891 -1.024355 -1.267534 -1.484373
 -1.576996 -1.494350 -1.075537 -1.478865
 -1.463144 -1.410053 -1.407987 -1.273940
 -1.396536 -1.173863 -1.349428 -1.692883
 -2.123730 -1.087928 -1.261574 -1.345945
 -1.684834 -1.252229 -1.208373 -1.469784
 -1.685543 -1.016494 -1.487237 -1.483693
 -1.562145 -0.941474 -1.420376 -1.841126
 -2.392062 -0.784647 -1.339383 -1.659306
 -1.372548 -1.471106 -1.519332 -1.210627
 -1.345036 -1.259710 -1.547621 -1.414777
 -1.450178 -0.930269 -1.734987 -1.636700
 -1.614232 -1.003904 -1.510722 -1.542901
 -17.304108 -17.304108 -17.304108 -0.000000
 -17.587351 -17.587351 -17.587351 -0.000000
 -17.150211 -17.150211 -17.150211 -0.000000
 -17.277803 -17.277803 -17.277803 -0.000000
 -1.386294 -1.386294 -1.386294 -1.386294
 -1.386294 -1.386294 -1.386294 -1.386294
 -1.386294 -1.386294 -1.386294 -1.386294
 -18.729342 0.000000 -18.729342 -18.729342
 -1.386294 -1.386294 -1.386294 -1.386294
 0.000000 -18.729342 -18.729342 -18.729342
 -1.386294 -1.386294 -1.386294 -1.386294
 -1.386294 -1.386294 -1.386294 -1.386294
 -18.729342 -18.729342 0.000000 -18.729342
 -1.386294 -1.386294 -1.386294 -1.386294
 -1.386294 -1.386294 -1.386294 -1.386294
 -1.386294 -1.386294 -1.386294 -1.386294
 -1.386294 -1.386294 -1.386294 -1.386294
 -1.386294 -1.386294 -1.386294 -1.386294
 -1.519322 -0.852698 -1.536584 -1.967814
 -1.386294 -1.386294 -1.386294 -1.386294
 -1.346816 -1.366360 -1.318824 -1.525788
 -1.251730 -1.321584 -1.445929 -1.552346
 -1.231315 -1.295308 -1.302817 -1.816998
 -1.782866 -0.991572 -1.392092 -1.549772
 -1.438025 -1.480940 -1.173061 -1.488275
 -1.345221 -1.441235 -1.408553 -1.353302
 -1.301713 -1.145424 -1.417357 -1.786820
 -1.960893 -1.074955 -1.270326 -1.438791
