 -1.404560 0.000100 0.000100 0.000100
 -1.564101 0.000100 0.000100 0.000100
 -1.307994 0.000100 0.000100 0.000100
 -1.291396 0.000100 0.000100 0.000100
 -1.236763 -1.269024 -1.666325 -1.428654
 -1.250064 -1.888150 -1.665007 -0.986250
 -1.172399 -1.302076 -1.692273 -1.451112
 -1.804181 -1.504077 -1.074221 -1.303407
 -1.327206 -1.395028 -1.631416 -1.233387
 -1.312187 -1.903550 -1.754018 -0.894888
 -1.287855 -1.123552 -1.702287 -1.529016
 -1.686398 -1.432618 -1.188997 -1.303407
 -1.395511 -1.341444 -1.577832 -1.257361
 -1.424761 -1.667706 -1.693024 -0.949868
 -1.067841 -1.163151 -1.856297 -1.673976
 -1.561011 -1.542993 -1.149504 -1.348837
 -1.261652 -1.063827 -1.756973 -1.613872
 -1.218158 -1.623622 -2.183236 -0.930476
 -1.188860 -1.240153 -1.476541 -1.727855
 -1.601405 -1.488077 -1.013620 -1.562185
 -1.516816 -0.957201 -1.779180 -1.479076
 -1.443705 -1.895689 -1.622397 -0.876328
 -1.245216 -0.970780 -1.822530 -1.761906
 -1.504077 -1.443453 -1.232144 -1.386294
 -1.367602 -1.039099 -1.667706 -1.595386
 -1.815856 -1.700787 -2.063692 -0.639081
 -1.039615 -1.104153 -2.063001 -1.672136
 -1.433412 -1.787583 -1.033813 -1.433412
 -1.264405 -1.248144 -1.764360 -1.349927
 -1.591500 -2.140064 -1.486140 -0.792993
 -1.065823 -1.132514 -2.148432 -1.529395
 -1.492904 -1.579915 -1.065460 -1.492904
 -1.254959 -1.047320 -2.338300 -1.318472
 -1.391282 -1.936008 -1.837568 -0.803496
 -0.891599 -1.448170 -2.162821 -1.427116
 -1.609437 -1.590019 -1.008664 -1.463726
 -1.452986 -0.849990 -2.016920 -1.581603
 -1.871801 -1.871801 -1.811177 -0.637059
 -1.184555 -1.058262 -1.670062 -1.839960
 -1.563975 -1.839387 -0.889521 -1.509908
 -1.427967 -0.756327 -2.282379 -1.667196
 -1.711070 -1.758698 -1.758698 -0.744884
 -1.148623 -1.179876 -1.889022 -1.494368
 -1.358124 -1.974896 -1.023922 -1.406914
 -1.257361 -0.907159 -2.388760 -1.513294
 -1.941571 -2.219201 -1.941571 -0.503606
 -1.018570 -1.149906 -1.897119 -1.758969
 -1.695029 -1.484734 -1.201372 -1.241113
 -1.189584 -0.988914 -2.388277 -1.461518
 -1.791759 -1.668145 -1.873996 -0.710848
 -0.851554 -1.367366 -1.837369 -1.837369
 -1.599216 -1.517871 -1.222407 -1.257913
 -1.266067 -0.892351 -2.380424 -1.533129
 -1.422662 -1.800727 -1.627456 -0.923010
 -0.978812 -1.522426 -1.847848 -1.392373
 -1.513449 -1.806797 -1.113651 -1.247182
 -1.271771 -0.891497 -2.480728 -1.487479
 -1.203973 -1.683545 -1.736189 -1.084428
 -1.162035 -1.690877 -1.549799 -1.236142
 -1.934258 -1.484734 -1.102527 -1.214444
 -1.578530 -0.822205 -2.768109 -1.232785
 -1.368903 -1.440361 -1.579198 -1.195239
 -1.342809 -1.321756 -1.825660 -1.167606
 -2.537654 -1.242930 -1.067482 -1.242930
 -1.558144 -0.998530 -2.145929 -1.190420
 -1.602138 -1.515127 -1.584120 -0.984499
 -1.592630 -1.391960 -1.565231 -1.081806
 -2.353276 -1.106246 -1.177705 -1.323659
 -1.468532 -1.622682 -1.888385 -0.864999
 -1.193529 -1.605508 -1.799664 -1.106518
 -1.396657 -1.336033 -1.630271 -1.224807
 -2.247775 -1.230134 -1.266948 -1.138115
 -1.462834 -1.418383 -2.202499 -0.877577
 -1.787118 -1.499437 -1.419394 -1.001191
 -1.598568 -1.184135 -1.625967 -1.220502
 -2.394520 -1.247708 -1.201723 -1.136483
 -1.791758 -1.018570 -2.136597 -1.037988
 -1.848667 -1.269931 -1.746013 -0.948727
 -1.459625 -1.193923 -1.761906 -1.227824
 -2.394641 -1.152137 -1.194249 -1.238212
 -1.267689 -1.321756 -2.014900 -1.144075
 -1.522426 -1.354091 -1.627787 -1.116962
 -1.250064 -1.269112 -1.582769 -1.482686
 -1.859763 -1.200519 -1.091716 -1.572082
 -14.488457 -14.488457 -14.488457 -0.000002
 -14.715673 -14.715673 -14.715673 -0.000001
 -14.543061 -14.543061 -14.543061 -0.000001
 -14.669928 -14.669928 -14.669928 -0.000001
 -1.386294 -1.386294 -1.386294 -1.386294
 -1.386294 -1.386294 -1.386294 -1.386294
 -1.386294 -1.386294 -1.386294 -1.386294
 -0.912339 -15.994798 -0.958457 -1.537433
 -15.082459 -15.082459 -15.082459 -0.000001
 -1.386294 -1.386294 -1.386294 -1.386294
 -15.036342 -15.036342 -15.036342 -0.000001
 -14.457367 -14.457367 -14.457367 -0.000002
 -1.386294 -1.386294 -1.386294 -1.386294
 -1.386294 -1.386294 -1.386294 -1.386294
 -1.386294 -1.386294 -1.386294 -1.386294
 -0.000000 -15.994798 -15.994798 -15.994798
 -15.994798 -15.994798 -0.000000 -15.994798
 -1.386294 -1.386294 -1.386294 -1.386294
 -1.386294 -1.386294 -1.386294 -1.386294
 -1.386294 -1.386294 -1.386294 -1.386294
 -1.386294 -1.386294 -1.386294 -1.386294
 -1.386294 -1.386294 -1.386294 -1.386294
 -1.372811 -1.409179 -1.121497 -1.734601
 -1.386294 -1.386294 -1.386294 -1.386294
 -1.148967 -1.604983 -2.233590 -0.980830
 -1.424035 -1.463255 -1.711716 -1.057791
 -1.163151 -1.220309 -1.692668 -1.568616
 -1.791758 -1.024505 -1.523495 -1.360977
 -1.145730 -1.199798 -1.812901 -1.525220
 -1.420780 -1.133099 -1.613684 -1.438480
 -1.118816 -1.059392 -1.791758 -1.832580
 -1.919241 -1.102481 -1.266369 -1.429694
 -1.416635 0.000100 0.000100 0.000100
 -1.371840 0.000100 0.000100 0.000100
 -1.278179 0.000100 0.000100 0.000100
 -1.490378 0.000100 0.000100 0.000100
 -1.302976 -1.575273 -1.350604 -1.338483
 -1.201961 -1.498053 -1.477986 -1.395399
 -1.232340 -1.453128 -1.300659 -1.598494
 -1.722766 -1.307823 -1.301553 -1.276860
 -1.458615 -1.308042 -1.363305 -1.421801
 -1.399540 -1.262680 -1.454348 -1.440361
 -1.179027 -1.346959 -1.514533 -1.548901
 -1.799590 -1.345036 -1.210756 -1.286880
 -1.450940 -1.478719 -1.214191 -1.423911
 -1.314638 -1.501224 -1.309333 -1.433087
 -1.300298 -1.283677 -1.381739 -1.612487
 -1.772891 -1.370546 -1.193446 -1.298225
 -1.293921 -1.569907 -1.399282 -1.305756
 -1.178265 -1.498623 -1.491655 -1.411612
 -1.163699 -1.445550 -1.400088 -1.582409
 -1.684787 -1.539370 -1.167029 -1.242334
 -1.465399 -1.509019 -1.297407 -1.292266
 -1.460002 -1.445187 -1.416200 -1.239848
 -1.265531 -1.292342 -1.331128 -1.719786
 -1.837186 -1.261221 -1.234553 -1.322522
 -1.398209 -1.499014 -1.217030 -1.454562
 -1.359467 -1.439020 -1.167390 -1.635453
 -1.274393 -1.405013 -1.254191 -1.662159
 -1.723987 -1.244414 -1.271225 -1.374173
 -1.426851 -1.576597 -1.186636 -1.394275
 -1.295189 -1.549719 -1.427116 -1.295189
 -1.297542 -1.302338 -1.387602 -1.583630
 -1.647246 -1.534573 -1.257190 -1.179539
 -1.409751 -1.366401 -1.268340 -1.516519
 -1.423777 -1.389644 -1.459117 -1.281603
 -1.252763 -1.336145 -1.445135 -1.533800
 -1.845826 -1.143201 -1.318004 -1.363989
 -1.431795 -1.445684 -1.278630 -1.397894
 -1.318241 -1.334156 -1.674916 -1.266948
 -1.288796 -1.333496 -1.261840 -1.727597
 -1.790171 -1.433496 -1.106593 -1.332144
 -1.236050 -1.752415 -1.275491 -1.359373
 -1.331344 -1.454197 -1.494203 -1.280629
 -1.244914 -1.322472 -1.389164 -1.628238
 -1.672925 -1.546774 -1.168845 -1.242563
 -1.337080 -1.348444 -1.463374 -1.401242
 -1.310225 -1.446489 -1.522283 -1.285066
 -1.211710 -1.451990 -1.397922 -1.509148
 -1.803917 -1.264157 -1.227407 -1.347771
 -1.464797 -1.363445 -1.345534 -1.375566
 -1.165878 -1.641723 -1.412349 -1.381766
 -1.309105 -1.386294 -1.355897 -1.504077
 -1.835653 -1.326753 -1.186740 -1.309561
 -1.300333 -1.799664 -1.277475 -1.260668
 -1.314233 -1.568934 -1.488304 -1.213023
 -1.237082 -1.415451 -1.262146 -1.693319
 -1.749584 -1.347074 -1.229948 -1.295189
 -1.612487 -1.393934 -1.199417 -1.381739
 -1.516347 -1.322191 -1.462280 -1.265033
 -1.307342 -1.286616 -1.423817 -1.548980
 -1.724253 -1.381847 -1.228542 -1.280637
 -1.562998 -1.444282 -1.279526 -1.285876
 -1.323596 -1.453189 -1.472237 -1.307157
 -1.349722 -1.372069 -1.280361 -1.564612
 -1.944405 -1.380288 -1.220168 -1.170406
 -1.352161 -1.593933 -1.256241 -1.372501
 -1.493925 -1.387865 -1.338776 -1.332806
 -1.352772 -1.403487 -1.186140 -1.658938
 -1.613776 -1.592270 -1.111684 -1.315283
 -1.446919 -1.533930 -1.263441 -1.322982
 -1.410309 -1.489773 -1.528092 -1.159767
 -1.420463 -1.404548 -1.253409 -1.481088
 -1.930260 -1.334055 -1.199776 -1.237113
 -1.356753 -1.488329 -1.303407 -1.405885
 -1.345344 -1.409060 -1.370345 -1.422305
 -1.376525 -1.354546 -1.251361 -1.592748
 -1.585710 -1.426646 -1.150798 -1.432545
 -1.638286 -1.356720 -1.291415 -1.297179
 -1.461616 -1.389454 -1.468442 -1.242563
 -1.343960 -1.375542 -1.430500 -1.397164
 -1.622793 -1.391282 -1.181561 -1.397971
 -1.665990 -1.083267 -1.349191 -1.546189
 -1.301819 -1.296248 -1.540445 -1.426610
 -1.145132 -1.241826 -1.704748 -1.555216
 -1.313433 -1.357639 -1.302680 -1.599315
 -15.748481 -15.748481 -15.748481 -0.000000
 -15.831747 -15.831747 -15.831747 -0.000000
 -15.612258 -15.612258 -15.612258 -0.000000
 -15.547167 -15.547167 -15.547167 -0.000001
 -1.386294 -1.386294 -1.386294 -1.386294
 -1.386294 -1.386294 -1.386294 -1.386294
 -1.386294 -1.386294 -1.386294 -1.386294
 -1.077008 -17.077446 -1.072519 -1.148092
 -16.000439 -16.000439 -16.000439 -0.000000
 -1.386294 -1.386294 -1.386294 -1.386294
 -16.004927 -16.004927 -16.004927 -0.000000
 -15.929354 -15.929354 -15.929354 -0.000000
 -1.386294 -1.386294 -1.386294 -1.386294
 -1.386294 -1.386294 -1.386294 -1.386294
 -1.386294 -1.386294 -1.386294 -1.386294
 0.000000 -17.077446 -17.077446 -17.077446
 -17.077446 -17.077446 -0.000000 -17.077446
 -1.386294 -1.386294 -1.386294 -1.386294
 -1.386294 -1.386294 -1.386294 -1.386294
 -1.386294 -1.386294 -1.386294 -1.386294
 -1.386294 -1.386294 -1.386294 -1.386294
 -1.386294 -1.386294 -1.386294 -1.386294
 -1.160243 -1.165145 -1.537385 -1.834019
 -1.386294 -1.386294 -1.386294 -1.386294
 -1.449367 -1.491927 -1.251541 -1.369324
 -1.225497 -1.388754 -1.487025 -1.465518
 -1.352987 -1.395247 -1.409740 -1.388078
 -1.220902 -1.511298 -1.398357 -1.437966
 -1.356694 -1.787476 -1.261384 -1.231531
 -1.190047 -1.763049 -1.363893 -1.314501
 -1.185900 -1.414031 -1.324419 -1.685184
 -1.353759 -1.682940 -1.059998 -1.563276
