 -1.418941 0.000100 0.000100 0.000100
 -1.384155 0.000100 0.000100 0.000100
 -1.410131 0.000100 0.000100 0.000100
 -1.334145 0.000100 0.000100 0.000100
 -1.116471 -1.326191 -1.360092 -1.894172
 -1.328187 -1.928958 -1.928958 -0.810932
 -0.907558 -1.440361 -1.845825 -1.600703
 -1.978968 -1.201267 -1.098613 -1.479980
 -1.264280 -1.186319 -1.879463 -1.348837
 -1.275543 -2.070469 -1.490654 -0.995959
 -1.016375 -1.358124 -1.820745 -1.518466
 -1.491655 -1.651996 -0.958852 -1.609437
 -1.279431 -1.152680 -1.894615 -1.363989
 -1.699951 -1.871800 -1.754017 -0.712567
 -1.280934 -1.155771 -1.737691 -1.463255
 -1.859580 -1.370034 -1.166435 -1.277661
 -1.609437 -0.940390 -1.945907 -1.321756
 -1.634130 -1.593308 -1.816450 -0.823202
 -1.335001 -1.027518 -1.375823 -2.068966
 -1.750936 -1.473305 -1.037988 -1.414465
 -1.609437 -1.152680 -1.914817 -1.088142
 -1.456362 -1.845825 -1.845825 -0.796006
 -1.145133 -1.203973 -1.992427 -1.404643
 -1.601715 -1.640936 -0.947790 -1.527607
 -1.154183 -1.020652 -2.001477 -1.665007
 -1.800974 -1.800974 -1.746907 -0.702366
 -1.108664 -1.078811 -1.897117 -1.714797
 -1.556445 -1.252763 -1.229233 -1.556445
 -1.394878 -1.048603 -2.123113 -1.265667
 -1.639742 -2.125248 -1.401332 -0.820304
 -1.386294 -1.056054 -1.577349 -1.631416
 -1.354546 -1.824548 -1.036093 -1.488077
 -1.062895 -1.011602 -2.135527 -1.756040
 -1.695614 -1.746907 -1.646824 -0.799529
 -1.145133 -0.986910 -1.992427 -1.756040
 -1.931519 -1.559957 -1.035434 -1.238375
 -1.360092 -0.943199 -2.329487 -1.360092
 -1.640936 -1.864078 -1.815288 -0.716679
 -1.029621 -1.289131 -1.876915 -1.540444
 -1.586090 -1.666132 -1.155308 -1.233270
 -1.412727 -1.056054 -1.972341 -1.310945
 -1.412727 -1.911716 -1.653889 -0.873733
 -1.207812 -1.133705 -1.900956 -1.470176
 -1.321756 -1.455287 -1.297063 -1.484275
 -1.248673 -0.997360 -2.501429 -1.338285
 -1.696448 -2.222538 -1.696448 -0.644359
 -1.056054 -1.189585 -2.324557 -1.386294
 -1.712294 -1.424613 -1.040202 -1.489151
 -1.591893 -0.649852 -2.647937 -1.591893
 -1.635189 -1.726161 -1.826244 -0.763353
 -1.341843 -1.386294 -1.586964 -1.258461
 -1.778335 -1.563225 -1.259543 -1.085190
 -1.324419 -0.905710 -2.346063 -1.452252
 -1.523053 -2.251288 -1.306830 -0.901366
 -0.969402 -1.421386 -1.980998 -1.421386
 -1.811561 -1.419520 -1.316866 -1.118415
 -1.317302 -0.934311 -2.639048 -1.317302
 -1.655957 -1.704747 -1.564986 -0.871840
 -1.252763 -1.119233 -1.812377 -1.493925
 -1.899388 -1.276861 -1.119232 -1.406914
 -1.907068 -0.901550 -1.976060 -1.181134
 -1.454245 -1.393620 -1.975540 -0.968738
 -1.186582 -1.221673 -1.914817 -1.375823
 -2.412928 -1.113651 -1.286922 -1.184268
 -1.644122 -0.788459 -2.397887 -1.341843
 -1.589235 -1.301553 -1.658227 -1.098613
 -1.435084 -1.252764 -1.865864 -1.134981
 -2.432258 -0.919676 -1.413693 -1.308333
 -1.491654 -1.014732 -2.436107 -1.123931
 -1.692552 -1.380178 -1.597242 -1.016214
 -1.552279 -1.110448 -2.140061 -1.075357
 -3.142701 -1.002649 -1.323556 -1.127812
 -1.232144 -1.568615 -1.974077 -1.018571
 -1.569959 -1.448598 -1.538210 -1.072121
 -1.757856 -0.939549 -1.826848 -1.287855
 -2.296312 -1.079921 -1.331235 -1.218757
 -1.528468 -1.160745 -2.809387 -0.892482
 -1.708377 -1.430746 -1.836210 -0.866812
 -1.589234 -0.947383 -1.812377 -1.406914
 -2.512300 -0.919676 -1.500704 -1.213023
 -1.373049 -1.181995 -3.624296 -0.883503
 -1.466337 -1.336284 -1.914360 -1.024505
 -1.335001 -1.111859 -2.384814 -1.152681
 -1.897118 -1.163151 -1.673976 -1.049823
 -13.805464 -13.805464 -13.805464 -0.000003
 -14.144817 -14.144817 -14.144817 -0.000002
 -13.337481 -13.337481 -13.337481 -0.000005
 -14.328337 -14.328337 -14.328337 -0.000002
 -1.386294 -1.386294 -1.386294 -1.386294
 -1.386294 -1.386294 -1.386294 -1.386294
 -1.386294 -1.386294 -1.386294 -1.386294
 -15.356670 -0.000001 -15.356670 -15.356670
 -1.386294 -1.386294 -1.386294 -1.386294
 -15.356670 -15.356670 -15.356670 -0.000001
 -1.386294 -1.386294 -1.386294 -1.386294
 -1.386294 -1.386294 -1.386294 -1.386294
 -1.386294 -1.386294 -1.386294 -1.386294
 -1.386294 -1.386294 -1.386294 -1.386294
 -1.386294 -1.386294 -1.386294 -1.386294
 -0.000001 -15.356670 -15.356670 -15.356670
 -15.356670 -15.356670 -0.000001 -15.356670
 -1.386294 -1.386294 -1.386294 -1.386294
 -1.386294 -1.386294 -1.386294 -1.386294
 -1.386294 -1.386294 -1.386294 -1.386294
 -1.386294 -1.386294 -1.386294 -1.386294
 -1.386294 -1.386294 -1.386294 -1.386294
 -1.334145 -1.715512 -0.970180 -1.727488
 -1.386294 -1.386294 -1.386294 -1.386294
 -1.444888 -1.479980 -2.327273 -0.823202
 -1.597602 -1.435084 -2.639045 -0.717247
 -1.620801 -0.942044 -1.649788 -1.512588
 -1.853888 -1.017645 -1.779781 -1.160745
 -1.452252 -1.247458 -1.652922 -1.247458
 -1.406914 -1.326871 -1.589235 -1.252763
 -1.245216 -0.788460 -2.397885 -1.791756
 -1.779336 -1.014732 -1.519825 -1.386294
 -1.488727 0.000100 0.000100 0.000100
 -1.206098 0.000100 0.000100 0.000100
 -1.328833 0.000100 0.000100 0.000100
 -1.559738 0.000100 0.000100 0.000100
 -1.452986 -1.562185 -1.419084 -1.156720
 -1.318721 -1.341710 -1.519391 -1.377217
 -1.048351 -1.266604 -1.595785 -1.802122
 -2.075120 -1.111685 -1.315284 -1.283535
 -1.404510 -1.347351 -1.465134 -1.333558
 -1.413693 -1.333651 -1.515972 -1.295910
 -1.176681 -1.313882 -1.621366 -1.490338
 -1.920591 -1.109662 -1.190631 -1.515127
 -1.509908 -1.222227 -1.378572 -1.458615
 -1.386294 -1.348073 -1.510592 -1.311259
 -1.393957 -1.068535 -1.348837 -1.904782
 -1.938556 -1.147772 -1.353624 -1.271386
 -1.429219 -1.483286 -1.168206 -1.501979
 -1.386294 -1.339227 -1.501070 -1.327798
 -1.559067 -1.353624 -1.124782 -1.576767
 -2.026598 -1.158511 -1.209154 -1.363305
 -1.417066 -1.491174 -1.331544 -1.315284
 -1.346020 -1.320045 -1.687769 -1.245937
 -1.064072 -1.389494 -1.442138 -1.775911
 -1.620910 -1.309474 -1.338048 -1.309474
 -1.487099 -1.270035 -1.346020 -1.457246
 -1.327147 -1.382717 -1.441557 -1.397105
 -1.276294 -1.209154 -1.318853 -1.864079
 -1.987503 -1.155771 -1.280934 -1.307963
 -1.390319 -1.474401 -1.312760 -1.374318
 -1.318576 -1.379945 -1.559738 -1.306742
 -1.325258 -1.225175 -1.312186 -1.764171
 -1.832581 -1.164752 -1.244795 -1.427116
 -1.441210 -1.441210 -1.334238 -1.334238
 -1.254442 -1.448598 -1.671741 -1.231186
 -1.393412 -1.337842 -1.483024 -1.337842
 -1.965556 -1.142357 -1.390193 -1.231588
 -1.621366 -1.422516 -1.126671 -1.439045
 -1.443453 -1.293513 -1.458268 -1.358895
 -1.472946 -1.189584 -1.343735 -1.582145
 -1.849110 -1.135345 -1.416247 -1.277661
 -1.441354 -1.334109 -1.351203 -1.422662
 -1.333732 -1.370546 -1.395864 -1.448507
 -1.223776 -1.235610 -1.605983 -1.539292
 -1.864448 -1.195400 -1.311659 -1.298054
 -1.295488 -1.382499 -1.529103 -1.352646
 -1.338285 -1.402824 -1.338285 -1.471816
 -1.180530 -1.283184 -1.428365 -1.737100
 -1.814748 -1.327454 -1.271884 -1.232144
 -1.529673 -1.529673 -1.102229 -1.449630
 -1.308684 -1.493606 -1.375823 -1.375823
 -1.412078 -1.094983 -1.340105 -1.832581
 -2.272506 -1.025050 -1.237611 -1.393957
 -1.364880 -1.472126 -1.283535 -1.435084
 -1.236763 -1.488077 -1.392767 -1.446113
 -1.300352 -1.386294 -1.254367 -1.648658
 -2.008823 -1.123305 -1.330944 -1.285824
 -1.444114 -1.444114 -1.476375 -1.205222
 -1.479471 -1.172447 -1.668062 -1.294549
 -1.317528 -1.232628 -1.369487 -1.679642
 -1.881615 -1.175730 -1.201372 -1.434304
 -1.374124 -1.342375 -1.131811 -1.812378
 -1.562918 -1.345853 -1.421839 -1.241713
 -1.378804 -1.164656 -1.489152 -1.558144
 -1.802809 -1.332806 -1.109662 -1.419817
 -1.529395 -1.455287 -1.098613 -1.529395
 -1.252763 -1.325084 -1.444430 -1.548227
 -1.277661 -1.231676 -1.338285 -1.788486
 -1.978040 -1.044754 -1.406255 -1.328697
 -1.222227 -1.475422 -1.475422 -1.394076
 -1.445328 -1.306742 -1.445328 -1.354944
 -1.249356 -1.105462 -1.748346 -1.569299
 -2.236443 -1.000974 -1.280934 -1.394878
 -1.445954 -1.513777 -1.200119 -1.413693
 -1.446155 -1.433251 -1.359143 -1.312624
 -1.605430 -1.040117 -1.297945 -1.756252
 -1.791759 -1.371256 -1.169230 -1.313269
 -1.319603 -1.303603 -1.640074 -1.319603
 -1.465188 -1.480226 -1.592343 -1.084914
 -1.348554 -1.168293 -1.553348 -1.523495
 -1.996210 -1.036435 -1.485385 -1.262242
 -1.497998 -1.410987 -1.362197 -1.285824
 -1.302413 -1.290984 -1.563628 -1.411612
 -1.294945 -1.019239 -1.827160 -1.587931
 -1.619388 -1.181134 -1.479626 -1.319284
 -14.790071 -14.790071 -14.790071 -0.000001
 -14.991085 -14.991085 -14.991085 -0.000001
 -14.674174 -14.674174 -14.674174 -0.000001
 -14.823470 -14.823470 -14.823470 -0.000001
 -1.386294 -1.386294 -1.386294 -1.386294
 -1.386294 -1.386294 -1.386294 -1.386294
 -1.386294 -1.386294 -1.386294 -1.386294
 -16.212498 -0.000000 -16.212498 -16.212498
 -1.386294 -1.386294 -1.386294 -1.386294
 -16.212496 -16.212496 -16.212496 -0.000000
 -1.386294 -1.386294 -1.386294 -1.386294
 -1.386294 -1.386294 -1.386294 -1.386294
 -1.386294 -1.386294 -1.386294 -1.386294
 -1.386294 -1.386294 -1.386294 -1.386294
 -1.386294 -1.386294 -1.386294 -1.386294
 -0.000000 -16.212498 -16.212498 -16.212498
 -16.212498 -16.212498 -0.000000 -16.212498
 -1.386294 -1.386294 -1.386294 -1.386294
 -1.386294 -1.386294 -1.386294 -1.386294
 -1.386294 -1.386294 -1.386294 -1.386294
 -1.386294 -1.386294 -1.386294 -1.386294
 -1.386294 -1.386294 -1.386294 -1.386294
 -1.221413 -1.200038 -1.509094 -1.698851
 -1.386294 -1.386294 -1.386294 -1.386294
 -1.621860 -1.280934 -1.146015 -1.576051
 -1.269519 -1.347771 -1.568012 -1.383278
 -1.365927 -1.288369 -1.561235 -1.349927
 -1.589732 -1.128918 -1.260254 -1.665718
 -1.298002 -1.500238 -1.256617 -1.517630
 -1.241464 -1.555712 -1.373391 -1.399366
 -1.317302 -1.317302 -1.304056 -1.645805
 -1.536469 -1.248787 -1.276958 -1.518120
