 -1.234624 0.000100 0.000100 0.000100
 -1.489730 0.000100 0.000100 0.000100
 -1.392092 0.000100 0.000100 0.000100
 -1.447883 0.000100 0.000100 0.000100
 -1.379694 -1.303708 -1.551543 -1.328400
 -1.360977 -1.671130 -1.360977 -1.206826
 -1.075624 -1.527607 -1.222227 -1.915371
 -1.913647 -1.307514 -1.338285 -1.140460
 -1.433547 -1.341174 -1.648658 -1.178656
 -1.131403 -1.729238 -1.775758 -1.106710
 -1.386294 -1.386294 -1.586964 -1.219241
 -2.492448 -1.456362 -0.920058 -1.252763
 -1.526056 -1.161414 -1.486835 -1.412727
 -1.321756 -1.954276 -1.321756 -1.123931
 -1.198696 -1.198696 -1.504077 -1.745238
 -2.118153 -1.233954 -0.935462 -1.628607
 -1.517322 -1.125281 -1.368903 -1.600703
 -1.624143 -1.454245 -1.587776 -1.007959
 -1.008229 -1.147065 -1.861716 -1.819157
 -1.742968 -1.386294 -1.073920 -1.455287
 -1.378451 -1.155308 -1.708692 -1.378451
 -1.487099 -1.725509 -1.517870 -0.976274
 -1.212272 -1.394593 -1.428495 -1.537694
 -1.737270 -1.394326 -1.021652 -1.532476
 -1.315677 -1.554087 -1.201267 -1.516347
 -1.511982 -1.548350 -1.753143 -0.932165
 -1.075624 -1.248895 -1.601715 -1.768769
 -1.252763 -1.540444 -1.278081 -1.507655
 -1.644529 -1.239064 -1.718636 -1.084914
 -1.529395 -1.742968 -1.491655 -0.958852
 -1.013620 -1.131403 -1.824548 -1.875841
 -1.500238 -1.203973 -1.284016 -1.609437
 -1.450833 -1.188469 -1.716535 -1.268512
 -1.372308 -1.911303 -1.820331 -0.828694
 -1.194841 -0.977777 -2.293447 -1.513294
 -1.507655 -1.897118 -0.881201 -1.540444
 -1.129866 -1.153963 -1.977160 -1.500238
 -1.545924 -1.970805 -1.859580 -0.709678
 -1.412727 -0.894786 -2.036879 -1.526056
 -1.468532 -1.497520 -1.016548 -1.691675
 -1.507901 -0.797661 -1.830673 -1.784153
 -1.798978 -2.295412 -1.938740 -0.527756
 -1.376992 -0.760808 -2.107876 -1.839613
 -1.400479 -1.372308 -1.292266 -1.490091
 -1.239691 -0.998530 -1.902983 -1.645155
 -1.701607 -2.503950 -2.073169 -0.494195
 -1.098613 -1.200396 -1.893539 -1.536867
 -1.269238 -1.698233 -1.079195 -1.629240
 -1.084014 -0.887304 -2.347701 -1.868131
 -2.001477 -1.765090 -1.574035 -0.720548
 -0.945851 -1.200742 -2.437497 -1.499234
 -1.238079 -1.728700 -1.198073 -1.466337
 -1.118816 -0.836249 -2.612734 -1.791758
 -1.478667 -2.022280 -1.916921 -0.707964
 -0.926764 -1.386294 -1.673975 -1.791757
 -1.182312 -1.784485 -1.336462 -1.336462
 -1.225027 -0.855667 -2.436112 -1.641186
 -1.256617 -1.609437 -1.871800 -1.017388
 -1.041455 -1.446919 -1.670061 -1.498212
 -1.443453 -1.791758 -1.098613 -1.332227
 -1.413693 -1.026921 -2.358150 -1.190550
 -1.213682 -1.263692 -2.036879 -1.238375
 -1.088461 -1.366092 -1.812377 -1.406914
 -2.014900 -1.144075 -1.267689 -1.321756
 -2.143976 -0.693149 -2.143976 -1.325670
 -1.386294 -1.578666 -1.548813 -1.104882
 -1.196252 -1.509908 -1.815287 -1.158511
 -2.578832 -1.239064 -0.849600 -1.575536
 -1.302913 -1.477266 -1.749198 -1.120592
 -1.425009 -1.373716 -1.399033 -1.349023
 -1.272966 -1.044125 -1.570217 -1.832580
 -1.974079 -1.504077 -1.141173 -1.141173
 -1.474847 -1.369487 -1.774951 -1.057114
 -1.336462 -1.282395 -1.661883 -1.309063
 -1.511982 -1.155308 -1.666132 -1.288839
 -2.211927 -1.336462 -0.894630 -1.518783
 -1.262242 -1.444563 -1.667706 -1.229452
 -1.473305 -1.386294 -1.602517 -1.141173
 -1.370546 -1.309922 -1.504077 -1.370546
 -2.018403 -1.436484 -1.156183 -1.156183
 -1.645155 -1.478101 -1.645155 -0.952010
 -1.563975 -1.425825 -1.815288 -0.947790
 -1.545924 -1.545924 -1.808287 -0.891999
 -2.957501 -1.275753 -1.399366 -0.862566
 -0.358401 -13.629186 -1.199966 -13.629186
 -0.559618 -14.046625 -0.847299 -14.046625
 -0.395615 -13.825465 -1.118614 -13.825465
 -1.215200 -14.552676 -0.351903 -14.552676
 -14.771024 -0.869334 -1.571697 -0.985971
 -1.386294 -1.386294 -1.386294 -1.386294
 -14.767170 -0.838330 -1.280162 -1.239340
 -1.386294 -1.386294 -1.386294 -1.386294
 -1.386294 -1.386294 -1.386294 -1.386294
 -14.608505 -14.608505 -14.608505 -0.000001
 -14.046625 -14.046625 -14.046625 -0.000002
 -14.357838 -14.357838 -14.357838 -0.000002
 -1.386294 -1.386294 -1.386294 -1.386294
 -1.386294 -1.386294 -1.386294 -1.386294
 -1.386294 -1.386294 -1.386294 -1.386294
 -0.000001 -15.462245 -15.462245 -15.462245
 -15.462245 -15.462245 -0.000001 -15.462245
 -1.386294 -1.386294 -1.386294 -1.386294
 -1.386294 -1.386294 -1.386294 -1.386294
 -1.386294 -1.386294 -1.386294 -1.386294
 -1.386294 -1.386294 -1.386294 -1.386294
 -1.386294 -1.386294 -1.386294 -1.386294
 -1.254692 -1.542373 -1.075754 -1.833063
 -1.386294 -1.386294 -1.386294 -1.386294
 -1.386294 -1.259543 -2.163996 -1.045969
 -1.342234 -1.154183 -1.665007 -1.451433
 -1.224906 -1.438480 -1.774951 -1.205858
 -1.853888 -1.199966 -1.646250 -1.051546
 -1.113998 -1.291679 -1.879463 -1.409461
 -1.414465 -1.504077 -1.386294 -1.256242
 -1.211942 -1.252764 -1.540444 -1.597602
 -2.184799 -0.885520 -1.491655 -1.386294
 -1.509708 0.000100 0.000100 0.000100
 -1.324663 0.000100 0.000100 0.000100
 -1.225261 0.000100 0.000100 0.000100
 -1.516622 0.000100 0.000100 0.000100
 -1.353254 -1.481088 -1.267077 -1.458615
 -1.245630 -1.449069 -1.442990 -1.421999
 -1.238925 -1.345032 -1.322891 -1.696037
 -1.879638 -1.303919 -1.169590 -1.326537
 -1.446165 -1.417727 -1.220460 -1.482057
 -1.391665 -1.435697 -1.438917 -1.286612
 -1.299049 -1.283743 -1.370984 -1.627839
 -1.860991 -1.206205 -1.231666 -1.373005
 -1.433600 -1.392917 -1.227909 -1.512779
 -1.217298 -1.392814 -1.407455 -1.556702
 -1.256310 -1.248875 -1.394829 -1.711499
 -1.864200 -1.263260 -1.115624 -1.450137
 -1.406592 -1.419290 -1.196786 -1.556022
 -1.326761 -1.356777 -1.367919 -1.502652
 -1.182623 -1.445886 -1.309435 -1.671225
 -1.832355 -1.301395 -1.153433 -1.377293
 -1.407104 -1.448446 -1.273184 -1.425973
 -1.357112 -1.308181 -1.489380 -1.399287
 -1.282412 -1.221361 -1.509802 -1.575760
 -1.906250 -1.161218 -1.283576 -1.342416
 -1.493266 -1.475504 -1.163473 -1.451155
 -1.350612 -1.329669 -1.377424 -1.495546
 -1.246665 -1.315468 -1.356172 -1.679086
 -1.843687 -1.295008 -1.115624 -1.426447
 -1.381428 -1.613511 -1.164127 -1.438016
 -1.341779 -1.496398 -1.319556 -1.396627
 -1.200205 -1.381642 -1.337536 -1.686266
 -1.842101 -1.267077 -1.222226 -1.326937
 -1.327344 -1.525442 -1.243963 -1.473795
 -1.375192 -1.331975 -1.467667 -1.375192
 -1.177813 -1.283903 -1.456058 -1.704074
 -1.824385 -1.247427 -1.282416 -1.294357
 -1.511711 -1.522110 -1.127153 -1.438589
 -1.219128 -1.417339 -1.331079 -1.619679
 -1.311232 -1.234373 -1.347702 -1.716697
 -1.940179 -1.207812 -1.170071 -1.397855
 -1.297933 -1.572839 -1.257230 -1.448135
 -1.340832 -1.474363 -1.369003 -1.366150
 -1.279485 -1.419128 -1.308333 -1.562438
 -1.780290 -1.265263 -1.303729 -1.281111
 -1.390121 -1.469908 -1.387059 -1.304901
 -1.315604 -1.458933 -1.399115 -1.376786
 -1.192512 -1.249944 -1.494246 -1.684143
 -1.791759 -1.290413 -1.208175 -1.349253
 -1.486983 -1.405637 -1.210379 -1.466848
 -1.256476 -1.483534 -1.369388 -1.451377
 -1.267097 -1.316154 -1.316154 -1.703625
 -1.824707 -1.302186 -1.114549 -1.432400
 -1.283001 -1.558343 -1.235440 -1.506861
 -1.204977 -1.553075 -1.395372 -1.423108
 -1.232049 -1.411186 -1.285863 -1.671101
 -1.710790 -1.234852 -1.223087 -1.452096
 -1.406556 -1.448353 -1.333283 -1.360833
 -1.398357 -1.431255 -1.496909 -1.237296
 -1.229297 -1.250700 -1.464275 -1.660985
 -1.852492 -1.257976 -1.264092 -1.285798
 -1.470057 -1.432701 -1.212227 -1.452903
 -1.320662 -1.388485 -1.359665 -1.483503
 -1.300047 -1.242888 -1.354736 -1.709722
 -1.761817 -1.190888 -1.183416 -1.522870
 -1.595799 -1.526541 -1.107537 -1.387911
 -1.409087 -1.493221 -1.276998 -1.377879
 -1.335137 -1.361386 -1.192901 -1.730293
 -1.745884 -1.366127 -1.102162 -1.434376
 -1.363690 -1.521157 -1.284157 -1.390537
 -1.345600 -1.330379 -1.560344 -1.327363
 -1.204999 -1.221563 -1.570217 -1.621822
 -1.627152 -1.214620 -1.184105 -1.606099
 -1.378914 -1.445809 -1.206445 -1.544899
 -1.237075 -1.479779 -1.385592 -1.461430
 -1.257411 -1.345411 -1.235904 -1.804201
 -1.569796 -1.289224 -1.212716 -1.518503
 -1.371780 -1.431145 -1.252398 -1.507372
 -1.313938 -1.354641 -1.610204 -1.296988
 -1.219085 -1.309408 -1.400498 -1.671070
 -1.583204 -1.287740 -1.271265 -1.434168
 -1.373165 -1.476917 -1.271289 -1.435966
 -1.464632 -1.480581 -1.394374 -1.226413
 -1.243747 -1.430266 -1.405343 -1.482057
 -1.710179 -1.373049 -1.168499 -1.366492
 -0.954718 -16.349207 -0.486004 -16.349207
 -0.640648 -16.335625 -0.748556 -16.335625
 -0.718122 -16.468048 -0.668781 -16.468048
 -0.934856 -16.404778 -0.498638 -16.404778
 -16.974636 -1.213216 -0.936667 -1.168516
 -1.386294 -1.386294 -1.386294 -1.386294
 -17.182461 -1.002331 -0.792051 -1.714453
 -1.386294 -1.386294 -1.386294 -1.386294
 -1.386294 -1.386294 -1.386294 -1.386294
 -16.685680 -16.685680 -16.685680 -0.000000
 -16.922785 -16.922785 -16.922785 -0.000000
 -16.344435 -16.344435 -16.344435 -0.000000
 -1.386294 -1.386294 -1.386294 -1.386294
 -1.386294 -1.386294 -1.386294 -1.386294
 -1.386294 -1.386294 -1.386294 -1.386294
 0.000000 -17.777086 -17.777086 -17.777086
 -17.777086 -17.777086 0.000000 -17.777086
 -1.386294 -1.386294 -1.386294 -1.386294
 -1.386294 -1.386294 -1.386294 -1.386294
 -1.386294 -1.386294 -1.386294 -1.386294
 -1.386294 -1.386294 -1.386294 -1.386294
 -1.386294 -1.386294 -1.386294 -1.386294
 -1.172867 -1.201565 -1.524459 -1.759916
 -1.386294 -1.386294 -1.386294 -1.386294
 -1.538806 -1.323141 -1.128577 -1.631827
 -1.225296 -1.339314 -1.495883 -1.512978
 -1.411074 -1.305714 -1.528857 -1.315438
 -1.257753 -1.338769 -1.293401 -1.719233
 -1.426375 -1.650291 -1.136381 -1.398976
 -1.299761 -1.623161 -1.233579 -1.431790
 -1.100067 -1.536577 -1.208343 -1.875078
 -1.256736 -1.668412 -1.211342 -1.473706
