 -1.299283 0.000100 0.000100 0.000100
 -1.394117 0.000100 0.000100 0.000100
 -1.558794 0.000100 0.000100 0.000100
 -1.313672 0.000100 0.000100 0.000100
 -1.562917 -1.127600 -1.455287 -1.455287
 -1.093391 -1.851075 -1.668754 -1.141400
 -1.326396 -1.117305 -1.450010 -1.755391
 -1.721800 -1.420696 -0.976011 -1.595049
 -1.247458 -1.247458 -1.498772 -1.598855
 -1.295972 -1.806796 -1.692386 -0.972572
 -1.225768 -1.069199 -1.692386 -1.719785
 -1.529395 -1.408767 -1.149906 -1.504077
 -1.526056 -1.128027 -1.571518 -1.381475
 -1.171183 -1.832580 -1.634755 -1.093625
 -1.145959 -1.183000 -1.719303 -1.626930
 -1.879727 -1.418383 -1.103890 -1.295781
 -1.244941 -1.226922 -1.818285 -1.360453
 -1.245216 -1.704747 -1.822530 -0.997808
 -1.163151 -1.299283 -1.481604 -1.673976
 -1.538820 -1.472862 -1.148623 -1.431190
 -1.147166 -1.420032 -1.768338 -1.308807
 -1.242125 -1.734600 -1.797120 -0.997003
 -1.192139 -1.116631 -1.597603 -1.791758
 -1.489478 -1.533930 -1.014055 -1.629240
 -1.433251 -1.210108 -1.646825 -1.306958
 -1.338285 -1.808288 -1.808288 -0.891999
 -1.121735 -1.336145 -1.609437 -1.553868
 -1.900561 -1.417711 -1.033752 -1.376038
 -1.182696 -1.131403 -2.090250 -1.397105
 -1.498772 -1.681093 -1.770705 -0.866995
 -1.386294 -0.880025 -1.704747 -1.874646
 -1.655957 -1.564986 -1.076140 -1.350576
 -1.288530 -1.159913 -1.723847 -1.459156
 -1.434150 -1.869467 -1.964777 -0.760807
 -1.216396 -1.080264 -2.091861 -1.424035
 -1.391091 -2.206838 -0.960308 -1.353350
 -1.416447 -1.045588 -1.940970 -1.337976
 -1.695911 -1.951843 -2.134164 -0.586605
 -1.123459 -0.966617 -2.002706 -1.835652
 -1.438480 -1.702631 -1.033015 -1.493540
 -1.198696 -1.007641 -1.909541 -1.686398
 -1.609437 -2.040219 -2.120261 -0.597838
 -0.965889 -0.900291 -2.335371 -2.153050
 -1.326191 -1.731655 -0.977884 -1.706962
 -1.349927 -0.730888 -2.602685 -1.686398
 -1.550597 -1.992429 -2.243742 -0.606137
 -0.963438 -0.998530 -1.932836 -2.251288
 -1.426300 -1.604548 -1.069625 -1.533930
 -1.297658 -0.779716 -2.432635 -1.712091
 -1.622683 -1.963608 -1.818427 -0.693148
 -0.967993 -1.196251 -2.151759 -1.601715
 -1.648658 -1.508896 -1.132846 -1.330205
 -1.239691 -0.903219 -2.762111 -1.418383
 -1.400614 -1.917870 -1.688296 -0.863223
 -0.876931 -1.587776 -1.701104 -1.624143
 -1.403686 -1.709067 -1.027897 -1.534714
 -1.164057 -1.178655 -2.262666 -1.287289
 -1.174451 -1.747795 -1.780585 -1.054650
 -1.043553 -1.307704 -1.890849 -1.485385
 -1.745667 -1.595386 -1.025854 -1.331235
 -1.448072 -0.764778 -2.435455 -1.551256
 -1.328536 -1.308333 -1.636836 -1.308333
 -1.060147 -1.504077 -1.564702 -1.504077
 -2.151760 -1.293101 -1.196251 -1.180984
 -1.468211 -0.864296 -2.046287 -1.518222
 -1.436725 -1.277661 -1.735967 -1.179680
 -1.468532 -1.286211 -1.589893 -1.239691
 -2.059237 -1.406914 -1.029620 -1.307823
 -1.331235 -1.284715 -1.933408 -1.156882
 -1.480746 -1.480746 -1.519213 -1.120306
 -1.333804 -1.356794 -1.621486 -1.267846
 -2.260813 -1.291415 -1.162204 -1.177471
 -1.343735 -1.526056 -1.903349 -0.987061
 -1.574695 -1.245216 -1.438119 -1.317975
 -1.439719 -1.145959 -1.821086 -1.261472
 -2.639053 -1.223776 -1.041454 -1.267578
 -1.077560 -1.393412 -2.240706 -1.187560
 -1.302360 -1.642227 -1.573234 -1.117218
 -1.380845 -1.495914 -1.402824 -1.277661
 -2.032523 -1.356185 -1.129657 -1.244068
 -1.520606 -1.066352 -2.118441 -1.149044
 -1.438480 -1.391960 -1.347508 -1.369487
 -1.498506 -1.126943 -1.690877 -1.316185
 -2.264361 -1.035699 -1.299283 -1.315284
 -0.614160 -0.940556 -2.681014 -14.193950
 -0.738705 -1.289881 -1.398515 -14.719730
 -0.988993 -0.910213 -1.488948 -14.310209
 -2.029086 -0.796945 -0.872657 -14.571634
 -0.000001 -14.866333 -14.866333 -14.866333
 -0.000001 -14.869823 -14.869823 -14.869823
 -0.000002 -14.493546 -14.493546 -14.493546
 -1.386294 -1.386294 -1.386294 -1.386294
 -15.856731 -15.856731 -15.856731 -0.000000
 -1.386294 -1.386294 -1.386294 -1.386294
 -1.386294 -1.386294 -1.386294 -1.386294
 -1.386294 -1.386294 -1.386294 -1.386294
 -1.386294 -1.386294 -1.386294 -1.386294
 -1.386294 -1.386294 -1.386294 -1.386294
 -1.386294 -1.386294 -1.386294 -1.386294
 -0.000000 -15.856731 -15.856731 -15.856731
 -15.856731 -15.856731 -0.000000 -15.856731
 -1.386294 -1.386294 -1.386294 -1.386294
 -1.386294 -1.386294 -1.386294 -1.386294
 -1.386294 -1.386294 -1.386294 -1.386294
 -1.386294 -1.386294 -1.386294 -1.386294
 -1.386294 -1.386294 -1.386294 -1.386294
 -1.420644 -1.420644 -1.074237 -1.741116
 -1.386294 -1.386294 -1.386294 -1.386294
 -1.760010 -1.098613 -1.670398 -1.182696
 -1.419084 -1.255455 -1.824548 -1.165304
 -1.367461 -1.117807 -1.961235 -1.281695
 -2.014900 -0.862225 -1.408767 -1.609437
 -1.044546 -1.424035 -2.315004 -1.175574
 -1.209154 -1.378572 -1.621134 -1.378572
 -1.267689 -1.216396 -1.378914 -1.769779
 -2.426196 -1.001191 -1.400346 -1.211755
 -1.435248 0.000100 0.000100 0.000100
 -1.300285 0.000100 0.000100 0.000100
 -1.337023 0.000100 0.000100 0.000100
 -1.483408 0.000100 0.000100 0.000100
 -1.306958 -1.508099 -1.315468 -1.428455
 -1.215394 -1.507591 -1.429290 -1.416816
 -1.206054 -1.347553 -1.296860 -1.787610
 -1.705350 -1.267309 -1.310984 -1.319952
 -1.435909 -1.414495 -1.306172 -1.393530
 -1.323707 -1.438878 -1.472294 -1.319531
 -1.217959 -1.290984 -1.415895 -1.679547
 -1.914049 -1.150284 -1.379126 -1.258173
 -1.387435 -1.434173 -1.271176 -1.463301
 -1.246132 -1.363026 -1.477315 -1.477315
 -1.310308 -1.228391 -1.373222 -1.691676
 -1.986871 -1.171435 -1.200634 -1.378521
 -1.333621 -1.525596 -1.337998 -1.360171
 -1.287730 -1.509070 -1.354919 -1.406416
 -1.207415 -1.336033 -1.320468 -1.765308
 -1.796649 -1.203973 -1.228665 -1.421037
 -1.394915 -1.407987 -1.434655 -1.311880
 -1.373222 -1.306252 -1.542640 -1.339177
 -1.147453 -1.340697 -1.384268 -1.769692
 -1.797780 -1.219702 -1.406914 -1.223776
 -1.441458 -1.387390 -1.218314 -1.523431
 -1.329704 -1.365071 -1.353142 -1.506634
 -1.298132 -1.273130 -1.310871 -1.729239
 -1.930525 -1.192595 -1.188951 -1.398551
 -1.334290 -1.544010 -1.264696 -1.423761
 -1.232862 -1.426279 -1.381282 -1.527464
 -1.152357 -1.363305 -1.425825 -1.671396
 -1.823793 -1.191026 -1.319237 -1.319237
 -1.484092 -1.371906 -1.355711 -1.339774
 -1.356441 -1.435085 -1.426035 -1.331544
 -1.174182 -1.226733 -1.469859 -1.785450
 -1.979185 -1.170206 -1.251552 -1.326312
 -1.488573 -1.525131 -1.189419 -1.377078
 -1.385294 -1.297283 -1.323259 -1.559647
 -1.308333 -1.265273 -1.324462 -1.705830
 -1.763588 -1.260795 -1.183237 -1.431890
 -1.378044 -1.431069 -1.336659 -1.401799
 -1.121554 -1.539758 -1.488224 -1.452346
 -1.200464 -1.393028 -1.246074 -1.814058
 -1.660404 -1.392525 -1.222782 -1.320204
 -1.492101 -1.537771 -1.203304 -1.346919
 -1.469026 -1.369180 -1.415485 -1.299283
 -1.208756 -1.313356 -1.496438 -1.567390
 -1.774830 -1.199916 -1.320233 -1.338666
 -1.447797 -1.447797 -1.178948 -1.504077
 -1.202211 -1.513647 -1.378914 -1.480547
 -1.233954 -1.469859 -1.201865 -1.724456
 -1.898943 -1.169950 -1.169950 -1.471817
 -1.266781 -1.629686 -1.282717 -1.406543
 -1.190526 -1.486667 -1.443905 -1.453251
 -1.185454 -1.340624 -1.373295 -1.717918
 -1.774060 -1.252763 -1.226330 -1.381205
 -1.404644 -1.408767 -1.262915 -1.481604
 -1.379545 -1.322885 -1.468597 -1.379545
 -1.198805 -1.255357 -1.447178 -1.724633
 -1.799085 -1.206409 -1.295640 -1.341102
 -1.466710 -1.442728 -1.230066 -1.423949
 -1.315768 -1.319506 -1.401423 -1.522260
 -1.239497 -1.340357 -1.292539 -1.747865
 -1.750698 -1.255161 -1.186168 -1.444228
 -1.289963 -1.453683 -1.348804 -1.463345
 -1.208492 -1.483479 -1.330640 -1.559707
 -1.270585 -1.246404 -1.343081 -1.767522
 -1.671877 -1.323965 -1.182762 -1.428799
 -1.410367 -1.498920 -1.313517 -1.332935
 -1.325796 -1.379864 -1.384146 -1.459906
 -1.181426 -1.333393 -1.356560 -1.760073
 -1.976155 -1.197946 -1.224035 -1.325975
 -1.544550 -1.287435 -1.354406 -1.376289
 -1.271455 -1.313851 -1.421839 -1.562918
 -1.288751 -1.285041 -1.322781 -1.707313
 -1.843861 -1.269430 -1.117683 -1.453434
 -1.385131 -1.686865 -1.226340 -1.304731
 -1.206288 -1.633511 -1.403286 -1.348371
 -1.183436 -1.343066 -1.457010 -1.610442
 -1.692928 -1.370155 -1.118841 -1.446919
 -1.587998 -1.354804 -1.146165 -1.514972
 -1.476975 -1.450589 -1.274362 -1.356226
 -1.395399 -1.210371 -1.291259 -1.718947
 -1.869537 -1.301553 -1.078410 -1.454316
 -1.262590 -1.074142 -0.979527 -15.852828
 -1.222549 -1.283391 -0.847639 -16.095850
 -1.231372 -1.085189 -0.993522 -16.222456
 -1.804213 -1.007587 -0.754391 -15.904902
 -0.000000 -16.079355 -16.079355 -16.079355
 -0.000000 -16.302914 -16.302914 -16.302914
 -0.000000 -16.522226 -16.522226 -16.522226
 -1.386294 -1.386294 -1.386294 -1.386294
 -17.416378 -17.416378 -17.416378 -0.000000
 -1.386294 -1.386294 -1.386294 -1.386294
 -1.386294 -1.386294 -1.386294 -1.386294
 -1.386294 -1.386294 -1.386294 -1.386294
 -1.386294 -1.386294 -1.386294 -1.386294
 -1.386294 -1.386294 -1.386294 -1.386294
 -1.386294 -1.386294 -1.386294 -1.386294
 0.000000 -17.416378 -17.416378 -17.416378
 -17.416378 -17.416378 -0.000000 -17.416378
 -1.386294 -1.386294 -1.386294 -1.386294
 -1.386294 -1.386294 -1.386294 -1.386294
 -1.386294 -1.386294 -1.386294 -1.386294
 -1.386294 -1.386294 -1.386294 -1.386294
 -1.386294 -1.386294 -1.386294 -1.386294
 -1.119300 -1.126011 -1.592654 -1.925642
 -1.386294 -1.386294 -1.386294 -1.386294
 -1.393006 -1.334165 -1.263692 -1.581406
 -1.268886 -1.262915 -1.456009 -1.595230
 -1.340385 -1.136921 -1.425998 -1.730582
 -1.345922 -1.180530 -1.217801 -1.989936
 -1.395665 -1.684742 -1.223154 -1.299974
 -1.182696 -1.667043 -1.273372 -1.492288
 -1.105993 -1.416147 -1.390505 -1.728666
 -1.357802 -1.502633 -1.266586 -1.433640
