 -1.275726 0.000100 0.000100 0.000100
 -1.453181 0.000100 0.000100 0.000100
 -1.382895 0.000100 0.000100 0.000100
 -1.443519 0.000100 0.000100 0.000100
 -1.228666 -1.593308 -1.394458 -1.362197
 -1.153489 -1.168993 -2.437501 -1.250339
 -1.080675 -1.135483 -1.932425 -1.636962
 -2.293013 -1.163151 -1.194404 -1.260001
 -1.307904 -1.323904 -1.188359 -1.840120
 -1.164752 -1.362578 -1.714798 -1.378326
 -1.098613 -1.133704 -1.330414 -2.519993
 -1.945909 -1.029620 -1.080913 -1.828126
 -1.399366 -1.364880 -1.208311 -1.613776
 -0.983378 -1.474000 -1.525293 -1.718196
 -1.053431 -1.090244 -1.643629 -2.104973
 -1.832580 -1.040344 -1.249436 -1.609437
 -1.264280 -1.305665 -14.778687 -0.806171
 -1.225364 -1.309922 -14.739771 -0.828949
 -0.988612 -1.310195 -14.580980 -1.026833
 -2.315826 -0.980830 -14.234223 -0.641855
 -14.703403 -14.703403 -0.000001 -14.703403
 -14.747676 -14.747676 -0.000001 -14.747676
 -1.386294 -1.386294 -1.386294 -1.386294
 -15.160984 -15.160984 -0.000001 -15.160984
 -1.386294 -1.386294 -1.386294 -1.386294
 -1.386294 -1.386294 -1.386294 -1.386294
 -15.991399 -15.991399 -15.991399 -0.000000
 -1.386294 -1.386294 -1.386294 -1.386294
 -1.386294 -1.386294 -1.386294 -1.386294
 -1.386294 -1.386294 -1.386294 -1.386294
 -1.386294 -1.386294 -1.386294 -1.386294
 -0.000000 -15.991399 -15.991399 -15.991399
 -0.000000 -15.991399 -15.991399 -15.991399
 -1.386294 -1.386294 -1.386294 -1.386294
 -1.386294 -1.386294 -1.386294 -1.386294
 -1.386294 -1.386294 -1.386294 -1.386294
 -15.991399 -15.991399 -0.000000 -15.991399
 -1.386294 -1.386294 -1.386294 -1.386294
 -1.386294 -1.386294 -1.386294 -1.386294
 -1.386294 -1.386294 -1.386294 -1.386294
 -1.386294 -1.386294 -1.386294 -1.386294
 -1.386294 -1.386294 -1.386294 -1.386294
 -15.991399 -15.991399 -15.991399 -0.000000
 -1.386294 -1.386294 -1.386294 -1.386294
 -1.386294 -1.386294 -1.386294 -1.386294
 -1.386294 -1.386294 -1.386294 -1.386294
 -1.386294 -1.386294 -1.386294 -1.386294
 -2.062558 -1.153437 -1.523562 -1.080614
 -2.153545 -1.252763 -1.080914 -1.351203
 -1.422928 -1.602269 -1.422928 -1.150285
 -1.306252 -1.130361 -1.543923 -1.646577
 -2.867226 -1.986870 -0.896423 -0.921321
 -1.052703 -1.393028 -3.058024 -1.033655
 -1.301030 -1.191831 -2.479681 -1.077887
 -1.125079 -1.196538 -1.829786 -1.547935
 -2.083110 -1.240024 -1.435084 -1.055595
 -1.464857 -1.196593 -1.565952 -1.355657
 -1.570971 -1.184555 -1.957743 -1.063927
 -1.348837 -0.886214 -1.474000 -2.310243
 -2.266215 -1.098613 -1.439539 -1.121085
 -1.404422 -1.404422 -1.404422 -1.333804
 -1.379422 -1.251040 -1.680896 -1.287854
 -1.487270 -0.872086 -1.592630 -1.880311
 -1.898469 -1.191900 -1.382254 -1.218929
 -1.754017 0.000100 0.000100 0.000100
 -1.553348 0.000100 0.000100 0.000100
 -0.980831 0.000100 0.000100 0.000100
 -1.425515 0.000100 0.000100 0.000100
 -1.791748 -2.890294 -1.098618 -0.810940
 -1.704741 -1.145136 -1.704741 -1.145136
 -1.871796 -1.265667 -1.098615 -1.466336
 -1.832572 -1.427116 -0.820987 -1.832572
 -2.833137 -0.636001 -1.223779 -2.140040
 -1.609434 -2.120246 -1.427116 -0.820987
 -1.446918 -1.329137 -1.128468 -1.734596
 -1.945899 -1.252765 -0.934314 -1.722761
 -1.280936 -1.504075 -1.280936 -1.504075
 -1.421385 -1.757852 -1.421385 -1.064715
 -1.193925 -1.299284 -1.704744 -1.417066
 -2.079425 -1.232146 -1.098616 -1.386294
 -1.021656 -1.832572 -12.429233 -0.733977
 -0.579827 -1.832572 -12.429233 -1.272967
 -1.312187 -1.178658 -12.468452 -0.860208
 -1.029624 -1.540443 -12.542560 -0.847304
 -12.899230 -12.899230 -0.000007 -12.899230
 -12.301401 -12.301401 -0.000014 -12.301401
 -1.386294 -1.386294 -1.386294 -1.386294
 -12.948019 -12.948019 -0.000007 -12.948019
 -1.386294 -1.386294 -1.386294 -1.386294
 -1.386294 -1.386294 -1.386294 -1.386294
 -13.854735 -13.854735 -13.854735 -0.000003
 -1.386294 -1.386294 -1.386294 -1.386294
 -1.386294 -1.386294 -1.386294 -1.386294
 -1.386294 -1.386294 -1.386294 -1.386294
 -1.386294 -1.386294 -1.386294 -1.386294
 -0.000003 -13.854735 -13.854735 -13.854735
 -0.000003 -13.854735 -13.854735 -13.854735
 -1.386294 -1.386294 -1.386294 -1.386294
 -1.386294 -1.386294 -1.386294 -1.386294
 -1.386294 -1.386294 -1.386294 -1.386294
 -13.854735 -13.854735 -0.000003 -13.854735
 -1.386294 -1.386294 -1.386294 -1.386294
 -1.386294 -1.386294 -1.386294 -1.386294
 -1.386294 -1.386294 -1.386294 -1.386294
 -1.386294 -1.386294 -1.386294 -1.386294
 -1.386294 -1.386294 -1.386294 -1.386294
 -13.854735 -13.854735 -13.854735 -0.000003
 -1.386294 -1.386294 -1.386294 -1.386294
 -1.386294 -1.386294 -1.386294 -1.386294
 -1.386294 -1.386294 -1.386294 -1.386294
 -1.386294 -1.386294 -1.386294 -1.386294
 -1.754017 -1.348554 -1.277095 -1.243194
 -1.504075 -1.504075 -1.280936 -1.280936
 -1.349927 -2.197206 -0.993257 -1.349927
 -1.757852 -1.575533 -0.802353 -1.757852
 -2.014891 -2.302565 -0.567991 -1.609434
 -0.916298 -1.897107 -2.302555 -1.049828
 -1.673968 -0.826689 -2.079417 -1.386294
 -2.014895 -1.504076 -0.810934 -1.609436
 -1.749192 -1.343735 -1.343735 -1.189587
 -1.945896 -1.945896 -1.252765 -0.847306
 -1.178658 -0.955517 -2.564915 -1.466336
 -1.321757 -1.321757 -1.321757 -1.609434
 -1.504076 -1.504076 -1.504076 -1.098616
 -2.120246 -0.820987 -1.272967 -1.832572
 -1.504076 -1.504076 -1.216398 -1.349927
 -1.299284 -1.481603 -1.481603 -1.299284
 -1.609434 -1.321757 -0.916296 -2.014891
