 -1.286827 0.000100 0.000100 0.000100
 -1.295374 0.000100 0.000100 0.000100
 -1.542405 0.000100 0.000100 0.000100
 -1.443107 0.000100 0.000100 0.000100
 -1.182920 -1.300703 -1.416534 -1.721915
 -0.918440 -1.356694 -1.713368 -1.813451
 -1.375365 -1.014353 -1.397344 -1.985129
 -1.776943 -1.144422 -1.176171 -1.589732
 -1.252763 -1.569432 -1.342375 -1.406914
 -1.118494 -1.426460 -1.625311 -1.442990
 -1.023812 -1.168993 -1.772527 -1.831367
 -2.039165 -1.133460 -1.199417 -1.400088
 -1.062681 -1.613511 -1.479980 -1.479980
 -1.130506 -1.455928 -2.111333 -1.130506
 -0.719396 -1.679171 -1.796953 -1.828702
 -2.533692 -1.082865 -1.504077 -1.022240
 -14.793839 -14.793839 -0.000001 -14.793839
 -14.513647 -14.513647 -0.000001 -14.513647
 -14.266589 -14.266589 -0.000002 -14.266589
 -14.635292 -14.635292 -0.000001 -14.635292
 -1.386294 -1.386294 -1.386294 -1.386294
 -1.386294 -1.386294 -1.386294 -1.386294
 -15.956753 -15.956753 -0.000000 -15.956753
 -1.386294 -1.386294 -1.386294 -1.386294
 -1.386294 -1.386294 -1.386294 -1.386294
 -1.386294 -1.386294 -1.386294 -1.386294
 -15.956753 -15.956753 -15.956753 -0.000000
 -1.386294 -1.386294 -1.386294 -1.386294
 -1.386294 -1.386294 -1.386294 -1.386294
 -1.386294 -1.386294 -1.386294 -1.386294
 -1.386294 -1.386294 -1.386294 -1.386294
 -0.000000 -15.956753 -15.956753 -15.956753
 -1.189584 -1.361917 -2.442346 -1.042630
 -1.386294 -1.386294 -1.386294 -1.386294
 -1.386294 -1.386294 -1.386294 -1.386294
 -1.386294 -1.386294 -1.386294 -1.386294
 -14.767170 -14.767170 -0.000001 -14.767170
 -14.594837 -14.594837 -0.000001 -14.594837
 -13.514411 -13.514411 -0.000004 -13.514411
 -14.914124 -14.914124 -0.000001 -14.914124
 -1.386294 -1.386294 -1.386294 -1.386294
 -1.386294 -1.386294 -1.386294 -1.386294
 -15.956753 -15.956753 -15.956753 -0.000000
 -1.386294 -1.386294 -1.386294 -1.386294
 -1.386294 -1.386294 -1.386294 -1.386294
 -1.386294 -1.386294 -1.386294 -1.386294
 -1.386294 -1.386294 -1.386294 -1.386294
 -1.559026 -0.759960 -1.133284 -15.956753
 -1.549799 -1.180053 -1.721649 -1.198402
 -1.555635 -1.532104 -1.259064 -1.241520
 -1.135792 -1.295640 -1.535590 -1.661884
 -1.386294 -1.386294 -1.386294 -1.386294
 -1.219973 -1.339774 -2.351372 -1.056649
 -1.332227 -1.155771 -2.430836 -1.098613
 -1.174986 -1.159237 -1.852383 -1.511457
 -1.871801 -1.135483 -1.636962 -1.107704
 -1.314836 -1.349927 -1.525131 -1.367945
 -1.378572 -1.318853 -1.815289 -1.146241
 -1.180851 -0.952010 -1.645155 -2.171245
 -2.170955 -1.129503 -1.117807 -1.445020
 -1.522870 -1.266150 -1.452252 -1.324419
 -1.442990 -1.155308 -1.873772 -1.219846
 -1.140069 -1.093549 -1.756842 -1.756842
 -1.890849 -1.313535 -1.182199 -1.296143
 -1.250493 0.000100 0.000100 0.000100
 -1.266493 0.000100 0.000100 0.000100
 -1.404644 0.000100 0.000100 0.000100
 -1.680055 0.000100 0.000100 0.000100
 -1.945905 -1.147404 -1.052094 -1.658226
 -1.562184 -1.236763 -1.562184 -1.236763
 -1.280935 -1.686396 -1.044547 -1.686396
 -1.516346 -1.634128 -0.880363 -1.767657
 -2.036874 -1.430746 -1.526055 -0.884206
 -1.627455 -2.233583 -1.722764 -0.658060
 -1.554629 -1.318241 -1.372308 -1.318241
 -1.770702 -1.904232 -1.016937 -1.142099
 -0.980833 -2.079432 -1.386294 -1.386294
 -1.681755 -1.458614 -1.458614 -1.053153
 -1.927886 -1.174121 -1.368276 -1.234746
 -0.514902 -2.797266 -1.573505 -2.008820
 -13.592372 -13.592372 -0.000004 -13.592372
 -12.821269 -12.821269 -0.000008 -12.821269
 -13.142174 -13.142174 -0.000006 -13.142174
 -13.161592 -13.161592 -0.000006 -13.161592
 -1.386294 -1.386294 -1.386294 -1.386294
 -1.386294 -1.386294 -1.386294 -1.386294
 -14.603970 -14.603970 -0.000001 -14.603970
 -1.386294 -1.386294 -1.386294 -1.386294
 -1.386294 -1.386294 -1.386294 -1.386294
 -1.386294 -1.386294 -1.386294 -1.386294
 -14.603970 -14.603970 -14.603970 -0.000001
 -1.386294 -1.386294 -1.386294 -1.386294
 -1.386294 -1.386294 -1.386294 -1.386294
 -1.386294 -1.386294 -1.386294 -1.386294
 -1.386294 -1.386294 -1.386294 -1.386294
 -0.000001 -14.603970 -14.603970 -14.603970
 -2.397892 -1.219241 -1.130948 -1.234745
 -1.386294 -1.386294 -1.386294 -1.386294
 -1.386294 -1.386294 -1.386294 -1.386294
 -1.386294 -1.386294 -1.386294 -1.386294
 -12.206093 -12.206093 -0.000015 -12.206093
 -13.384734 -13.384734 -0.000005 -13.384734
 -13.473026 -13.473026 -0.000004 -13.473026
 -13.369229 -13.369229 -0.000005 -13.369229
 -1.386294 -1.386294 -1.386294 -1.386294
 -1.386294 -1.386294 -1.386294 -1.386294
 -14.603970 -14.603970 -14.603970 -0.000001
 -1.386294 -1.386294 -1.386294 -1.386294
 -1.386294 -1.386294 -1.386294 -1.386294
 -1.386294 -1.386294 -1.386294 -1.386294
 -1.386294 -1.386294 -1.386294 -1.386294
 -0.950977 -1.350576 -1.036919 -14.603970
 -1.957741 -0.976917 -1.264598 -1.609437
 -1.270463 -2.251282 -1.209839 -1.152681
 -1.958809 -1.178656 -1.024506 -1.648657
 -1.386294 -1.386294 -1.386294 -1.386294
 -1.360977 -1.265667 -1.871796 -1.178657
 -1.419084 -0.908261 -2.047687 -1.488076
 -1.400893 -1.400893 -1.238375 -1.526055
 -1.514127 -1.609436 -0.820984 -1.966106
 -2.024375 -1.197704 -1.025855 -1.572395
 -1.945905 -1.370546 -1.370546 -1.052094
 -1.945905 -1.080915 -1.945905 -0.980832
 -1.232145 -1.925285 -1.098614 -1.473305
 -1.335002 -1.845821 -1.239692 -1.239692
 -1.116006 -1.757855 -1.170073 -1.662545
 -1.774949 -1.438480 -0.899486 -1.679640
 -1.284016 -1.341174 -1.401798 -1.535329
