 -1.236763 0.000100 0.000100 0.000100
 -1.424226 0.000100 0.000100 0.000100
 -1.445060 0.000100 0.000100 0.000100
 -1.455642 0.000100 0.000100 0.000100
 -1.543298 -1.394878 -1.360977 -1.265667
 -1.108976 -1.439216 -2.009758 -1.207416
 -0.890317 -0.998530 -2.474427 -1.988924
 -1.770704 -0.932378 -1.598855 -1.452252
 -1.029621 -1.317302 -1.583004 -1.774058
 -1.082613 -1.386294 -1.824548 -1.386294
 -0.722137 -1.358124 -1.683544 -2.639043
 -2.009758 -0.937126 -1.355835 -1.530188
 -1.304465 -1.563975 -1.098613 -1.681758
 -1.124589 -1.098613 -1.671130 -1.871800
 -1.027155 -1.098614 -1.398717 -2.784996
 -1.558144 -0.896748 -1.845824 -1.497519
 -1.304949 -0.920538 -13.981029 -1.107124
 -1.354546 -0.888457 -14.030625 -1.106710
 -0.963794 -0.937126 -13.785055 -1.483668
 -1.673974 -0.863049 -13.369229 -0.940009
 -13.937732 -13.937732 -0.000003 -13.937732
 -14.304093 -14.304093 -0.000002 -14.304093
 -1.386294 -1.386294 -1.386294 -1.386294
 -14.054531 -14.054531 -0.000002 -14.054531
 -1.386294 -1.386294 -1.386294 -1.386294
 -1.386294 -1.386294 -1.386294 -1.386294
 -15.209278 -15.209278 -15.209278 -0.000001
 -1.386294 -1.386294 -1.386294 -1.386294
 -1.386294 -1.386294 -1.386294 -1.386294
 -1.386294 -1.386294 -1.386294 -1.386294
 -1.386294 -1.386294 -1.386294 -1.386294
 -0.000001 -15.209278 -15.209278 -15.209278
 -15.209278 -0.000001 -15.209278 -15.209278
 -1.386294 -1.386294 -1.386294 -1.386294
 -1.386294 -1.386294 -1.386294 -1.386294
 -1.386294 -1.386294 -1.386294 -1.386294
 -1.386294 -1.386294 -1.386294 -1.386294
 -15.209278 -15.209278 -0.000001 -15.209278
 -1.386294 -1.386294 -1.386294 -1.386294
 -1.386294 -1.386294 -1.386294 -1.386294
 -1.386294 -1.386294 -1.386294 -1.386294
 -1.386294 -1.386294 -1.386294 -1.386294
 -15.209278 -15.209278 -15.209278 -0.000001
 -1.386294 -1.386294 -1.386294 -1.386294
 -1.386294 -1.386294 -1.386294 -1.386294
 -1.386294 -1.386294 -1.386294 -1.386294
 -1.386294 -1.386294 -1.386294 -1.386294
 -2.214746 -1.108588 -1.736256 -0.955512
 -3.784099 -1.011604 -3.784099 -0.526098
 -1.594512 -1.226788 -1.945908 -1.019149
 -1.218158 -1.218158 -1.623621 -1.554629
 -2.558513 -1.998901 -1.092182 -0.794931
 -1.019833 -1.545923 -2.724561 -1.019833
 -1.173514 -1.207416 -2.965257 -1.078205
 -1.020362 -1.363305 -2.374898 -1.235472
 -1.773066 -1.197704 -1.890849 -0.974560
 -1.266494 -1.062895 -2.135527 -1.368276
 -1.499623 -0.957300 -2.153545 -1.284512
 -1.074517 -0.940987 -2.104124 -1.921806
 -2.456730 -1.029620 -1.330725 -1.228071
 -1.187844 -1.074516 -2.104129 -1.462280
 -1.623136 -0.816047 -1.994698 -1.493925
 -1.128467 -0.961413 -2.140059 -1.734599
 -2.466207 -0.925771 -1.618916 -1.137079
 -1.499437 0.000100 0.000100 0.000100
 -1.419394 0.000100 0.000100 0.000100
 -1.033348 0.000100 0.000100 0.000100
 -1.719979 0.000100 0.000100 0.000100
 -0.875470 -1.386294 -2.079437 -1.568615
 -1.386294 -1.348554 -1.754017 -1.147884
 -1.159238 -1.292769 -1.596450 -1.564702
 -1.399366 -1.635754 -1.085710 -1.510591
 -1.845825 -1.201470 -0.779477 -2.492448
 -1.974078 -0.810932 -1.155771 -2.284230
 -2.268677 -0.637269 -1.757856 -1.632694
 -2.833200 -0.712952 -1.190986 -1.916920
 -1.223777 -1.223777 -1.292769 -1.985909
 -1.137399 -1.659587 -1.040549 -1.996058
 -1.337842 -0.959777 -1.285199 -2.550858
 -1.591087 -1.280935 -1.216396 -1.504076
 -0.778671 -1.370034 -14.014365 -1.248673
 -0.950483 -1.377926 -13.989468 -1.017924
 -0.580353 -1.530543 -14.108183 -1.496642
 -2.621021 -0.510830 -13.217681 -1.116963
 -14.408839 -14.408839 -0.000002 -14.408839
 -14.022528 -14.022528 -0.000002 -14.022528
 -1.386294 -1.386294 -1.386294 -1.386294
 -14.046625 -14.046625 -0.000002 -14.046625
 -1.386294 -1.386294 -1.386294 -1.386294
 -1.386294 -1.386294 -1.386294 -1.386294
 -15.274126 -15.274126 -15.274126 -0.000001
 -1.386294 -1.386294 -1.386294 -1.386294
 -1.386294 -1.386294 -1.386294 -1.386294
 -1.386294 -1.386294 -1.386294 -1.386294
 -1.386294 -1.386294 -1.386294 -1.386294
 -0.000001 -15.274126 -15.274126 -15.274126
 -15.274126 -0.000001 -15.274126 -15.274126
 -1.386294 -1.386294 -1.386294 -1.386294
 -1.386294 -1.386294 -1.386294 -1.386294
 -1.386294 -1.386294 -1.386294 -1.386294
 -1.386294 -1.386294 -1.386294 -1.386294
 -15.274126 -15.274126 -0.000001 -15.274126
 -1.386294 -1.386294 -1.386294 -1.386294
 -1.386294 -1.386294 -1.386294 -1.386294
 -1.386294 -1.386294 -1.386294 -1.386294
 -1.386294 -1.386294 -1.386294 -1.386294
 -15.274126 -15.274126 -15.274126 -0.000001
 -1.386294 -1.386294 -1.386294 -1.386294
 -1.386294 -1.386294 -1.386294 -1.386294
 -1.386294 -1.386294 -1.386294 -1.386294
 -1.386294 -1.386294 -1.386294 -1.386294
 -2.662585 -0.785671 -1.143804 -1.859092
 -1.791753 -1.003306 -1.791753 -1.203975
 -1.493925 -1.589235 -0.960627 -1.667196
 -1.624143 -1.158781 -1.231102 -1.624143
 -2.412922 -1.806794 -0.708188 -1.371479
 -0.972734 -1.516347 -1.573505 -1.634129
 -1.435084 -1.358124 -1.395864 -1.358124
 -0.856052 -1.446919 -1.734600 -1.811561
 -1.609437 -1.408767 -1.364316 -1.203974
 -2.226420 -0.840131 -1.022452 -2.295412
 -2.555279 -0.627398 -1.456675 -1.862138
 -2.047689 -0.869040 -1.274503 -1.760009
 -3.455235 -0.816209 -1.027518 -1.781286
 -1.558143 -1.691672 -0.804377 -1.845820
 -1.346289 -1.564542 -0.987656 -1.844126
 -1.806796 -1.113651 -1.091178 -1.762344
 -1.929905 -1.419084 -1.036094 -1.354546
