 -1.485770 0.000100 0.000100 0.000100
 -1.226551 0.000100 0.000100 0.000100
 -1.604829 0.000100 0.000100 0.000100
 -1.274947 0.000100 0.000100 0.000100
 -1.119233 -1.366092 -1.540444 -1.589234
 -0.952368 -1.625310 -1.899746 -1.317827
 -0.910562 -1.064712 -2.519988 -1.757856
 -1.660295 -0.844548 -1.851350 -1.499953
 -1.173274 -1.408113 -1.602269 -1.408113
 -1.145133 -1.448815 -1.586964 -1.417066
 -0.693150 -1.299284 -1.704746 -3.091015
 -1.925288 -1.098613 -1.098613 -1.673975
 -1.327454 -1.386294 -1.054161 -1.992428
 -0.894786 -1.377636 -1.566878 -2.036879
 -1.011602 -1.068760 -1.550597 -2.515670
 -1.421386 -1.098613 -1.247033 -1.980998
 -1.173274 -1.063274 -14.144817 -1.063274
 -1.067114 -1.570217 -14.038657 -0.802963
 -0.676055 -1.386294 -13.963934 -1.421386
 -1.262242 -1.079922 -13.180640 -0.974562
 -14.285517 -14.285517 -0.000002 -14.285517
 -14.006134 -14.006134 -0.000002 -14.006134
 -1.386294 -1.386294 -1.386294 -1.386294
 -14.234223 -14.234223 -0.000002 -14.234223
 -1.386294 -1.386294 -1.386294 -1.386294
 -1.386294 -1.386294 -1.386294 -1.386294
 -15.281079 -15.281079 -15.281079 -0.000001
 -1.386294 -1.386294 -1.386294 -1.386294
 -1.386294 -1.386294 -1.386294 -1.386294
 -1.386294 -1.386294 -1.386294 -1.386294
 -1.386294 -1.386294 -1.386294 -1.386294
 -0.000001 -15.281079 -15.281079 -15.281079
 -15.281079 -15.281079 -1.465567 -0.262596
 -1.386294 -1.386294 -1.386294 -1.386294
 -1.386294 -1.386294 -1.386294 -1.386294
 -1.386294 -1.386294 -1.386294 -1.386294
 -1.386294 -1.386294 -1.386294 -1.386294
 -1.386294 -1.386294 -1.386294 -1.386294
 -13.815515 -13.815515 -0.000003 -13.815515
 -15.018484 -15.018484 -0.000001 -15.018484
 -1.386294 -1.386294 -1.386294 -1.386294
 -1.386294 -1.386294 -1.386294 -1.386294
 -15.281079 -15.281079 -15.281079 -0.000001
 -1.386294 -1.386294 -1.386294 -1.386294
 -1.386294 -1.386294 -1.386294 -1.386294
 -1.386294 -1.386294 -1.386294 -1.386294
 -1.386294 -1.386294 -1.386294 -1.386294
 -1.976392 -1.040300 -1.628086 -1.165463
 -1.791756 -1.261132 -1.897115 -0.916293
 -1.366876 -1.316866 -2.034703 -1.060147
 -1.307157 -1.008665 -1.670061 -1.734599
 -2.959353 -1.408767 -1.121086 -0.973450
 -1.425009 -1.073612 -2.983134 -1.002154
 -1.402824 -1.277661 -3.194566 -0.833731
 -1.230541 -0.933290 -2.542717 -1.444114
 -1.784789 -1.050822 -1.918320 -1.091644
 -1.376244 -1.129385 -1.650680 -1.459625
 -1.400088 -1.176945 -1.939082 -1.199417
 -1.308334 -0.666484 -2.224609 -2.224609
 -2.820047 -1.046989 -1.328400 -1.125460
 -1.491654 -1.014732 -2.436107 -1.123931
 -1.745849 -0.893073 -1.959422 -1.290375
 -1.339774 -1.029621 -1.945907 -1.435084
 -2.014900 -1.049823 -1.529395 -1.203973
 -1.473772 0.000100 0.000100 0.000100
 -1.504077 0.000100 0.000100 0.000100
 -1.206826 0.000100 0.000100 0.000100
 -1.388005 0.000100 0.000100 0.000100
 -1.432104 -1.314321 -1.401332 -1.401332
 -1.466337 -1.341174 -1.371027 -1.371027
 -1.121735 -1.293585 -1.451214 -1.797489
 -1.428258 -1.517870 -1.133460 -1.517870
 -2.041218 -1.085710 -0.976510 -1.858897
 -1.832580 -1.226446 -1.272966 -1.321756
 -1.741115 -1.453434 -1.252763 -1.186805
 -1.753143 -1.378451 -1.130616 -1.378451
 -1.699385 -1.165305 -1.236763 -1.536867
 -1.271225 -1.634130 -1.362197 -1.315677
 -1.482686 -1.269112 -1.045969 -1.962258
 -1.273965 -1.528857 -1.050822 -1.871800
 -1.064711 -1.757857 -14.187077 -0.728240
 -1.119666 -1.306252 -14.180157 -0.909371
 -0.808217 -1.343735 -14.425279 -1.225952
 -1.386294 -1.351203 -13.928843 -0.711167
 -14.543061 -14.543061 -0.000001 -14.543061
 -14.159103 -14.159103 -0.000002 -14.159103
 -1.386294 -1.386294 -1.386294 -1.386294
 -14.678402 -14.678402 -0.000001 -14.678402
 -1.386294 -1.386294 -1.386294 -1.386294
 -1.386294 -1.386294 -1.386294 -1.386294
 -15.581953 -15.581953 -15.581953 -0.000001
 -1.386294 -1.386294 -1.386294 -1.386294
 -1.386294 -1.386294 -1.386294 -1.386294
 -1.386294 -1.386294 -1.386294 -1.386294
 -1.386294 -1.386294 -1.386294 -1.386294
 -0.000001 -15.581953 -15.581953 -15.581953
 -15.581953 -15.581953 -1.271745 -0.328979
 -1.386294 -1.386294 -1.386294 -1.386294
 -1.386294 -1.386294 -1.386294 -1.386294
 -1.386294 -1.386294 -1.386294 -1.386294
 -1.386294 -1.386294 -1.386294 -1.386294
 -1.386294 -1.386294 -1.386294 -1.386294
 -14.310209 -14.310209 -0.000002 -14.310209
 -15.252975 -15.252975 -0.000001 -15.252975
 -1.386294 -1.386294 -1.386294 -1.386294
 -1.386294 -1.386294 -1.386294 -1.386294
 -15.581953 -15.581953 -15.581953 -0.000001
 -1.386294 -1.386294 -1.386294 -1.386294
 -1.386294 -1.386294 -1.386294 -1.386294
 -1.386294 -1.386294 -1.386294 -1.386294
 -1.386294 -1.386294 -1.386294 -1.386294
 -1.195462 -1.347731 -1.341174 -1.736882
 -1.957272 -1.284330 -1.462577 -1.049016
 -1.034897 -1.765783 -1.152680 -1.845825
 -1.533930 -1.392852 -1.475090 -1.180291
 -1.862138 -1.200742 -1.456675 -1.168994
 -1.418043 -1.673975 -1.673975 -0.960211
 -1.673975 -1.280934 -1.568615 -1.119666
 -1.168571 -1.333651 -1.596014 -1.500704
 -1.579584 -2.061421 -0.762141 -1.609437
 -1.749199 -1.371906 -1.400893 -1.120592
 -1.452986 -1.419084 -1.488077 -1.209364
 -1.647416 -1.680206 -1.417843 -0.970531
 -1.720299 -1.450010 -1.237449 -1.216396
 -1.326191 -1.508512 -1.431551 -1.293401
 -1.201470 -1.754854 -1.558144 -1.152680
 -1.701374 -1.213023 -1.190550 -1.531476
 -1.125140 -2.074218 -1.077887 -1.563394
