 -1.261504 0.000100 0.000100 0.000100
 -1.239403 0.000100 0.000100 0.000100
 -1.669766 0.000100 0.000100 0.000100
 -1.431610 0.000100 0.000100 0.000100
 -1.337238 -1.473814 -1.093042 -1.753398
 -0.919028 -1.402824 -1.808288 -1.654137
 -0.950483 -1.065552 -2.006532 -2.006532
 -2.021545 -0.827626 -1.328400 -1.798403
 -0.963068 -1.512174 -1.536867 -1.699385
 -0.918886 -1.202248 -1.573810 -2.372315
 -0.720928 -1.270035 -1.892562 -2.498694
 -1.728388 -0.959258 -1.537334 -1.494775
 -0.643958 -1.888751 -1.888751 -1.758698
 -0.709862 -2.063001 -1.866291 -1.484925
 -0.350979 -1.783790 -2.430413 -3.218859
 -1.386294 -1.145133 -1.644122 -1.432814
 -2.254381 -2.602687 -0.369098 -2.043073
 -1.848916 -2.602681 -0.554999 -1.637608
 -1.477266 -2.324557 -0.609768 -2.036878
 -2.484899 -2.602681 -0.419454 -1.686398
 -13.604795 -13.604795 -0.000004 -13.604795
 -13.102169 -13.102169 -0.000006 -13.102169
 -15.219154 -15.219154 -0.000001 -15.219154
 -13.764221 -13.764221 -0.000003 -13.764221
 -1.386294 -1.386294 -1.386294 -1.386294
 -1.386294 -1.386294 -1.386294 -1.386294
 -15.659230 -15.659230 -15.659230 -0.000000
 -1.386294 -1.386294 -1.386294 -1.386294
 -1.386294 -1.386294 -1.386294 -1.386294
 -1.386294 -1.386294 -1.386294 -1.386294
 -1.386294 -1.386294 -1.386294 -1.386294
 -15.659230 -0.955828 -15.659230 -0.485310
 -1.386294 -1.386294 -1.386294 -1.386294
 -0.449637 -1.829499 -2.402016 -2.197222
 -1.386294 -1.386294 -1.386294 -1.386294
 -1.594131 -1.000735 -1.744071 -1.368459
 -14.665663 -14.665663 -0.000001 -14.665663
 -14.414350 -14.414350 -0.000002 -14.414350
 -13.710155 -13.710155 -0.000003 -13.710155
 -14.046625 -14.046625 -0.000002 -14.046625
 -1.386294 -1.386294 -1.386294 -1.386294
 -1.386294 -1.386294 -1.386294 -1.386294
 -15.659230 -15.659230 -15.659230 -0.000000
 -1.386294 -1.386294 -1.386294 -1.386294
 -1.386294 -1.386294 -1.386294 -1.386294
 -1.386294 -1.386294 -1.386294 -1.386294
 -1.386294 -1.386294 -1.386294 -1.386294
 -1.628608 -1.055262 -1.620575 -1.355139
 -1.684786 -1.106710 -1.684786 -1.209364
 -1.333185 -1.350576 -1.810108 -1.159521
 -1.190728 -1.217396 -1.609437 -1.609437
 -2.098016 -1.243603 -1.309561 -1.142507
 -1.270913 -1.245595 -2.369520 -1.084327
 -1.272181 -1.126470 -2.208272 -1.252763
 -1.114361 -1.090831 -2.143976 -1.519825
 -1.951388 -0.960992 -1.842189 -1.149044
 -1.399033 -1.507247 -1.566087 -1.130770
 -1.527945 -1.137079 -1.860078 -1.182199
 -1.011603 -1.085710 -1.945906 -1.858896
 -2.042300 -0.825908 -1.665007 -1.413693
 -1.741926 -0.968738 -1.661883 -1.364633
 -1.709521 -0.722136 -1.979810 -1.633535
 -1.828125 -0.693149 -1.945907 -1.627455
 -2.157557 -0.994409 -1.542373 -1.202048
 -1.395639 0.000100 0.000100 0.000100
 -1.350099 0.000100 0.000100 0.000100
 -1.252074 0.000100 0.000100 0.000100
 -1.574073 0.000100 0.000100 0.000100
 -1.427464 -1.382131 -1.330837 -1.407377
 -1.455762 -1.295525 -1.484666 -1.322587
 -1.376702 -1.182125 -1.393550 -1.646252
 -2.115840 -1.096122 -1.257763 -1.343181
 -1.840549 -1.206622 -0.958850 -1.840549
 -1.540049 -1.102778 -1.302058 -1.705342
 -1.602681 -1.046438 -1.358877 -1.658059
 -2.516399 -0.939633 -1.121216 -1.596544
 -1.474619 -1.347867 -1.396657 -1.332119
 -1.225581 -1.456863 -1.446168 -1.435586
 -1.495928 -1.143039 -1.331396 -1.645053
 -2.169522 -1.093010 -1.269761 -1.310583
 -1.063807 -1.450883 -1.964929 -1.271782
 -1.311142 -1.345668 -1.876998 -1.148623
 -1.031245 -1.289632 -1.891273 -1.527004
 -2.785157 -1.067507 -1.404834 -1.052660
 -16.530869 -16.530869 -0.000000 -16.530869
 -16.596191 -16.596191 -0.000000 -16.596191
 -16.112078 -16.112078 -0.000000 -16.112078
 -16.641640 -16.641640 -0.000000 -16.641640
 -1.386294 -1.386294 -1.386294 -1.386294
 -1.386294 -1.386294 -1.386294 -1.386294
 -17.876987 -17.876987 -17.876987 -0.000000
 -1.386294 -1.386294 -1.386294 -1.386294
 -1.386294 -1.386294 -1.386294 -1.386294
 -1.386294 -1.386294 -1.386294 -1.386294
 -1.386294 -1.386294 -1.386294 -1.386294
 -17.876987 -0.587029 -17.876987 -0.811878
 -1.386294 -1.386294 -1.386294 -1.386294
 -1.879109 -1.259602 -1.305394 -1.229492
 -1.386294 -1.386294 -1.386294 -1.386294
 -3.067277 -1.402720 -1.281089 -0.844457
 -15.628706 -15.628706 -0.000000 -15.628706
 -16.556351 -16.556351 -0.000000 -16.556351
 -16.582458 -16.582458 -0.000000 -16.582458
 -16.836910 -16.836910 -0.000000 -16.836910
 -1.386294 -1.386294 -1.386294 -1.386294
 -1.386294 -1.386294 -1.386294 -1.386294
 -17.876987 -17.876987 -17.876987 -0.000000
 -1.386294 -1.386294 -1.386294 -1.386294
 -1.386294 -1.386294 -1.386294 -1.386294
 -1.386294 -1.386294 -1.386294 -1.386294
 -1.386294 -1.386294 -1.386294 -1.386294
 -2.124175 -0.992959 -1.199848 -1.566620
 -1.763348 -1.162575 -1.674937 -1.113126
 -1.347539 -1.582378 -1.256956 -1.385830
 -1.472838 -1.250193 -1.236318 -1.640799
 -2.535678 -1.291885 -1.076580 -1.186524
 -1.276010 -1.371930 -1.441402 -1.466905
 -1.419665 -1.378954 -1.494412 -1.265910
 -1.122959 -1.259400 -1.587433 -1.679806
 -2.086927 -1.152228 -1.189390 -1.364168
 -1.819748 -1.257018 -1.003495 -1.677521
 -1.592217 -1.245346 -1.230373 -1.530159
 -1.548562 -1.127558 -1.443537 -1.480464
 -2.309133 -1.078511 -1.126555 -1.442217
 -1.398465 -1.488077 -1.275706 -1.394392
 -1.264854 -1.541377 -1.280822 -1.487997
 -1.378964 -1.270463 -1.225134 -1.750191
 -2.043528 -1.305396 -1.118685 -1.299548
