 -1.357439 0.000100 0.000100 0.000100
 -1.255077 0.000100 0.000100 0.000100
 -1.592631 0.000100 0.000100 0.000100
 -1.369487 0.000100 0.000100 0.000100
 -1.356794 -1.186169 -1.404422 -1.652257
 -0.876551 -1.459156 -1.924517 -1.582769
 -0.970780 -1.145133 -1.992428 -1.791758
 -2.061421 -0.663295 -1.468359 -2.061421
 -0.833434 -1.381073 -1.668754 -2.074218
 -0.763435 -1.526961 -1.787244 -1.901654
 -0.794931 -1.059082 -1.875841 -3.028509
 -1.636344 -0.795564 -1.682864 -1.782947
 -0.678110 -1.624705 -2.208651 -1.684128
 -0.781117 -1.720663 -2.251289 -1.355204
 -0.436931 -1.549333 -2.781467 -2.530156
 -2.104129 -1.271226 -1.110883 -1.315677
 -14.927369 -14.927369 -0.000001 -14.927369
 -14.100693 -14.100693 -0.000002 -14.100693
 -13.629186 -13.629186 -0.000004 -13.629186
 -14.070156 -14.070156 -0.000002 -14.070156
 -1.386294 -1.386294 -1.386294 -1.386294
 -1.386294 -1.386294 -1.386294 -1.386294
 -15.685774 -15.685774 -0.000000 -15.685774
 -1.386294 -1.386294 -1.386294 -1.386294
 -1.386294 -1.386294 -1.386294 -1.386294
 -1.386294 -1.386294 -1.386294 -1.386294
 -15.685774 -15.685774 -15.685774 -0.000000
 -1.386294 -1.386294 -1.386294 -1.386294
 -1.386294 -1.386294 -1.386294 -1.386294
 -1.386294 -1.386294 -1.386294 -1.386294
 -1.386294 -1.386294 -1.386294 -1.386294
 -0.000001 -15.685774 -15.685774 -15.685774
 -0.765006 -1.696309 -2.432380 -1.333769
 -1.386294 -1.386294 -1.386294 -1.386294
 -1.386294 -1.386294 -1.386294 -1.386294
 -1.386294 -1.386294 -1.386294 -1.386294
 -14.920769 -14.920769 -0.000001 -14.920769
 -13.989468 -13.989468 -0.000003 -13.989468
 -13.253399 -13.253399 -0.000005 -13.253399
 -14.352006 -14.352006 -0.000002 -14.352006
 -1.386294 -1.386294 -1.386294 -1.386294
 -1.386294 -1.386294 -1.386294 -1.386294
 -15.685774 -0.000001 -15.685774 -15.685774
 -1.386294 -1.386294 -1.386294 -1.386294
 -1.386294 -1.386294 -1.386294 -1.386294
 -1.207575 -1.327938 -2.021085 -1.192229
 -1.386294 -1.386294 -1.386294 -1.386294
 -1.386294 -1.386294 -1.386294 -1.386294
 -1.355835 -1.417711 -1.630271 -1.190321
 -1.536576 -1.433922 -1.340832 -1.255674
 -1.087053 -1.158511 -1.746295 -1.746295
 -2.287468 -1.205667 -1.545534 -0.952471
 -1.329136 -1.249094 -1.868131 -1.223776
 -1.397855 -1.116005 -2.519993 -1.064711
 -1.358124 -0.736951 -2.051268 -1.997201
 -1.892106 -1.103651 -1.997466 -0.962572
 -1.393215 -1.239064 -1.885689 -1.170072
 -1.501896 -1.244068 -1.999733 -1.039273
 -1.123931 -0.826681 -2.079437 -2.184796
 -2.328557 -1.024505 -1.466337 -1.162126
 -1.550597 -1.032655 -1.624705 -1.448815
 -1.266948 -1.250419 -1.750373 -1.353959
 -1.155771 -0.875470 -1.974078 -2.043071
 -2.142618 -0.896089 -1.589235 -1.307823
 -1.462834 0.000100 0.000100 0.000100
 -1.127987 0.000100 0.000100 0.000100
 -1.365460 0.000100 0.000100 0.000100
 -1.663505 0.000100 0.000100 0.000100
 -1.076141 -1.341843 -1.912384 -1.386294
 -1.593308 -1.228666 -1.256837 -1.516347
 -1.355835 -1.173514 -1.207416 -2.009758
 -1.974077 -1.018571 -1.185625 -1.637607
 -1.408767 -1.666595 -1.167606 -1.364316
 -1.412727 -1.310945 -1.526056 -1.310945
 -1.299283 -1.193923 -1.550597 -1.550597
 -1.558144 -1.558144 -1.335001 -1.152681
 -1.274503 -2.047689 -1.066865 -1.397105
 -1.904235 -1.077560 -2.240704 -0.905710
 -1.978342 -0.905710 -1.904235 -1.176000
 -1.376244 -1.599387 -1.262916 -1.337023
 -13.567055 -13.567055 -0.000004 -13.567055
 -13.835317 -13.835317 -0.000003 -13.835317
 -13.641162 -13.641162 -0.000004 -13.641162
 -13.963934 -13.963934 -0.000003 -13.963934
 -1.386294 -1.386294 -1.386294 -1.386294
 -1.386294 -1.386294 -1.386294 -1.386294
 -15.150513 -15.150513 -0.000001 -15.150513
 -1.386294 -1.386294 -1.386294 -1.386294
 -1.386294 -1.386294 -1.386294 -1.386294
 -1.386294 -1.386294 -1.386294 -1.386294
 -15.150513 -15.150513 -15.150513 -0.000001
 -1.386294 -1.386294 -1.386294 -1.386294
 -1.386294 -1.386294 -1.386294 -1.386294
 -1.386294 -1.386294 -1.386294 -1.386294
 -1.386294 -1.386294 -1.386294 -1.386294
 -0.000001 -15.150513 -15.150513 -15.150513
 -1.691676 -1.418383 -1.440361 -1.088141
 -1.386294 -1.386294 -1.386294 -1.386294
 -1.386294 -1.386294 -1.386294 -1.386294
 -1.386294 -1.386294 -1.386294 -1.386294
 -13.458841 -13.458841 -0.000004 -13.458841
 -13.732133 -13.732133 -0.000003 -13.732133
 -13.710155 -13.710155 -0.000003 -13.710155
 -14.062374 -14.062374 -0.000002 -14.062374
 -1.386294 -1.386294 -1.386294 -1.386294
 -1.386294 -1.386294 -1.386294 -1.386294
 -15.150513 -0.000001 -15.150513 -15.150513
 -1.386294 -1.386294 -1.386294 -1.386294
 -1.386294 -1.386294 -1.386294 -1.386294
 -1.418383 -1.239691 -1.474263 -1.429312
 -1.386294 -1.386294 -1.386294 -1.386294
 -1.386294 -1.386294 -1.386294 -1.386294
 -1.343735 -1.882728 -1.087803 -1.386294
 -1.655957 -1.299283 -1.368276 -1.266494
 -1.287855 -1.170072 -1.247033 -2.068008
 -1.620487 -1.215023 -1.076874 -1.802807
 -1.287855 -1.207812 -1.287855 -1.900956
 -1.150981 -1.252763 -1.751752 -1.493925
 -1.248425 -1.218572 -1.343735 -1.854558
 -1.897117 -1.163152 -1.123931 -1.548812
 -1.514127 -1.203973 -1.469676 -1.386294
 -1.261652 -1.469291 -1.326191 -1.508512
 -1.316615 -1.242507 -1.278875 -1.802120
 -1.850597 -1.252764 -1.113002 -1.475906
 -1.802807 -1.178656 -1.178656 -1.515127
 -1.553348 -1.508896 -1.033474 -1.553348
 -1.415853 -1.302525 -1.233532 -1.638996
 -2.614948 -1.362197 -0.972734 -1.228666
