 -1.393934 0.000100 0.000100 0.000100
 -1.085007 0.000100 0.000100 0.000100
 -1.675499 0.000100 0.000100 0.000100
 -1.483738 0.000100 0.000100 0.000100
 -1.123459 -1.404871 -1.332550 -1.797912
 -0.936770 -1.342234 -2.224621 -1.432385
 -1.005523 -1.148623 -1.978968 -1.721141
 -2.113572 -0.943504 -1.266277 -1.569959
 -0.969401 -1.324222 -1.484564 -2.055108
 -0.657880 -1.776491 -1.746638 -1.977161
 -0.661896 -1.435084 -1.700786 -2.756831
 -1.671472 -0.998530 -1.632252 -1.393842
 -0.649345 -1.806796 -2.064625 -1.678963
 -0.755280 -1.646251 -2.221613 -1.474401
 -0.428998 -2.026596 -2.087221 -2.374901
 -1.978342 -1.452252 -1.498772 -0.905710
 -14.962914 -14.962914 -0.000001 -14.962914
 -13.955276 -13.955276 -0.000003 -13.955276
 -13.698981 -13.698981 -0.000003 -13.698981
 -14.137597 -14.137597 -0.000002 -14.137597
 -1.386294 -1.386294 -1.386294 -1.386294
 -1.386294 -1.386294 -1.386294 -1.386294
 -15.698025 -15.698025 -0.000000 -15.698025
 -1.386294 -1.386294 -1.386294 -1.386294
 -1.386294 -1.386294 -1.386294 -1.386294
 -1.386294 -1.386294 -1.386294 -1.386294
 -15.698025 -15.698025 -15.698025 -0.000000
 -1.386294 -1.386294 -1.386294 -1.386294
 -1.386294 -1.386294 -1.386294 -1.386294
 -1.386294 -1.386294 -1.386294 -1.386294
 -1.386294 -1.386294 -1.386294 -1.386294
 -0.000001 -15.698025 -15.698025 -15.698025
 -0.915530 -1.437828 -2.659041 -1.230189
 -1.386294 -1.386294 -1.386294 -1.386294
 -1.386294 -1.386294 -1.386294 -1.386294
 -1.386294 -1.386294 -1.386294 -1.386294
 -14.782495 -14.782495 -0.000001 -14.782495
 -14.260199 -14.260199 -0.000002 -14.260199
 -13.038990 -13.038990 -0.000006 -13.038990
 -14.467837 -14.467837 -0.000002 -14.467837
 -1.386294 -1.386294 -1.386294 -1.386294
 -1.386294 -1.386294 -1.386294 -1.386294
 -0.537042 -15.698025 -0.878212 -15.698025
 -1.386294 -1.386294 -1.386294 -1.386294
 -1.375932 -1.306252 -1.687962 -1.232144
 -1.386294 -1.386294 -1.386294 -1.386294
 -1.014352 -0.899942 -2.143734 -2.175483
 -1.386294 -1.386294 -1.386294 -1.386294
 -1.200578 -1.366092 -1.471452 -1.540445
 -1.345286 -1.541996 -1.609437 -1.122143
 -1.233532 -1.108369 -1.415853 -1.995668
 -1.595548 -1.871800 -0.973861 -1.325259
 -1.445483 -1.330414 -1.495493 -1.287855
 -1.335001 -1.412963 -1.468532 -1.335001
 -1.110661 -1.074943 -1.562645 -2.122259
 -2.055342 -1.271225 -1.544518 -0.972733
 -1.392684 -1.367366 -1.472727 -1.318576
 -1.419084 -1.148210 -1.729238 -1.333927
 -0.980830 -1.018571 -1.711716 -2.484901
 -2.091274 -1.024925 -1.398129 -1.307157
 -1.380025 -1.197704 -1.457986 -1.542543
 -1.405343 -1.213452 -1.830225 -1.213452
 -1.091340 -1.091340 -1.975540 -1.661883
 -1.912902 -0.960896 -1.785069 -1.197284
 -1.552791 0.000100 0.000100 0.000100
 -1.240063 0.000100 0.000100 0.000100
 -1.283391 0.000100 0.000100 0.000100
 -1.505612 0.000100 0.000100 0.000100
 -1.595049 -1.362427 -1.205585 -1.420696
 -1.327959 -1.486564 -1.288738 -1.455792
 -1.298054 -1.353624 -1.245410 -1.710298
 -1.716335 -1.508696 -0.997871 -1.467874
 -1.587931 -1.486835 -1.134015 -1.395028
 -1.348712 -1.675395 -1.196906 -1.382048
 -1.434414 -1.112126 -1.302644 -1.825892
 -1.759719 -1.293101 -1.400346 -1.180984
 -1.504077 -1.443453 -1.216396 -1.404987
 -2.067652 -1.490338 -1.343735 -0.948423
 -1.719188 -1.026042 -1.660919 -1.300479
 -1.882730 -1.749199 -1.218572 -0.972172
 -14.316288 -14.316288 -0.000002 -14.316288
 -14.723771 -14.723771 -0.000001 -14.723771
 -14.735795 -14.735795 -0.000001 -14.735795
 -14.959735 -14.959735 -0.000001 -14.959735
 -1.386294 -1.386294 -1.386294 -1.386294
 -1.386294 -1.386294 -1.386294 -1.386294
 -16.095850 -16.095850 -0.000000 -16.095850
 -1.386294 -1.386294 -1.386294 -1.386294
 -1.386294 -1.386294 -1.386294 -1.386294
 -1.386294 -1.386294 -1.386294 -1.386294
 -16.095850 -16.095850 -16.095850 -0.000000
 -1.386294 -1.386294 -1.386294 -1.386294
 -1.386294 -1.386294 -1.386294 -1.386294
 -1.386294 -1.386294 -1.386294 -1.386294
 -1.386294 -1.386294 -1.386294 -1.386294
 -0.000000 -16.095850 -16.095850 -16.095850
 -1.726454 -1.145717 -1.767516 -1.098612
 -1.386294 -1.386294 -1.386294 -1.386294
 -1.386294 -1.386294 -1.386294 -1.386294
 -1.386294 -1.386294 -1.386294 -1.386294
 -14.369398 -14.369398 -0.000002 -14.369398
 -14.950134 -14.950134 -0.000001 -14.950134
 -14.328337 -14.328337 -0.000002 -14.328337
 -14.997239 -14.997239 -0.000001 -14.997239
 -1.386294 -1.386294 -1.386294 -1.386294
 -1.386294 -1.386294 -1.386294 -1.386294
 -0.666910 -16.095850 -0.720092 -16.095850
 -1.386294 -1.386294 -1.386294 -1.386294
 -1.366570 -1.439476 -1.221388 -1.545771
 -1.386294 -1.386294 -1.386294 -1.386294
 -1.511457 -1.134980 -1.394733 -1.560247
 -1.386294 -1.386294 -1.386294 -1.386294
 -1.323904 -1.689838 -0.973702 -1.762158
 -1.494928 -1.371696 -1.151455 -1.580450
 -1.252763 -1.320817 -1.489152 -1.505959
 -1.504077 -1.619146 -1.056053 -1.461518
 -1.210799 -1.458207 -1.197193 -1.787685
 -1.177540 -1.540445 -1.351203 -1.519825
 -1.223776 -1.504077 -1.159237 -1.772341
 -1.757857 -1.506543 -0.995718 -1.442005
 -1.460114 -1.382556 -1.156432 -1.598264
 -1.746908 -1.150389 -1.273621 -1.472472
 -1.554850 -1.191944 -1.170438 -1.743440
 -1.914818 -1.221673 -1.088142 -1.509354
 -1.760987 -1.287204 -0.953431 -1.791758
 -1.279526 -1.641641 -1.218158 -1.459319
 -1.357024 -1.331706 -1.170438 -1.781906
 -2.074427 -1.323013 -1.044810 -1.361479
