 -1.331344 0.000100 0.000100 0.000100
 -1.487423 0.000100 0.000100 0.000100
 -1.232362 0.000100 0.000100 0.000100
 -1.521791 0.000100 0.000100 0.000100
 -1.392092 -1.489730 -1.075755 -1.687555
 -1.563225 -1.147065 -1.665007 -1.259543
 -1.340250 -1.003779 -1.402126 -2.074218
 -1.704747 -1.178656 -1.178656 -1.595548
 -1.249436 -1.455287 -1.226446 -1.678430
 -1.328026 -1.155183 -1.469676 -1.660731
 -1.544197 -1.087440 -1.138733 -2.046287
 -2.010971 -1.037526 -1.206601 -1.548350
 -1.009947 -1.583292 -1.433761 -1.649983
 -1.108514 -1.342914 -1.649644 -1.529016
 -1.142819 -1.269112 -1.459156 -1.786368
 -1.920375 -0.946929 -1.575536 -1.352393
 -0.810931 -1.356441 -14.498610 -1.210730
 -1.104153 -1.104153 -14.408839 -1.087624
 -0.912777 -0.781441 -14.166170 -1.960093
 -2.064624 -0.946597 -14.108183 -0.723454
 -14.613020 -14.613020 -0.000001 -14.613020
 -14.639688 -14.639688 -0.000001 -14.639688
 -1.386294 -1.386294 -1.386294 -1.386294
 -14.533352 -14.533352 -0.000001 -14.533352
 -1.386294 -1.386294 -1.386294 -1.386294
 -1.386294 -1.386294 -1.386294 -1.386294
 -15.694976 -15.694976 -15.694976 -0.000000
 -1.386294 -1.386294 -1.386294 -1.386294
 -1.386294 -1.386294 -1.386294 -1.386294
 -1.386294 -1.386294 -1.386294 -1.386294
 -1.386294 -1.386294 -1.386294 -1.386294
 -1.258889 -1.128049 -1.521791 -1.748436
 -1.274503 -1.313724 -2.047691 -1.131403
 -1.367602 -1.245713 -1.349253 -1.618916
 -1.178656 -1.201645 -1.466337 -1.827349
 -2.171245 -1.517322 -0.929537 -1.302212
 -0.831071 -1.332550 -14.304093 -1.201930
 -1.126943 -1.109849 -14.397728 -1.060252
 -0.929112 -0.978709 -14.266589 -1.472727
 -1.312187 -0.955512 -14.260199 -1.060873
 -1.480746 -1.579837 -1.292156 -1.231531
 -1.320625 -1.409179 -1.526961 -1.303818
 -1.386294 -1.386294 -1.386294 -1.386294
 -2.007466 -1.277953 -1.391282 -1.083798
 -1.676376 -1.350955 -1.127812 -1.468738
 -1.301395 -1.212448 -1.301395 -1.843718
 -1.258955 -1.424035 -1.098613 -1.952100
 -1.781606 -1.289131 -1.088460 -1.516914
 -1.739115 -1.413693 -1.283641 -1.190550
 -1.200192 -1.386294 -1.532897 -1.456912
 -1.163151 -1.367246 -1.367246 -1.726619
 -1.767660 -1.148623 -1.378197 -1.346449
 -1.392373 -1.417066 -1.368276 -1.368276
 -1.536576 -1.177203 -1.621133 -1.276294
 -1.161925 -1.222550 -1.356081 -2.002706
 -1.785327 -1.236763 -1.488077 -1.151605
 -1.517064 -1.517064 -1.111600 -1.459906
 -1.512174 -1.313724 -1.255455 -1.488077
 -1.201797 -1.098613 -1.341559 -2.257846
 -1.862527 -1.231257 -1.149579 -1.443818
 -1.112406 -1.616310 -1.346021 -1.549619
 -1.291984 -1.196674 -1.770018 -1.375365
 -1.265667 -1.162126 -1.401798 -1.839011
 -1.747306 -1.145133 -1.356441 -1.386294
 -1.356800 0.000100 0.000100 0.000100
 -1.335304 0.000100 0.000100 0.000100
 -1.366133 0.000100 0.000100 0.000100
 -1.494562 0.000100 0.000100 0.000100
 -1.535147 -1.220056 -1.232338 -1.620740
 -1.556891 -1.134223 -1.459757 -1.447128
 -1.350435 -1.047788 -1.493024 -1.798980
 -2.167791 -0.970426 -1.284101 -1.470769
 -1.636940 -1.276265 -1.043785 -1.747387
 -1.451529 -1.291329 -1.217291 -1.635516
 -1.622755 -1.185115 -1.236085 -1.577865
 -2.227047 -1.050983 -1.052030 -1.643349
 -1.383630 -1.357090 -1.380184 -1.425483
 -1.292739 -1.317318 -1.503319 -1.447155
 -1.373903 -1.094414 -1.443061 -1.737591
 -1.700384 -1.166121 -1.383348 -1.366196
 -1.142934 -0.996087 -19.693415 -1.165405
 -1.306785 -0.861344 -19.879156 -1.181829
 -1.045069 -0.885286 -19.661892 -1.445042
 -2.412856 -0.670389 -19.589783 -0.918966
 -19.757627 -19.757627 0.000000 -19.757627
 -20.246794 -20.246794 0.000000 -20.246794
 -1.386294 -1.386294 -1.386294 -1.386294
 -19.931801 -19.931801 0.000000 -19.931801
 -1.386294 -1.386294 -1.386294 -1.386294
 -1.386294 -1.386294 -1.386294 -1.386294
 -21.098196 -21.098196 -21.098196 0.000000
 -1.386294 -1.386294 -1.386294 -1.386294
 -1.386294 -1.386294 -1.386294 -1.386294
 -1.386294 -1.386294 -1.386294 -1.386294
 -1.386294 -1.386294 -1.386294 -1.386294
 -2.074238 -0.837950 -1.469750 -1.552261
 -1.997604 -0.853792 -1.808251 -1.292432
 -1.364512 -1.447523 -1.193824 -1.578509
 -1.672344 -1.180832 -1.106473 -1.746134
 -2.378417 -1.051446 -1.147602 -1.425144
 -1.039903 -1.156538 -19.439564 -1.102809
 -1.028057 -1.099851 -19.893681 -1.173191
 -0.979929 -0.992171 -19.877340 -1.370849
 -1.569878 -0.787338 -19.560083 -1.088044
 -1.511133 -1.253638 -1.239653 -1.587720
 -1.569025 -1.164340 -1.471133 -1.386463
 -1.386294 -1.386294 -1.386294 -1.386294
 -2.156753 -1.010072 -1.298958 -1.397189
 -1.586066 -1.362959 -1.099844 -1.577721
 -1.385433 -1.379340 -1.207886 -1.613387
 -1.425520 -1.174109 -1.219960 -1.862523
 -2.189475 -1.137191 -1.051867 -1.523166
 -1.306630 -1.392827 -1.449089 -1.401965
 -1.321320 -1.377058 -1.448592 -1.402438
 -1.238090 -1.253438 -1.439086 -1.674528
 -1.959434 -1.122455 -1.325360 -1.317235
 -1.517165 -1.262895 -1.227921 -1.585077
 -1.513191 -1.165942 -1.465839 -1.438510
 -1.307684 -1.082775 -1.515065 -1.765473
 -2.124921 -0.999199 -1.298957 -1.428922
 -1.632888 -1.275877 -1.116014 -1.620162
 -1.380310 -1.324384 -1.265314 -1.607531
 -1.433037 -1.104487 -1.314723 -1.823330
 -2.126253 -1.065744 -1.143067 -1.525992
 -1.330766 -1.400722 -1.443969 -1.373113
 -1.338274 -1.392640 -1.467551 -1.351723
 -1.259320 -1.226649 -1.455529 -1.662824
 -1.920293 -1.150705 -1.301925 -1.327969
