 -1.249930 0.000100 0.000100 0.000100
 -1.382048 0.000100 0.000100 0.000100
 -1.458331 0.000100 0.000100 0.000100
 -1.470601 0.000100 0.000100 0.000100
 -1.300935 -1.213923 -1.265217 -1.907069
 -0.971458 -1.438480 -1.620801 -1.679641
 -1.039424 -1.056816 -1.634130 -2.266650
 -1.829498 -0.882905 -1.504077 -1.591088
 -0.828067 -1.590206 -1.543686 -1.926677
 -0.747707 -1.682865 -1.636345 -1.924026
 -0.826680 -1.411612 -1.411612 -2.590261
 -2.019335 -0.649852 -1.682864 -1.837014
 -0.437901 -2.346068 -2.309700 -1.835244
 -0.650131 -1.802808 -2.313632 -1.540445
 -0.453919 -2.224620 -1.906168 -2.224620
 -1.536867 -1.588160 -1.536867 -1.006240
 -15.179049 -15.179049 -0.000001 -15.179049
 -13.732133 -13.732133 -0.000003 -13.732133
 -13.687682 -13.687682 -0.000003 -13.687682
 -14.108183 -14.108183 -0.000002 -14.108183
 -1.386294 -1.386294 -1.386294 -1.386294
 -1.386294 -1.386294 -1.386294 -1.386294
 -15.768538 -15.768538 -0.000000 -15.768538
 -1.386294 -1.386294 -1.386294 -1.386294
 -1.386294 -1.386294 -1.386294 -1.386294
 -1.386294 -1.386294 -1.386294 -1.386294
 -15.768538 -15.768538 -15.768538 -0.000000
 -1.386294 -1.386294 -1.386294 -1.386294
 -1.386294 -1.386294 -1.386294 -1.386294
 -1.386294 -1.386294 -1.386294 -1.386294
 -1.386294 -1.386294 -1.386294 -1.386294
 -0.363793 -2.447323 -1.933225 -2.606953
 -0.796243 -1.281751 -2.697896 -1.589235
 -0.975382 -1.166436 -1.913645 -1.808285
 -1.014056 -1.128466 -1.446919 -2.545523
 -1.243195 -1.243195 -1.466336 -1.648656
 -0.727516 -1.579485 -14.900702 -1.168571
 -0.906487 -1.270155 -14.523548 -1.154323
 -0.922723 -0.922723 -13.567055 -1.584119
 -1.090831 -1.556193 -14.062374 -0.791589
 -1.606099 -1.693110 -1.223107 -1.136096
 -1.644123 -1.838278 -1.258461 -1.011602
 -1.386294 -1.386294 -1.386294 -1.386294
 -1.854559 -1.882730 -1.218572 -0.927220
 -1.401798 -1.256617 -1.648658 -1.284016
 -1.159767 -1.133099 -2.131624 -1.403389
 -1.284825 -1.543686 -1.456675 -1.284825
 -1.351066 -1.431108 -1.305945 -1.465010
 -1.538701 -1.402126 -1.786537 -0.989594
 -1.358745 -1.316185 -1.786187 -1.180053
 -1.054442 -1.151605 -1.711220 -1.865370
 -2.057461 -1.185624 -1.342809 -1.185624
 -1.603358 -1.488948 -1.208046 -1.293204
 -1.401484 -1.285972 -1.532104 -1.342061
 -1.282395 -1.048781 -1.587776 -1.784485
 -1.990804 -1.212137 -1.391184 -1.148623
 -1.413693 -1.147065 -1.531476 -1.500704
 -1.589732 -1.012846 -1.747956 -1.352061
 -1.313022 -0.998530 -1.586315 -1.845825
 -2.001478 -1.061473 -1.349155 -1.349155
 -1.470852 -1.236013 -1.563225 -1.308333
 -1.431851 -1.078572 -2.043651 -1.232722
 -1.373049 -1.003303 -1.576648 -1.752538
 -1.742968 -0.997637 -1.548813 -1.411612
 -1.338059 0.000100 0.000100 0.000100
 -1.288752 0.000100 0.000100 0.000100
 -1.437429 0.000100 0.000100 0.000100
 -1.493909 0.000100 0.000100 0.000100
 -1.654660 -1.227926 -1.013122 -1.878233
 -1.498344 -1.154598 -1.303962 -1.661460
 -1.442775 -1.085716 -1.256810 -1.955395
 -2.334991 -0.970764 -1.077703 -1.692719
 -1.325202 -1.409998 -1.236409 -1.611031
 -1.140713 -1.442439 -1.366372 -1.665860
 -1.357536 -1.147282 -1.252042 -1.971216
 -2.091104 -1.151928 -1.159293 -1.399522
 -1.058489 -1.515425 -1.692036 -1.389656
 -1.340816 -1.493380 -1.914230 -1.004302
 -1.035632 -1.343160 -1.992916 -1.395613
 -2.254150 -1.252181 -1.219706 -1.158873
 -18.684967 -18.684967 0.000000 -18.684967
 -18.548195 -18.548195 0.000000 -18.548195
 -18.246326 -18.246326 0.000000 -18.246326
 -18.727798 -18.727798 0.000000 -18.727798
 -1.386294 -1.386294 -1.386294 -1.386294
 -1.386294 -1.386294 -1.386294 -1.386294
 -19.954964 -19.954964 0.000000 -19.954964
 -1.386294 -1.386294 -1.386294 -1.386294
 -1.386294 -1.386294 -1.386294 -1.386294
 -1.386294 -1.386294 -1.386294 -1.386294
 -19.954964 -19.954964 -19.954964 0.000000
 -1.386294 -1.386294 -1.386294 -1.386294
 -1.386294 -1.386294 -1.386294 -1.386294
 -1.386294 -1.386294 -1.386294 -1.386294
 -1.386294 -1.386294 -1.386294 -1.386294
 -2.062425 -1.120585 -1.046562 -1.631565
 -1.793627 -1.180565 -1.426608 -1.250307
 -1.217106 -1.532105 -1.196332 -1.684523
 -1.609806 -1.237015 -1.078853 -1.772904
 -2.162243 -1.071967 -1.076162 -1.600987
 -1.007026 -1.136837 -18.396286 -1.158795
 -1.206713 -1.084997 -18.676252 -1.013578
 -0.914787 -1.074617 -18.800350 -1.354913
 -1.676657 -0.744029 -18.325380 -1.085282
 -1.683813 -1.325450 -1.018364 -1.674154
 -1.577522 -1.289120 -1.223097 -1.497523
 -1.386294 -1.386294 -1.386294 -1.386294
 -2.385499 -1.172557 -0.998832 -1.469357
 -1.376729 -1.492167 -1.209474 -1.494512
 -1.270205 -1.526026 -1.200779 -1.605106
 -1.356733 -1.348865 -1.094616 -1.908542
 -2.048978 -1.285276 -1.019973 -1.452628
 -1.276316 -1.432819 -1.384193 -1.461987
 -1.366991 -1.380866 -1.484946 -1.319563
 -1.125939 -1.317598 -1.513349 -1.672893
 -1.964875 -1.147358 -1.321311 -1.288925
 -1.705658 -1.340737 -0.980278 -1.706568
 -1.511344 -1.275593 -1.210005 -1.599857
 -1.395306 -1.127666 -1.288228 -1.879306
 -2.238874 -1.139974 -1.044429 -1.506423
 -1.468873 -1.367313 -1.211066 -1.527191
 -1.295195 -1.439160 -1.238349 -1.613616
 -1.360599 -1.264421 -1.169196 -1.893968
 -2.025195 -1.201322 -1.085389 -1.472003
 -1.360986 -1.333577 -1.402620 -1.451975
 -1.423520 -1.359316 -1.463840 -1.305811
 -1.195285 -1.263417 -1.500749 -1.651653
 -1.958763 -1.148097 -1.280822 -1.332115
