 -1.338016 0.000100 0.000100 0.000100
 -1.321756 0.000100 0.000100 0.000100
 -1.441557 0.000100 0.000100 0.000100
 -1.450689 0.000100 0.000100 0.000100
 -1.370034 -1.307514 -1.370034 -1.508184
 -1.106710 -1.323774 -1.684786 -1.524444
 -0.829281 -1.442384 -1.564986 -2.135527
 -1.983295 -0.953680 -1.359143 -1.513294
 -1.167606 -1.537979 -1.408767 -1.471287
 -0.966015 -1.496642 -1.762344 -1.496642
 -0.869772 -1.321756 -1.609437 -2.169049
 -2.025949 -1.014353 -1.375365 -1.375365
 -1.033655 -1.825891 -1.569959 -1.290375
 -1.353505 -1.568615 -2.014900 -0.916292
 -0.820982 -1.660730 -2.120259 -1.386294
 -2.954894 -1.009001 -1.163152 -1.306252
 -14.100693 -14.100693 -0.000002 -14.100693
 -13.845074 -13.845074 -0.000003 -13.845074
 -13.698981 -13.698981 -0.000003 -13.698981
 -14.151986 -14.151986 -0.000002 -14.151986
 -1.386294 -1.386294 -1.386294 -1.386294
 -1.386294 -1.386294 -1.386294 -1.386294
 -15.352379 -15.352379 -0.000001 -15.352379
 -1.386294 -1.386294 -1.386294 -1.386294
 -1.386294 -1.386294 -1.386294 -1.386294
 -1.386294 -1.386294 -1.386294 -1.386294
 -15.352379 -15.352379 -15.352379 -0.000001
 -1.386294 -1.386294 -1.386294 -1.386294
 -1.386294 -1.386294 -1.386294 -1.386294
 -1.386294 -1.386294 -1.386294 -1.386294
 -1.386294 -1.386294 -1.386294 -1.386294
 -0.000001 -15.352379 -15.352379 -15.352379
 -1.079443 -1.397105 -2.531118 -1.098613
 -1.386294 -1.386294 -1.386294 -1.386294
 -1.386294 -1.386294 -1.386294 -1.386294
 -1.386294 -1.386294 -1.386294 -1.386294
 -14.272938 -14.272938 -0.000002 -14.272938
 -13.955276 -13.955276 -0.000003 -13.955276
 -12.821269 -12.821269 -0.000008 -12.821269
 -14.253768 -14.253768 -0.000002 -14.253768
 -1.386294 -1.386294 -1.386294 -1.386294
 -1.386294 -1.386294 -1.386294 -1.386294
 -15.352379 -15.352379 -15.352379 -0.000001
 -1.386294 -1.386294 -1.386294 -1.386294
 -1.386294 -1.386294 -1.386294 -1.386294
 -1.386294 -1.386294 -1.386294 -1.386294
 -1.386294 -1.386294 -1.386294 -1.386294
 -15.352379 -15.352379 -15.352379 -0.000001
 -1.386294 -1.386294 -1.386294 -1.386294
 -1.386294 -1.386294 -1.386294 -1.386294
 -1.386294 -1.386294 -1.386294 -1.386294
 -2.923158 -1.687690 -0.932552 -1.000374
 -1.609434 -1.021656 -1.832572 -1.272967
 -1.276294 -1.563975 -2.151757 -0.927988
 -1.317666 -1.115142 -1.842189 -1.402824
 -2.576709 -1.152680 -1.452784 -0.982781
 -1.620487 -1.178656 -1.466337 -1.332806
 -2.004318 -1.056940 -1.857716 -1.016935
 -1.051546 -1.160745 -1.779781 -1.779781
 -2.612734 -1.249436 -1.297063 -1.003303
 -1.165753 -1.510591 -1.399366 -1.510591
 -1.687769 -1.176945 -1.725509 -1.112406
 -1.326871 -1.217672 -1.326871 -1.751752
 -2.330752 -1.256242 -1.568615 -0.892277
 -1.504076 0.000100 0.000100 0.000100
 -1.034076 0.000100 0.000100 0.000100
 -1.408767 0.000100 0.000100 0.000100
 -1.727217 0.000100 0.000100 0.000100
 -0.916306 -1.609428 -1.203979 -2.302525
 -2.079417 -1.163156 -1.163156 -1.386294
 -1.704734 -0.788474 -1.299286 -2.397832
 -2.079391 -0.980846 -0.980846 -2.079391
 -11.407610 -2.197169 -1.098623 -0.587811
 -1.321757 -1.321757 -1.609431 -1.321757
 -1.540440 -1.540440 -1.252767 -1.252767
 -11.156308 -1.252770 -1.252770 -0.847322
 -0.847322 -1.252770 -1.945867 -1.945867
 -1.609428 -1.609428 -1.609428 -0.916306
 -1.386294 -1.098621 -1.791743 -1.386294
 -1.386294 -2.079417 -0.980838 -1.386294
 -11.695280 -11.695280 -0.000025 -11.695280
 -11.512965 -11.512965 -0.000030 -11.512965
 -11.608273 -11.608273 -0.000027 -11.608273
 -11.695280 -11.695280 -0.000025 -11.695280
 -1.386294 -1.386294 -1.386294 -1.386294
 -1.386294 -1.386294 -1.386294 -1.386294
 -13.017012 -13.017012 -0.000007 -13.017012
 -1.386294 -1.386294 -1.386294 -1.386294
 -1.386294 -1.386294 -1.386294 -1.386294
 -1.386294 -1.386294 -1.386294 -1.386294
 -13.017012 -13.017012 -13.017012 -0.000007
 -1.386294 -1.386294 -1.386294 -1.386294
 -1.386294 -1.386294 -1.386294 -1.386294
 -1.386294 -1.386294 -1.386294 -1.386294
 -1.386294 -1.386294 -1.386294 -1.386294
 -0.000007 -13.017012 -13.017012 -13.017012
 -2.197213 -0.973452 -1.609436 -1.167607
 -1.386294 -1.386294 -1.386294 -1.386294
 -1.386294 -1.386294 -1.386294 -1.386294
 -1.386294 -1.386294 -1.386294 -1.386294
 -10.819859 -10.819859 -0.000060 -10.819859
 -12.043577 -12.043577 -0.000018 -12.043577
 -11.407610 -11.407610 -0.000033 -11.407610
 -11.849426 -11.849426 -0.000021 -11.849426
 -1.386294 -1.386294 -1.386294 -1.386294
 -1.386294 -1.386294 -1.386294 -1.386294
 -13.017012 -13.017012 -13.017012 -0.000007
 -1.386294 -1.386294 -1.386294 -1.386294
 -1.386294 -1.386294 -1.386294 -1.386294
 -1.386294 -1.386294 -1.386294 -1.386294
 -1.386294 -1.386294 -1.386294 -1.386294
 -13.017012 -13.017012 -13.017012 -0.000007
 -1.386294 -1.386294 -1.386294 -1.386294
 -1.386294 -1.386294 -1.386294 -1.386294
 -1.386294 -1.386294 -1.386294 -1.386294
 -2.197213 -2.014895 -0.973452 -0.973452
 -1.609418 -0.916321 -1.609418 -1.609418
 -1.098629 -1.791726 -1.098629 -1.791726
 -1.223779 -1.446918 -1.223779 -1.734591
 -1.446918 -12.043577 -1.223779 -0.753783
 -2.484840 -1.791743 -1.386294 -0.693164
 -0.847322 -11.156307 -1.945867 -0.847322
 -0.773204 -1.871783 -1.871783 -1.466334
 -1.466334 -1.871783 -0.955522 -1.466334
 -1.178661 -1.871783 -1.466334 -1.178661
 -11.002167 -1.791726 -1.791726 -0.405507
 -1.704734 -0.788474 -2.397832 -1.299286
 -2.707977 -2.014880 -0.628623 -1.321757
