#                                                                            --- full sequence --- -------------- this domain -------------   hmm coord   ali coord   env coord
# target name        accession   tlen query name           accession   qlen   E-value  score  bias   #  of  c-Evalue  i-Evalue  score  bias  from    to  from    to  from    to  acc description of target
#------------------- ---------- ----- -------------------- ---------- ----- --------- ------ ----- --- --- --------- --------- ------ ----- ----- ----- ----- ----- ----- ----- ---- ---------------------
AA5                  -           1281 FUN_006901-T1        -            614   7.5e-17   55.6  13.2   1   2         1     7e+02  -12.4  21.9   237   298   352   414   340   497 0.80 -
AA5                  -           1281 FUN_006901-T1        -            614   7.5e-17   55.6  13.2   2   2   1.1e-19   7.5e-17   55.6  13.2   153   247   496   590   482   607 0.84 -
PL20                 -            229 FUN_006919-T1        -            258  5.3e-116  381.4  11.4   1   1  8.4e-119  5.9e-116  381.2  11.4     1   228    24   257    24   258 1.00 -
GH15                 -            361 FUN_006922-T1        -            659   1.5e-78  259.9   0.4   1   1   5.5e-81   1.9e-78  259.5   0.4    17   360    90   490    75   491 0.92 -
CBM20                -             90 FUN_006922-T1        -            659   1.7e-26   87.7   0.6   1   1   1.2e-28   4.1e-26   86.5   0.6     1    85   557   644   557   648 0.96 -
AA1_2                -            337 FUN_006988-T1        -            634  2.6e-154  508.6   6.8   1   2  1.6e-156  2.8e-154  508.6   1.0     2   336    41   376    40   377 0.99 -
AA1_2                -            337 FUN_006988-T1        -            634  2.6e-154  508.6   6.8   2   2     0.018       3.2    2.0   0.5    18    49   393   423   381   503 0.51 -
AA1                  -            358 FUN_006988-T1        -            634  1.7e-108  358.8   1.4   1   1  1.2e-110  2.2e-108  358.4   1.4     7   357    39   487    27   488 0.85 -
AA1_1                -            303 FUN_006988-T1        -            634   4.5e-65  215.1   0.0   1   2     7e-67   1.2e-64  213.7   0.0     2   298    34   327    33   332 0.89 -
AA1_1                -            303 FUN_006988-T1        -            634   4.5e-65  215.1   0.0   2   2      0.39        68   -2.2   0.0    82   111   464   492   454   512 0.78 -
AA1_3                -            312 FUN_006988-T1        -            634   5.4e-65  215.0   0.8   1   3   7.7e-65   1.3e-62  207.1   0.2    11   297    19   303    13   313 0.87 -
AA1_3                -            312 FUN_006988-T1        -            634   5.4e-65  215.0   0.8   2   3      0.37        65   -2.1   0.1    50    74   395   418   375   429 0.62 -
AA1_3                -            312 FUN_006988-T1        -            634   5.4e-65  215.0   0.8   3   3    0.0024      0.43    5.1   0.0    93   129   455   491   452   507 0.90 -
GH109                -            399 FUN_007025-T1        -            391   6.1e-16   53.4   0.0   1   1   1.3e-18   9.3e-16   52.8   0.0    30   158    41   164     7   179 0.84 -
CE5                  -            189 FUN_007095-T1        -            307   2.9e-47  156.6   2.8   1   1   5.9e-50   4.1e-47  156.1   2.8     4   188    28   222    25   223 0.91 -
GT2_Glycos_transf_2  PF00535.25   170 FUN_007158-T1        -            243   9.9e-37  121.8   0.0   1   1   1.7e-39   1.2e-36  121.5   0.0     1   169    12   181    12   182 0.97 Glycosyl transferase family 2
GH92                 -            491 FUN_007187-T1        -            807  1.1e-164  544.3   0.0   1   1    2e-167  1.4e-164  543.9   0.0     3   490   266   785   265   786 0.96 -
GH79                 -            455 FUN_007191-T1        -            488   3.4e-61  202.9   6.7   1   1   5.9e-64   4.1e-61  202.6   6.7     2   425    23   452    22   468 0.80 -
GH16_3               -            230 FUN_007200-T1        -            299   1.5e-31  105.4   0.0   1   1     1e-33   2.4e-31  104.8   0.0     1   214    52   258    52   268 0.87 -
GH16                 -            189 FUN_007200-T1        -            299   9.4e-26   86.9   0.2   1   1   5.4e-28   1.2e-25   86.5   0.2    12   176    64   260    51   290 0.74 -
GH16_5               -            238 FUN_007200-T1        -            299   6.3e-19   63.4   0.0   1   1   3.6e-21   8.3e-19   63.0   0.0    63   219    90   255    49   267 0.79 -
GH55                 -            740 FUN_007201-T1        -            764  3.8e-162  536.6  18.0   1   1  6.7e-165  4.7e-162  536.3  18.0     8   714    32   733    26   760 0.90 -
PL7_4                -            214 FUN_007205-T1        -            248   4.2e-88  289.8   0.5   1   1   3.4e-90   4.8e-88  289.7   0.5     1   214    29   248    29   248 0.96 -
PL7                  -            231 FUN_007205-T1        -            248   3.9e-45  149.8   0.0   1   1   3.2e-47   4.4e-45  149.6   0.0     1   231    29   248    29   248 0.92 -
PL7_1                -            219 FUN_007205-T1        -            248   2.8e-23   77.8   0.0   1   1   2.3e-25   3.2e-23   77.6   0.0     2   219    30   248    29   248 0.79 -
PL7_3                -            214 FUN_007205-T1        -            248   1.1e-20   69.7   0.0   1   1     9e-23   1.3e-20   69.5   0.0     1   193    30   235    30   248 0.78 -
PL7_5                -            267 FUN_007205-T1        -            248   2.3e-16   55.5   0.0   1   1   1.2e-13   1.7e-11   39.5   0.0     1   255    29   238    29   248 0.62 -
GH30_7               -            443 FUN_007221-T1        -            438  6.7e-151  498.3   7.3   1   2   9.1e-98   6.4e-96  317.2   0.2     3   248    28   269    26   272 0.98 -
GH30_7               -            443 FUN_007221-T1        -            438  6.7e-151  498.3   7.3   2   2   1.1e-57   7.7e-56  185.1   2.2   276   443   271   436   267   436 0.98 -
GH30                 -            417 FUN_007221-T1        -            438   1.1e-76  253.9   0.4   1   1   8.1e-78   5.6e-76  251.6   0.4     9   415    22   436    16   438 0.87 -
GH30_3               -            417 FUN_007221-T1        -            438   1.7e-41  137.8   0.0   1   2   1.2e-33   8.1e-32  105.9   0.0     4   220    27   248    24   272 0.83 -
GH30_3               -            417 FUN_007221-T1        -            438   1.7e-41  137.8   0.0   2   2   1.5e-10     1e-08   29.8   0.1   305   391   296   407   275   437 0.70 -
GH30_1               -            416 FUN_007221-T1        -            438   5.2e-33  109.7   0.0   1   2   1.1e-27   7.5e-26   86.1   0.0     3   212    28   244    26   271 0.85 -
GH30_1               -            416 FUN_007221-T1        -            438   5.2e-33  109.7   0.0   2   2   4.9e-08   3.4e-06   21.4   0.0   320   400   313   393   275   411 0.85 -
GH30_6               -            450 FUN_007221-T1        -            438   2.3e-30  101.3   2.9   1   3      0.28        20   -0.7   0.0     2    55    30    89    29    95 0.72 -
GH30_6               -            450 FUN_007221-T1        -            438   2.3e-30  101.3   2.9   2   3   6.5e-12   4.6e-10   34.4   0.0   105   208   124   235   113   246 0.75 -
GH30_6               -            450 FUN_007221-T1        -            438   2.3e-30  101.3   2.9   3   3     2e-21   1.4e-19   65.7   0.5   291   445   279   430   268   435 0.87 -
GH30_8               -            342 FUN_007221-T1        -            438     9e-30   99.4   1.8   1   2   1.8e-15   1.3e-13   46.3   0.1     2   157    29   224    28   233 0.77 -
GH30_8               -            342 FUN_007221-T1        -            438     9e-30   99.4   1.8   2   2     2e-17   1.4e-15   52.7   0.3   236   339   277   393   228   396 0.81 -
GH30_4               -            484 FUN_007221-T1        -            438     2e-27   91.7   3.7   1   2   2.9e-10     2e-08   29.0   0.0     2   185    29   205    28   256 0.78 -
GH30_4               -            484 FUN_007221-T1        -            438     2e-27   91.7   3.7   2   2   1.3e-19   9.2e-18   59.8   1.4   324   483   284   435   275   436 0.87 -
GH30_2               -            417 FUN_007221-T1        -            438     1e-22   75.9   0.1   1   2   1.5e-19     1e-17   59.4   0.0     2   221    30   240    29   266 0.83 -
GH30_2               -            417 FUN_007221-T1        -            438     1e-22   75.9   0.1   2   2   8.3e-06   0.00058   14.1   0.1   296   414   296   409   279   435 0.83 -
GH30_5               -            456 FUN_007221-T1        -            438     8e-18   60.1   0.5   1   2     5e-08   3.5e-06   21.7   0.0     1   240    30   256    30   264 0.77 -
GH30_5               -            456 FUN_007221-T1        -            438     8e-18   60.1   0.5   2   2   6.7e-12   4.7e-10   34.5   0.2   262   456   251   435   247   435 0.83 -
GH30_9               -            442 FUN_007221-T1        -            438   2.6e-16   54.5   0.1   1   3   0.00035     0.025    8.4   0.0     5    66    29    92    25    98 0.85 -
GH30_9               -            442 FUN_007221-T1        -            438   2.6e-16   54.5   0.1   2   3   7.7e-15   5.4e-13   43.6   0.0   116   240   126   246   120   266 0.85 -
GH30_9               -            442 FUN_007221-T1        -            438   2.6e-16   54.5   0.1   3   3       1.2        81   -3.2   0.0   375   425   348   393   313   398 0.61 -
GH7                  -            415 FUN_007225-T1        -            495  2.8e-174  575.0  14.6   1   1    1e-176  3.7e-174  574.6  14.6     2   414    20   428    19   429 0.98 -
CBM1                 -             29 FUN_007225-T1        -            495     9e-16   53.1   8.1   1   4     0.015       5.3    2.6   1.9    15    25    35    45    33    46 0.89 -
CBM1                 -             29 FUN_007225-T1        -            495     9e-16   53.1   8.1   2   4       1.5   5.1e+02   -3.7   2.2     7    23    70    85    66    88 0.65 -
CBM1                 -             29 FUN_007225-T1        -            495     9e-16   53.1   8.1   3   4      0.94   3.3e+02   -3.1   0.1    19    28   224   233   223   233 0.71 -
CBM1                 -             29 FUN_007225-T1        -            495     9e-16   53.1   8.1   4   4   2.6e-18     9e-16   53.1   8.1     1    29   463   491   463   491 0.99 -
GH92                 -            491 FUN_007238-T1        -            674  1.6e-148  491.0   0.0   1   1  2.8e-151    2e-148  490.7   0.0     2   491   158   659   157   659 0.95 -
GH20                 -            337 FUN_007245-T1        -            603   7.5e-86  283.9   0.0   1   1   1.5e-88     1e-85  283.5   0.0     8   336   207   550   200   551 0.92 -
GH3                  -            216 FUN_007247-T1        -            533   2.3e-58  192.7   0.0   1   1   5.5e-61   3.9e-58  192.0   0.0     8   215    69   291    62   292 0.94 -
AA3_3                -            590 FUN_007253-T1        -            616    2e-264  873.8   0.0   1   1  1.3e-266  2.2e-264  873.7   0.0     1   590     8   613     8   613 0.99 -
AA3_2                -            568 FUN_007253-T1        -            616  2.4e-127  421.4   0.0   1   1  1.6e-129  2.9e-127  421.1   0.0     2   567     9   610     8   611 0.85 -
AA3                  -            618 FUN_007253-T1        -            616   2.1e-82  272.8   0.0   1   1   1.4e-84   2.4e-82  272.6   0.0    85   401     5   612     1   614 0.88 -
AA3_1                -            548 FUN_007253-T1        -            616   3.3e-42  140.2   0.0   1   2   5.7e-33     1e-30  102.3   0.0    10   287     3   302     1   324 0.79 -
AA3_1                -            548 FUN_007253-T1        -            616   3.3e-42  140.2   0.0   2   2   1.5e-12   2.6e-10   34.9   0.0   476   546   542   609   502   611 0.84 -
CE4                  -            130 FUN_007255-T1        -            495   1.2e-33  111.5   0.0   1   1     3e-36   2.1e-33  110.7   0.0     8   125   144   271   139   275 0.93 -
AA7                  -            458 FUN_007318-T1        -            485   1.1e-59  198.7   1.5   1   1   1.3e-59   9.1e-57  189.1   1.5    12   454    56   474    49   476 0.71 -
GH92                 -            491 FUN_007323-T1        -            821  1.7e-167  553.5   0.0   1   1  3.1e-170  2.1e-167  553.2   0.0     4   490   267   802   265   803 0.97 -
GH95                 -            722 FUN_007341-T1        -            802  1.7e-181  600.6   0.2   1   1  3.1e-184  2.1e-181  600.2   0.2     6   705    19   786    14   799 0.90 -
GH18                 -            296 FUN_007362-T1        -            401     2e-23   79.0   3.1   1   1   3.8e-25   2.6e-22   75.3   3.1     5   290    34   322    31   328 0.71 -
GH64                 -            367 FUN_007369-T1        -            449   4.9e-92  304.4   0.0   1   1   8.3e-95   5.8e-92  304.2   0.0     3   367    72   445    70   445 0.93 -
GT32                 -             90 FUN_007465-T1        -            373   1.2e-18   62.8   0.0   1   1   4.3e-21     3e-18   61.5   0.0     5    88   107   188   104   190 0.90 -
GT8                  -            257 FUN_007468-T1        -            369   1.5e-21   72.7   0.1   1   1   2.8e-24   1.9e-21   72.3   0.1    26   256    66   316    42   317 0.81 -
AA1_3                -            312 FUN_007491-T1        -            563    8e-123  405.0   0.0   1   2  4.6e-125    8e-123  405.0   0.0     1   309    36   353    36   357 0.96 -
AA1_3                -            312 FUN_007491-T1        -            563    8e-123  405.0   0.0   2   2      0.34        59   -1.9   1.6    68    78   450   460   413   527 0.52 -
AA1                  -            358 FUN_007491-T1        -            563  2.7e-115  381.1   0.0   1   1    2e-117  3.5e-115  380.8   0.0     7   357    65   520    55   521 0.82 -
AA1_2                -            337 FUN_007491-T1        -            563   1.2e-71  236.9   0.0   1   2   5.3e-72   9.2e-70  230.7   0.0     2   328    67   412    66   421 0.86 -
AA1_2                -            337 FUN_007491-T1        -            563   1.2e-71  236.9   0.0   2   2    0.0048      0.83    4.0   0.4    21   101   434   525   418   534 0.68 -
AA1_1                -            303 FUN_007491-T1        -            563   5.8e-65  214.8   0.0   1   1   5.1e-67     9e-65  214.1   0.0     1   279    60   347    60   366 0.87 -
GH16_4               -            316 FUN_007544-T1        -            483  4.6e-112  369.6   5.5   1   2       1.5   2.1e+02   -3.8   0.0   269   282    87   105    83   110 0.62 -
GH16_4               -            316 FUN_007544-T1        -            483  4.6e-112  369.6   5.5   2   2  3.3e-114  4.6e-112  369.6   5.5     2   313   151   471   150   473 0.95 -
GH16_3               -            230 FUN_007544-T1        -            483   2.8e-47  156.9   1.0   1   1     5e-49     7e-47  155.6   1.0     4   209   151   428   149   442 0.84 -
GH16                 -            189 FUN_007544-T1        -            483   2.4e-37  124.7   8.1   1   1   2.7e-39   3.7e-37  124.1   8.1     4   176   150   439   148   471 0.81 -
GH16_5               -            238 FUN_007544-T1        -            483     4e-24   80.4   0.1   1   2     9e-23   1.3e-20   69.0   0.4    58   204   189   381   162   382 0.76 -
GH16_5               -            238 FUN_007544-T1        -            483     4e-24   80.4   0.1   2   2   0.00023     0.032    8.7   0.0   197   215   408   426   399   438 0.78 -
GH16_6               -            274 FUN_007544-T1        -            483   1.3e-18   62.6   1.7   1   1   4.3e-19     6e-17   57.2   1.7    74   252   246   426   148   436 0.80 -
GT2_Glyco_trans_2_3  PF13632.5    197 FUN_007545-T1        -            894   2.9e-53  176.1   2.8   1   2   4.2e-56   2.9e-53  176.1   2.8     1   186   511   719   511   729 0.82 Glycosyl transferase family group 2
GT2_Glyco_trans_2_3  PF13632.5    197 FUN_007545-T1        -            894   2.9e-53  176.1   2.8   2   2      0.16   1.1e+02   -2.0   0.5   152   194   774   790   726   852 0.58 Glycosyl transferase family group 2
GH47                 -            446 FUN_007560-T1        -            549  5.1e-151  499.0   0.0   1   1  8.3e-154  5.8e-151  498.8   0.0     2   445    72   546    71   547 0.94 -
GH92                 -            491 FUN_007596-T1        -            794  6.5e-159  525.3   0.0   1   1  1.2e-161  8.1e-159  524.9   0.0     5   490   266   774   263   775 0.96 -
GH16_18              -            158 FUN_007598-T1        -            392     2e-67  221.0   0.8   1   1   1.9e-69   3.3e-67  220.4   0.8     2   158    70   227    69   227 0.98 -
GH16_19              -            174 FUN_007598-T1        -            392     1e-43  144.2   0.6   1   1   9.4e-46   1.6e-43  143.5   0.6     9   174    68   230    60   230 0.92 -
GH16                 -            189 FUN_007598-T1        -            392   5.7e-23   77.8   0.3   1   2   3.2e-25   5.7e-23   77.8   0.3    52   176    81   223    41   249 0.80 -
GH16                 -            189 FUN_007598-T1        -            392   5.7e-23   77.8   0.3   2   2       1.3   2.2e+02   -2.3   0.2   112   115   305   308   255   351 0.53 -
GH16_21              -            206 FUN_007598-T1        -            392   3.3e-19   64.5   0.1   1   1   3.1e-21   5.4e-19   63.8   0.1    56   186    83   216    42   231 0.84 -
GH47                 -            446 FUN_007627-T1        -            564  7.1e-158  521.6   0.0   1   1  1.2e-160  8.1e-158  521.4   0.0     1   446    98   558    98   558 0.96 -
AA12                 -            401 FUN_007628-T1        -            512  4.8e-165  544.4   0.0   1   1  7.9e-168  5.5e-165  544.2   0.0     8   401    34   427    26   427 0.96 -
GH15                 -            361 FUN_007633-T1        -            676   5.7e-77  254.7   0.0   1   2      0.35   2.5e+02   -4.0   0.1   191   210   122   141   113   144 0.74 -
GH15                 -            361 FUN_007633-T1        -            676   5.7e-77  254.7   0.0   2   2   1.3e-79   9.4e-77  254.0   0.0     2   360   285   662   284   663 0.88 -
GT76                 -            407 FUN_007689-T1        -            436  1.9e-113  374.9  12.4   1   1    3e-116  2.1e-113  374.8  12.4     2   407    16   436    15   436 0.96 -
GH47                 -            446 FUN_007692-T1        -            523  1.8e-132  437.9   0.0   1   1    3e-135  2.1e-132  437.7   0.0     1   445    42   511    42   512 0.94 -
GH18                 -            296 FUN_007706-T1        -            376   1.5e-52  174.6   4.4   1   1   2.6e-55   1.8e-52  174.3   4.4     4   284    21   357    18   367 0.83 -
GH18                 -            296 FUN_007714-T1        -            438     3e-71  236.0   1.7   1   1   5.3e-74   3.7e-71  235.7   1.7     2   287    44   404    43   412 0.85 -
AA7                  -            458 FUN_007732-T1        -            129   7.3e-17   57.5   0.1   1   1     1e-19   7.3e-17   57.5   0.1   138   225     2    88     1   126 0.72 -
GT2_Glyco_trans_2_3  PF13632.5    197 FUN_007758-T1        -            637   4.4e-20   67.8   0.5   1   2      0.71     5e+02   -4.1   1.1   159   174    46    62    35    76 0.49 Glycosyl transferase family group 2
GT2_Glyco_trans_2_3  PF13632.5    197 FUN_007758-T1        -            637   4.4e-20   67.8   0.5   2   2   6.3e-23   4.4e-20   67.8   0.5     1   182   250   514   250   540 0.79 Glycosyl transferase family group 2
AA4                  -            522 FUN_007857-T1        -            542   9.6e-24   79.3   0.0   1   1   6.1e-26   2.1e-23   78.1   0.0    11   238   110   328   101   341 0.81 -
AA7                  -            458 FUN_007857-T1        -            542   1.5e-19   66.4   0.0   1   1     1e-21   3.6e-19   65.1   0.0     8   200   146   344   139   381 0.87 -
GH74                 -            233 FUN_007859-T1        -           1508   5.9e-29   96.5  15.8   1   7   1.4e-12     1e-09   33.6   0.0    36   111    51   121    29   149 0.86 -
GH74                 -            233 FUN_007859-T1        -           1508   5.9e-29   96.5  15.8   2   7   9.8e-09   6.9e-06   21.0   0.1    42   118   381   470   261   476 0.78 -
GH74                 -            233 FUN_007859-T1        -           1508   5.9e-29   96.5  15.8   3   7    0.0016       1.1    3.9   0.0    38    70   481   517   473   543 0.68 -
GH74                 -            233 FUN_007859-T1        -           1508   5.9e-29   96.5  15.8   4   7   0.00012     0.083    7.7   0.0    93   116   734   764   682   784 0.62 -
GH74                 -            233 FUN_007859-T1        -           1508   5.9e-29   96.5  15.8   5   7   6.1e-06    0.0043   11.9   0.0    44   116   781   860   774   889 0.76 -
GH74                 -            233 FUN_007859-T1        -           1508   5.9e-29   96.5  15.8   6   7   2.3e-05     0.016   10.0   3.5    31   114  1026  1141   983  1152 0.77 -
GH74                 -            233 FUN_007859-T1        -           1508   5.9e-29   96.5  15.8   7   7   4.6e-07   0.00032   15.6   6.8    38   112  1113  1185  1085  1204 0.75 -
GH47                 -            446 FUN_007862-T1        -            697    6e-167  551.5   0.1   1   1    1e-169    7e-167  551.3   0.1     1   446   171   664   171   664 0.95 -
GT39                 -            223 FUN_007867-T1        -            773   3.9e-70  231.3  18.0   1   3   5.6e-73   3.9e-70  231.3  18.0     2   223    61   305    60   305 0.97 -
GT39                 -            223 FUN_007867-T1        -            773   3.9e-70  231.3  18.0   2   3     0.043        30   -0.5   0.0   120   159   572   616   555   623 0.67 -
GT39                 -            223 FUN_007867-T1        -            773   3.9e-70  231.3  18.0   3   3      0.04        28   -0.4   0.1   146   179   708   741   633   762 0.59 -
GT69                 -            239 FUN_007868-T1        -            415   1.4e-85  282.1   0.0   1   1   2.8e-88   1.9e-85  281.6   0.0     1   238    63   318    63   319 0.97 -
GH5_7                -            289 FUN_007913-T1        -            866   1.1e-69  230.2   1.2   1   2     1e-71   1.8e-69  229.5   0.1     2   221    62   281    61   296 0.88 -
GH5_7                -            289 FUN_007913-T1        -            866   1.1e-69  230.2   1.2   2   2      0.19        33   -1.1   0.1   270   289   285   304   281   304 0.84 -
GH5_30               -            436 FUN_007913-T1        -            866   1.8e-53  177.4  18.2   1   4   1.6e-32   2.8e-30  101.0   0.3     5    99    46   141    42   142 0.95 -
GH5_30               -            436 FUN_007913-T1        -            866   1.8e-53  177.4  18.2   2   4   9.1e-28   1.6e-25   85.3   1.2   131   231   142   233   141   243 0.95 -
GH5_30               -            436 FUN_007913-T1        -            866   1.8e-53  177.4  18.2   3   4    0.0047      0.82    3.9   0.1   321   355   244   278   235   321 0.81 -
GH5_30               -            436 FUN_007913-T1        -            866   1.8e-53  177.4  18.2   4   4      0.33        58   -2.2   0.8   205   287   302   410   279   454 0.58 -
GH5                  -            275 FUN_007913-T1        -            866   8.9e-27   89.7   5.2   1   1   8.8e-29   1.5e-26   89.0   5.2    12   235    47   328    35   339 0.69 -
GH5_41               -            256 FUN_007913-T1        -            866   1.1e-23   79.4   0.0   1   1     1e-25   1.8e-23   78.6   0.0     5   169    68   230    65   241 0.88 -
GH18                 -            296 FUN_007940-T1        -           1062   8.6e-52  172.1   2.3   1   1     2e-54   1.4e-51  171.4   2.3     5   278   335   656   332   666 0.84 -
GH27                 -            229 FUN_007956-T1        -            433   3.2e-58  192.4   2.7   1   2      0.15        53   -1.3   0.1    18    31    72    85    67   115 0.76 -
GH27                 -            229 FUN_007956-T1        -            433   3.2e-58  192.4   2.7   2   2   9.1e-61   3.2e-58  192.4   2.7     2   228   134   406   112   407 0.89 -
GH36                 -            688 FUN_007956-T1        -            433   5.5e-17   56.9   0.1   1   2   3.5e-19   1.2e-16   55.8   0.0   305   388    37   122    17   124 0.89 -
GH36                 -            688 FUN_007956-T1        -            433   5.5e-17   56.9   0.1   2   2      0.22        77   -3.0   0.0   562   597   285   320   279   324 0.73 -
GT22                 -            389 FUN_007981-T1        -            659   3.1e-92  305.1  34.1   1   1   5.2e-95   3.7e-92  304.9  34.1     2   389    59   509    58   509 0.90 -
GT20                 -            475 FUN_008016-T1        -            905    6e-159  524.9   0.2   1   1  1.3e-161  9.4e-159  524.3   0.2    32   475   156   613   132   613 0.93 -
GH13_25              -            434 FUN_008064-T1        -           1557  5.7e-211  696.1   0.0   1   2   3.7e-09   1.3e-06   22.7   0.0   169   218   240   285   222   305 0.89 -
GH13_25              -            434 FUN_008064-T1        -           1557  5.7e-211  696.1   0.0   2   2  6.2e-206  2.2e-203  671.1   0.0     2   434  1091  1542  1090  1542 0.99 -
GH133                -            372 FUN_008064-T1        -           1557  9.4e-157  517.0   0.0   1   1  4.1e-159  1.4e-156  516.4   0.0     5   371  1083  1542  1079  1543 0.97 -
GH92                 -            491 FUN_008100-T1        -            854  3.5e-155  513.0   3.0   1   1  6.1e-158  4.3e-155  512.7   3.0     3   491   339   845   337   845 0.95 -
GT59                 -            404 FUN_008110-T1        -            696  4.5e-136  449.7   2.1   1   1    2e-138  1.4e-135  448.1   2.1     2   404    68   613    67   613 0.94 -
GT15                 -            273 FUN_008168-T1        -            406  5.6e-126  415.0   9.4   1   1  9.8e-129  6.9e-126  414.7   9.4     1   272    83   353    83   354 0.99 -
GT58                 -            364 FUN_008176-T1        -            420  4.1e-144  475.9  18.9   1   1  7.1e-147    5e-144  475.6  18.9     4   364    26   389    23   389 0.97 -
GH55                 -            740 FUN_008193-T1        -            767  1.4e-201  667.0  10.2   1   1  2.4e-204  1.7e-201  666.7  10.2     5   732    24   751    20   761 0.92 -
GT64                 -            248 FUN_008200-T1        -            350   1.3e-52  173.7   0.0   1   1   2.3e-55   1.6e-52  173.4   0.0     1   244    87   332    87   335 0.92 -
GT32                 -             90 FUN_008201-T1        -            359   6.3e-20   66.9   0.0   1   1   1.6e-22   1.1e-19   66.1   0.0     3    84    89   165    87   169 0.93 -
GH5_5                -            282 FUN_008232-T1        -            355     1e-95  315.6   1.0   1   1   1.1e-97   1.2e-95  315.3   1.0    30   281    73   329    43   330 0.95 -
GH5                  -            275 FUN_008232-T1        -            355   1.6e-34  115.2   0.8   1   1   1.9e-36   2.2e-34  114.7   0.8    38   238    75   329    49   342 0.78 -
GH5_4                -            276 FUN_008232-T1        -            355   5.6e-23   77.4   0.0   1   1   7.5e-25   8.8e-23   76.8   0.0    13   260    74   309    68   323 0.80 -
GH5_25               -            262 FUN_008232-T1        -            355   2.2e-20   68.3   0.0   1   1   8.4e-21   9.8e-19   62.9   0.0    15   172    79   249    74   320 0.76 -
GH5_39               -            293 FUN_008232-T1        -            355   2.2e-19   65.4   0.0   1   2   5.1e-19     6e-17   57.4   0.0    16   152    80   216    73   250 0.84 -
GH5_39               -            293 FUN_008232-T1        -            355   2.2e-19   65.4   0.0   2   2    0.0018      0.22    6.3   0.0   225   260   256   291   224   321 0.83 -
GH5_8                -            253 FUN_008232-T1        -            355     1e-16   56.7   0.3   1   1   1.3e-18   1.5e-16   56.1   0.3    46   243   102   320    77   326 0.69 -
GH79                 -            455 FUN_008235-T1        -            414   8.6e-27   89.5   0.4   1   1   1.7e-29   1.2e-26   89.0   0.4    48   389     5   341     4   390 0.77 -
GH105                -            332 FUN_008237-T1        -            372  2.4e-107  354.4   2.0   1   1  5.7e-110    4e-107  353.7   2.0     8   331    47   368    31   369 0.95 -
GH6                  -            294 FUN_008238-T1        -            328   2.1e-92  305.3   0.8   1   1   3.7e-95   2.6e-92  305.0   0.8    20   290     2   287     1   293 0.96 -
CE4                  -            130 FUN_008246-T1        -            260   7.7e-19   63.6   0.1   1   2     3e-21   2.1e-18   62.2   0.0    30   127     2   100     1   103 0.94 -
CE4                  -            130 FUN_008246-T1        -            260   7.7e-19   63.6   0.1   2   2      0.21   1.5e+02   -2.0   0.0    14    29   181   196   179   203 0.81 -
GH5_15               -            300 FUN_008248-T1        -            429  2.2e-128  423.0   3.1   1   1  4.5e-130  2.9e-128  422.6   3.1     3   299    98   400    96   401 0.98 -
GH5_9                -            303 FUN_008248-T1        -            429   5.9e-39  129.9   4.1   1   2   3.5e-35   2.2e-33  111.6   0.0     1   235   106   356   106   363 0.85 -
GH5_9                -            303 FUN_008248-T1        -            429   5.9e-39  129.9   4.1   2   2   9.6e-07   6.1e-05   18.2   2.7   276   303   363   392   355   392 0.89 -
GH5                  -            275 FUN_008248-T1        -            429   2.4e-28   94.9   7.4   1   1   5.5e-30   3.5e-28   94.3   7.4    20   257   100   414    86   422 0.68 -
GH5_50               -            283 FUN_008248-T1        -            429   1.6e-27   92.0   4.3   1   1   2.1e-28   1.3e-26   89.0   4.3     2   281   105   392   104   393 0.76 -
GH5_49               -            293 FUN_008248-T1        -            429   1.9e-21   71.9   1.0   1   1   8.2e-23   5.2e-21   70.5   1.0     1   290   103   394   103   396 0.76 -
GH5_46               -            257 FUN_008248-T1        -            429   1.4e-18   62.6   0.5   1   2       4.7     3e+02   -4.0   0.0   146   182    38    74    30    81 0.76 -
GH5_46               -            257 FUN_008248-T1        -            429   1.4e-18   62.6   0.5   2   2   9.2e-20   5.8e-18   60.6   0.5     5   164   102   271    98   392 0.70 -
GH5_47               -            220 FUN_008248-T1        -            429   3.1e-17   58.3   0.1   1   1   8.8e-19   5.6e-17   57.5   0.1    18   140   107   236    94   242 0.82 -
GH5_22               -            286 FUN_008248-T1        -            429   4.8e-17   57.9   0.0   1   1   1.1e-18   7.1e-17   57.3   0.0    16   167   103   272    87   391 0.73 -
GH5_14               -            277 FUN_008248-T1        -            429   7.9e-17   57.0   6.0   1   1   3.4e-18   2.2e-16   55.5   6.0     3   275   104   398   102   400 0.79 -
GH5_54               -            263 FUN_008248-T1        -            429   3.6e-16   54.9   0.1   1   1   1.1e-17     7e-16   53.9   0.1    13   143   102   240    92   270 0.81 -
GH5_45               -            299 FUN_008248-T1        -            429   6.6e-16   53.8   2.1   1   2   9.4e-17     6e-15   50.6   0.1     2   135   104   236   103   275 0.82 -
GH5_45               -            299 FUN_008248-T1        -            429   6.6e-16   53.8   2.1   2   2     0.042       2.7    2.5   0.4   275   298   367   392   331   393 0.74 -
GH28                 -            325 FUN_008253-T1        -            457   1.2e-55  184.3   7.9   1   1   2.2e-58   1.5e-55  184.0   7.9    44   319   113   438    68   444 0.82 -
GH65                 -            372 FUN_008261-T1        -            631   1.4e-69  230.2   2.6   1   1   1.1e-71   7.6e-69  227.8   2.6     1   296   366   626   366   630 0.96 -
GH45                 -            198 FUN_008294-T1        -            242   4.1e-18   62.0  18.2   1   3   1.5e-11   1.1e-08   31.3   9.7     1   113    20   115    20   117 0.87 -
GH45                 -            198 FUN_008294-T1        -            242   4.1e-18   62.0  18.2   2   3   3.7e-11   2.6e-08   30.0   0.1   151   197   115   166   111   168 0.93 -
GH45                 -            198 FUN_008294-T1        -            242   4.1e-18   62.0  18.2   3   3         1     7e+02   -4.0   0.3    15    32   217   233   208   239 0.51 -
GH24                 -            137 FUN_008314-T1        -            268   7.5e-39  128.4   0.0   1   1   1.4e-41   9.6e-39  128.0   0.0     1   137   108   250   108   250 0.96 -
AA5                  -           1281 FUN_008348-T1        -           1557   1.8e-94  312.7  86.8   1   3   2.2e-41   1.6e-38  127.4  42.5    52   319   916  1207   902  1210 0.76 -
AA5                  -           1281 FUN_008348-T1        -           1557   1.8e-94  312.7  86.8   2   3   2.5e-49   1.8e-46  153.7  26.4    53   277  1192  1440  1189  1447 0.81 -
AA5                  -           1281 FUN_008348-T1        -           1557   1.8e-94  312.7  86.8   3   3   1.2e-16   8.1e-14   45.5   6.6    51   142  1451  1550  1442  1555 0.69 -
GH18                 -            296 FUN_008368-T1        -            359   1.5e-18   63.0   0.3   1   1   3.6e-21   2.5e-18   62.3   0.3     4   211    34   293    32   350 0.68 -
GT32                 -             90 FUN_008389-T1        -            366   2.4e-22   74.7   0.2   1   1   7.1e-25     5e-22   73.7   0.2     2    83   117   193   116   200 0.93 -
AA7                  -            458 FUN_008395-T1        -            502   1.7e-54  181.5   3.2   1   1   4.7e-56   3.3e-53  177.3   3.2    19   455    78   494    63   497 0.71 -
AA7                  -            458 FUN_008397-T1        -            510   3.3e-54  180.6   0.1   1   1   1.1e-56   7.4e-54  179.5   0.1    14   453    81   502    69   507 0.73 -
GH64                 -            367 FUN_008422-T1        -            445   3.2e-83  275.4   0.0   1   1   6.4e-86   4.5e-83  274.9   0.0     4   367    66   440    64   440 0.91 -
GT34                 -            246 FUN_008448-T1        -            310   6.8e-78  257.0   0.0   1   1   1.1e-80     8e-78  256.8   0.0     2   242    66   292    65   297 0.95 -
GH5_5                -            282 FUN_008468-T1        -            438   5.5e-89  293.5   0.1   1   1   3.8e-91   6.7e-89  293.2   0.1     1   281    24   316    24   317 0.97 -
GH5                  -            275 FUN_008468-T1        -            438   1.4e-31  105.5   0.1   1   1     1e-33   1.8e-31  105.1   0.1    40   237    66   315    27   334 0.76 -
GH5_4                -            276 FUN_008468-T1        -            438   2.6e-20   68.7   0.2   1   1   2.1e-22   3.7e-20   68.2   0.2    17   244    66   281    60   314 0.72 -
GH5_25               -            262 FUN_008468-T1        -            438   1.2e-17   59.3   0.0   1   1   8.8e-19   1.5e-16   55.7   0.0    17   150    69   205    61   296 0.79 -
AA3_2                -            568 FUN_008477-T1        -            578  3.7e-166  549.5   0.0   1   1  2.4e-168  4.1e-166  549.4   0.0     2   567     3   576     2   577 0.92 -
AA3                  -            618 FUN_008477-T1        -            578   1.8e-88  292.9   0.0   1   1   1.2e-90     2e-88  292.7   0.0    88   400     2   577     1   578 0.88 -
AA3_3                -            590 FUN_008477-T1        -            578   1.1e-71  237.3   0.0   1   2   2.6e-56   4.5e-54  179.2   0.0     2   448     3   467     2   473 0.78 -
AA3_3                -            590 FUN_008477-T1        -            578   1.1e-71  237.3   0.0   2   2   4.1e-18   7.1e-16   53.0   0.0   500   588   489   577   474   578 0.86 -
AA3_1                -            548 FUN_008477-T1        -            578   3.2e-58  193.0   0.1   1   2   3.6e-36   6.3e-34  112.8   0.1    16   375     3   361     1   396 0.77 -
AA3_1                -            548 FUN_008477-T1        -            578   3.2e-58  193.0   0.1   2   2   1.9e-25   3.3e-23   77.4   0.0   391   544   425   574   412   576 0.86 -
CE5                  -            189 FUN_008488-T1        -            235   6.9e-43  142.4   7.0   1   1   1.1e-45     8e-43  142.2   7.0     1   187    29   232    29   234 0.93 -
AA2                  -            255 FUN_008491-T1        -            564   1.8e-26   88.6   0.3   1   1   3.7e-29   2.6e-26   88.0   0.3    18   244    67   295    59   303 0.79 -
AA1                  -            358 FUN_008534-T1        -            610   1.8e-73  243.6   0.0   1   1   1.5e-74   2.6e-72  239.8   0.0     6   357    41   587    36   588 0.71 -
AA1_3                -            312 FUN_008534-T1        -            610   4.4e-55  182.4   3.1   1   3   7.3e-49   1.3e-46  154.6   0.4    11   201    28   232    22   250 0.81 -
AA1_3                -            312 FUN_008534-T1        -            610   4.4e-55  182.4   3.1   2   3   3.7e-09   6.4e-07   24.2   0.1   209   269   306   365   277   383 0.83 -
AA1_3                -            312 FUN_008534-T1        -            610   4.4e-55  182.4   3.1   3   3       1.1     2e+02   -3.6   0.0    99   125   561   587   553   590 0.77 -
AA1_2                -            337 FUN_008534-T1        -            610   9.8e-42  138.5   1.1   1   3   1.1e-32   1.9e-30  101.4   0.2     1   106    48   151    48   160 0.94 -
AA1_2                -            337 FUN_008534-T1        -            610   9.8e-42  138.5   1.1   2   3   1.4e-12   2.4e-10   35.3   0.0   169   304   303   441   282   450 0.77 -
AA1_2                -            337 FUN_008534-T1        -            610   9.8e-42  138.5   1.1   3   3         1   1.8e+02   -3.7   0.0    77    96   568   587   562   594 0.77 -
AA1_1                -            303 FUN_008534-T1        -            610   2.8e-38  127.1   0.4   1   2   2.4e-33   4.3e-31  103.5   0.0     2   172    43   227    42   238 0.85 -
AA1_1                -            303 FUN_008534-T1        -            610   2.8e-38  127.1   0.4   2   2   2.6e-08   4.5e-06   21.4   0.1   196   248   316   367   302   383 0.84 -
GH18                 -            296 FUN_008567-T1        -            401   1.5e-25   86.0   1.1   1   2   1.1e-27   7.6e-25   83.7   0.2     4   203    31   268    28   286 0.78 -
GH18                 -            296 FUN_008567-T1        -            401   1.5e-25   86.0   1.1   2   2     0.015        10    1.2   0.1   268   284   291   307   269   318 0.78 -
GH28                 -            325 FUN_008627-T1        -            379   2.9e-73  242.2  26.5   1   1     5e-76   3.5e-73  241.9  26.5    20   320    54   373    36   379 0.87 -
GH11                 -            177 FUN_008629-T1        -            229   1.7e-61  202.3  11.6   1   1   3.2e-64   2.2e-61  201.9  11.6     5   175    56   224    36   226 0.93 -
GH39                 -            431 FUN_008633-T1        -            451   7.6e-20   66.6   0.1   1   1   1.8e-22   1.2e-19   65.9   0.1   113   291   131   294   114   314 0.81 -
GH16_21              -            206 FUN_008634-T1        -            206   6.2e-25   83.2   0.3   1   1   2.1e-27   7.5e-25   83.0   0.3     4   188    14   184    11   202 0.83 -
GH16                 -            189 FUN_008634-T1        -            206   2.6e-19   65.9   1.3   1   1   8.7e-22     3e-19   65.7   1.3     7   186    14   201     8   204 0.69 -
GH64                 -            367 FUN_008661-T1        -            379  1.9e-109  361.7   0.0   1   1    3e-112  2.1e-109  361.6   0.0     1   367     3   376     3   376 0.95 -
GH16_23              -            192 FUN_008662-T1        -            395   2.7e-89  293.1   0.0   1   1   2.1e-91   3.7e-89  292.6   0.0     7   192   112   298    98   298 0.97 -
GH16_21              -            206 FUN_008662-T1        -            395   6.4e-21   70.1   0.0   1   1     1e-22   1.7e-20   68.7   0.0    54   205   136   295   117   296 0.79 -
GH16                 -            189 FUN_008662-T1        -            395   1.2e-20   70.2   0.1   1   1   9.6e-23   1.7e-20   69.8   0.1    38   189   117   298    56   298 0.63 -
GH16_22              -            216 FUN_008662-T1        -            395   4.3e-16   54.4   0.0   1   1   3.4e-18   5.9e-16   54.0   0.0    58   213   136   294    71   297 0.78 -
GT41                 -            705 FUN_008695-T1        -            961   5.9e-17   56.8   0.3   1   2   2.1e-11   1.5e-08   29.1   3.4    62   184    91   243    70   306 0.65 -
GT41                 -            705 FUN_008695-T1        -            961   5.9e-17   56.8   0.3   2   2   1.7e-08   1.2e-05   19.4   0.0    77   192   373   587   349   927 0.67 -
GT57                 -            481 FUN_008755-T1        -            501  1.4e-176  583.6  27.9   1   1  2.3e-179  1.6e-176  583.4  27.9     3   479    16   493    14   495 0.98 -
CE3                  -            194 FUN_008813-T1        -            642   1.8e-39  131.1   0.0   1   2      0.13        88   -1.7   0.0   136   164   209   238   193   243 0.60 -
CE3                  -            194 FUN_008813-T1        -            642   1.8e-39  131.1   0.0   2   2   8.7e-42   6.1e-39  129.4   0.0     1   194   424   623   424   623 0.95 -
GH72                 -            312 FUN_008883-T1        -            478  6.2e-114  375.8   0.1   1   1  1.1e-116  7.6e-114  375.5   0.1     4   312    17   332    14   332 0.97 -
GT90                 -            250 FUN_008927-T1        -            543   3.8e-63  208.8   0.0   1   1   8.7e-66   6.1e-63  208.1   0.0    13   248   257   529   245   530 0.90 -
GH16_22              -            216 FUN_008981-T1        -            427     5e-91  299.4   6.2   1   1   3.7e-93   6.5e-91  299.0   6.2     3   216    97   314    95   314 0.99 -
GH16                 -            189 FUN_008981-T1        -            427   3.8e-24   81.7   6.3   1   1   3.8e-26   6.6e-24   80.9   6.3     4   188    87   314    84   315 0.64 -
GH16_23              -            192 FUN_008981-T1        -            427     3e-20   67.8   0.5   1   1   2.9e-22   5.1e-20   67.1   0.5     6   190   132   313   125   315 0.82 -
GH16_21              -            206 FUN_008981-T1        -            427   4.3e-17   57.6   2.7   1   1   3.7e-19   6.5e-17   57.1   2.7    36   205   139   312    88   313 0.77 -
GT41                 -            705 FUN_008993-T1        -            817   2.7e-23   77.8   4.9   1   3   3.2e-14   2.2e-11   38.4   0.2    83   189   196   292   190   294 0.86 -
GT41                 -            705 FUN_008993-T1        -            817   2.7e-23   77.8   4.9   2   3     2e-08   1.4e-05   19.2   0.0   119   191   372   457   296   457 0.75 -
GT41                 -            705 FUN_008993-T1        -            817   2.7e-23   77.8   4.9   3   3   1.7e-11   1.2e-08   29.4   0.8    82   191   426   529   422   598 0.83 -
CE1                  -            227 FUN_008996-T1        -            286   8.7e-48  158.4   0.1   1   1   1.4e-50     1e-47  158.2   0.1     2   225    25   281    24   283 0.86 -
GH55                 -            740 FUN_009024-T1        -            776    6e-289  955.8  34.3   1   1    1e-291  7.3e-289  955.5  34.3     4   739    32   773    29   774 0.97 -
GH3                  -            216 FUN_009042-T1        -            874   8.1e-57  187.6   0.0   1   1   1.7e-59   1.2e-56  187.1   0.0     3   216    86   307    84   307 0.94 -
AA7                  -            458 FUN_009075-T1        -            514     1e-45  152.6   2.4   1   2     4e-44   2.8e-41  138.0   2.6     5   209    56   262    53   282 0.94 -
AA7                  -            458 FUN_009075-T1        -            514     1e-45  152.6   2.4   2   2   5.3e-06    0.0037   12.3   0.0   430   453   482   505   434   508 0.75 -
GH65                 -            372 FUN_009082-T1        -           1079   4.3e-80  264.8   0.7   1   1   1.8e-82   1.3e-79  263.2   0.7     3   369   406   769   405   772 0.95 -
CE9                  -            373 FUN_009115-T1        -            436   6.5e-16   53.2   2.7   1   3   8.1e-12   5.7e-09   30.4   0.0     1    57    23    83    23   100 0.82 -
CE9                  -            373 FUN_009115-T1        -            436   6.5e-16   53.2   2.7   2   3     0.024        17   -0.8   0.3   178   212   234   267   224   295 0.73 -
CE9                  -            373 FUN_009115-T1        -            436   6.5e-16   53.2   2.7   3   3   8.3e-09   5.8e-06   20.5   0.0   324   363   357   396   341   403 0.88 -
AA7                  -            458 FUN_009139-T1        -            474   1.5e-85  283.9   4.8   1   2   8.8e-83   6.2e-80  265.4   2.4     7   219    41   261    37   279 0.92 -
AA7                  -            458 FUN_009139-T1        -            474   1.5e-85  283.9   4.8   2   2   4.9e-08   3.4e-05   19.0   0.0   357   458   366   471   321   471 0.70 -
CE4                  -            130 FUN_009146-T1        -            297   7.7e-31  102.4   0.0   1   1   1.8e-33   1.3e-30  101.7   0.0     6   127    81   214    76   217 0.89 -
GT2_Chitin_synth_2   PF03142.14   527 FUN_009148-T1        -            648   7.5e-38  125.8   6.8   1   2   6.1e-09   4.3e-06   21.0   0.0    25    83   182   241   160   254 0.82 Chitin synthase
GT2_Chitin_synth_2   PF03142.14   527 FUN_009148-T1        -            648   7.5e-38  125.8   6.8   2   2   8.2e-35   5.8e-32  106.4   2.4   154   503   283   636   275   643 0.75 Chitin synthase
CBM21                -            107 FUN_009177-T1        -            769   2.1e-32  107.3   0.7   1   1   4.7e-35   3.3e-32  106.6   0.7     2   107   322   430   321   430 0.97 -
GH18                 -            296 FUN_009194-T1        -            605   1.8e-34  115.3   0.0   1   1   4.1e-37   2.9e-34  114.6   0.0     5   158   417   604   414   605 0.83 -
#
# Program:         hmmscan
# Version:         3.4 (Aug 2023)
# Pipeline mode:   SCAN
# Query file:      /home/zack/Desktop/IsariaPreferralGenome/MyGenomeSubmittedToNCBI/HypocrealesProteinSets/GENOMES/TrichodermaReesei_CBS999.97/FunannotatePredict/annotate_misc/split_prots/chunk_4.fa
# Target file:     /home/zack/funannotate_db/dbCAN.hmm
# Option settings: hmmscan --domtblout /home/zack/Desktop/IsariaPreferralGenome/MyGenomeSubmittedToNCBI/HypocrealesProteinSets/GENOMES/TrichodermaReesei_CBS999.97/FunannotatePredict/annotate_misc/split_prots/chunk_4.dbcan.txt -E 1e-15 --cpu 1 /home/zack/funannotate_db/dbCAN.hmm /home/zack/Desktop/IsariaPreferralGenome/MyGenomeSubmittedToNCBI/HypocrealesProteinSets/GENOMES/TrichodermaReesei_CBS999.97/FunannotatePredict/annotate_misc/split_prots/chunk_4.fa 
# Current dir:     /home/zack
# Date:            Mon Mar  4 00:27:57 2024
# [ok]
