#                                                                            --- full sequence --- -------------- this domain -------------   hmm coord   ali coord   env coord
# target name        accession   tlen query name           accession   qlen   E-value  score  bias   #  of  c-Evalue  i-Evalue  score  bias  from    to  from    to  from    to  acc description of target
#------------------- ---------- ----- -------------------- ---------- ----- --------- ------ ----- --- --- --------- --------- ------ ----- ----- ----- ----- ----- ----- ----- ---- ---------------------
GH18                 -            296 FUN_002326-T1        -            357   4.9e-57  189.3   0.0   1   1   8.7e-60   6.1e-57  189.0   0.0     3   284    19   342    17   351 0.84 -
GH76                 -            358 FUN_002342-T1        -            613   1.4e-56  187.8   0.0   1   1   3.9e-59   2.7e-56  186.8   0.0    19   329    64   488    53   513 0.85 -
GH2                  -            752 FUN_002357-T1        -            854   3.1e-91  302.4   5.1   1   1   5.2e-94   3.7e-91  302.2   5.1    27   572     4   760     1   846 0.73 -
GT24                 -            248 FUN_002415-T1        -           1486  2.1e-135  445.1   0.7   1   1  4.8e-138  3.3e-135  444.5   0.7     1   248  1171  1418  1171  1418 1.00 -
GT48                 -            739 FUN_002416-T1        -           1938         0 1086.0   5.3   1   2         0         0 1081.6   0.0     1   733   852  1631   852  1645 0.98 -
GT48                 -            739 FUN_002416-T1        -           1938         0 1086.0   5.3   2   2    0.0061       4.2    0.8   6.6   481   626  1686  1828  1650  1848 0.80 -
GT25                 -            181 FUN_002418-T1        -            393   6.6e-26   86.7   0.0   1   1   1.4e-28   9.8e-26   86.2   0.0     2   168    83   293    82   306 0.92 -
AA3_2                -            568 FUN_002525-T1        -            598  9.2e-175  577.9   0.0   1   1    6e-177    1e-174  577.8   0.0     1   568    12   593    12   593 0.95 -
AA3                  -            618 FUN_002525-T1        -            598   2.9e-90  298.8   0.0   1   1     2e-92   3.5e-90  298.5   0.0    86   404    10   597     5   598 0.86 -
AA3_3                -            590 FUN_002525-T1        -            598   8.2e-80  264.2   0.0   1   2   6.6e-62   1.2e-59  197.6   0.0     3   461    14   490    12   508 0.78 -
AA3_3                -            590 FUN_002525-T1        -            598   8.2e-80  264.2   0.0   2   2   6.5e-21   1.1e-18   62.3   0.2   509   588   512   593   508   595 0.96 -
AA3_1                -            548 FUN_002525-T1        -            598   1.3e-42  141.4   0.4   1   3   7.1e-18   1.2e-15   52.4   0.0    13   162    10   159     3   161 0.81 -
AA3_1                -            548 FUN_002525-T1        -            598   1.3e-42  141.4   0.4   2   3   9.9e-14   1.7e-11   38.7   0.0   213   357   225   361   218   398 0.85 -
AA3_1                -            548 FUN_002525-T1        -            598   1.3e-42  141.4   0.4   3   3   3.5e-16   6.1e-14   46.8   0.0   477   546   523   592   480   594 0.87 -
GT41                 -            705 FUN_002552-T1        -           1420   3.7e-33  110.4  21.3   1   7   2.5e-11   1.8e-08   28.8   0.8    90   192     9   182     1   254 0.65 -
GT41                 -            705 FUN_002552-T1        -           1420   3.7e-33  110.4  21.3   2   7   4.6e-08   3.3e-05   18.0   0.0    89   191   379   486   360   504 0.79 -
GT41                 -            705 FUN_002552-T1        -           1420   3.7e-33  110.4  21.3   3   7   0.00012     0.087    6.7   0.1    91   189   549   638   488   644 0.63 -
GT41                 -            705 FUN_002552-T1        -           1420   3.7e-33  110.4  21.3   4   7   1.5e-08     1e-05   19.7   0.1    60   219   665   919   657   928 0.56 -
GT41                 -            705 FUN_002552-T1        -           1420   3.7e-33  110.4  21.3   5   7     3e-10   2.1e-07   25.3   0.0    66   191   936  1050   919  1086 0.83 -
GT41                 -            705 FUN_002552-T1        -           1420   3.7e-33  110.4  21.3   6   7   8.9e-08   6.2e-05   17.1   3.3    63   236  1127  1305  1077  1341 0.52 -
GT41                 -            705 FUN_002552-T1        -           1420   3.7e-33  110.4  21.3   7   7     0.001      0.71    3.6   0.1    60   180  1242  1361  1224  1372 0.76 -
GH5_12               -            539 FUN_002554-T1        -            770  1.9e-223  738.2   1.1   1   1  1.9e-225  2.3e-223  738.0   1.1     1   539    15   548    15   548 0.99 -
GH5                  -            275 FUN_002554-T1        -            770   4.3e-31  103.9   0.1   1   1   3.9e-32   4.6e-30  100.5   0.1     4   238    15   549    12   565 0.75 -
GH5_28               -            336 FUN_002554-T1        -            770   3.4e-26   87.2   0.1   1   4    0.0016      0.19    5.8   0.0     2    23    15    36    14    49 0.87 -
GH5_28               -            336 FUN_002554-T1        -            770   3.4e-26   87.2   0.1   2   4     4e-18   4.6e-16   53.9   0.0    38   114    73   149    61   164 0.92 -
GH5_28               -            336 FUN_002554-T1        -            770   3.4e-26   87.2   0.1   3   4   1.1e-05    0.0013   12.9   0.0   145   185   211   256   204   292 0.85 -
GH5_28               -            336 FUN_002554-T1        -            770   3.4e-26   87.2   0.1   4   4   0.00017      0.02    9.1   0.0   176   302   362   506   340   530 0.74 -
GH5_27               -            324 FUN_002554-T1        -            770   2.8e-18   61.6   0.3   1   1   8.5e-20   9.8e-18   59.9   0.3     1   193    48   253    48   265 0.76 -
GH5_43               -            371 FUN_002554-T1        -            770   3.2e-18   61.2   1.0   1   2   3.3e-18   3.9e-16   54.3   0.5     1   207    15   253    15   264 0.69 -
GH5_43               -            371 FUN_002554-T1        -            770   3.2e-18   61.2   1.0   2   2      0.28        33   -1.4   0.0   271   285   420   434   412   448 0.77 -
GH5_29               -            342 FUN_002554-T1        -            770   1.3e-16   55.8   0.1   1   3   1.7e-15     2e-13   45.3   0.0     2   101    14   132    13   140 0.76 -
GH5_29               -            342 FUN_002554-T1        -            770   1.3e-16   55.8   0.1   2   3    0.0024      0.28    5.4   0.0   159   196   211   253   184   261 0.80 -
GH5_29               -            342 FUN_002554-T1        -            770   1.3e-16   55.8   0.1   3   3      0.33        38   -1.6   0.0   250   264   417   431   362   440 0.81 -
GH1                  -            429 FUN_002570-T1        -            484  5.2e-160  528.2   0.0   1   1  9.4e-163  6.5e-160  527.9   0.0     4   427     6   477     4   479 0.93 -
AA7                  -            458 FUN_002604-T1        -            571   5.2e-50  166.8   9.9   1   2   2.9e-47     2e-44  148.4   9.2    19   204   129   325   120   391 0.89 -
AA7                  -            458 FUN_002604-T1        -            571   5.2e-50  166.8   9.9   2   2   1.6e-07   0.00011   17.4   0.0   392   453   486   548   451   553 0.79 -
GT1                  -            382 FUN_002607-T1        -            512   9.7e-19   64.0   6.9   1   1     2e-21   1.4e-18   63.5   6.1   128   382   219   509   168   509 0.74 -
GH92                 -            491 FUN_002617-T1        -            810  6.1e-156  515.4   0.1   1   1  3.4e-158  2.4e-155  513.5   0.1     4   490   262   762   260   763 0.97 -
GH43_11              -            292 FUN_002623-T1        -            553  1.5e-147  485.9   0.0   1   2  6.5e-148  2.2e-146  482.1   0.0     1   292     4   295     4   295 1.00 -
GH43_11              -            292 FUN_002623-T1        -            553  1.5e-147  485.9   0.0   2   2      0.18         6    1.4   0.0   191   207   464   480   448   486 0.85 -
GH43_12              -            281 FUN_002623-T1        -            553   2.1e-92  305.0   0.1   1   2   3.9e-93   1.3e-91  302.4   0.0     1   280     5   294     5   303 0.96 -
GH43_12              -            281 FUN_002623-T1        -            553   2.1e-92  305.0   0.1   2   2      0.64        21   -0.1   0.0   183   196   467   480   463   486 0.83 -
GH43_13              -            304 FUN_002623-T1        -            553   1.7e-80  266.4   0.7   1   2   1.9e-80   6.2e-79  261.2   0.0     1   303     4   294     4   295 0.91 -
GH43_13              -            304 FUN_002623-T1        -            553   1.7e-80  266.4   0.7   2   2     0.089         3    2.8   0.1   204   220   465   481   457   488 0.84 -
GH43_14              -            291 FUN_002623-T1        -            553   4.6e-78  258.2   0.1   1   2   2.6e-78   8.6e-77  254.0   0.0     2   290     5   294     4   295 0.94 -
GH43_14              -            291 FUN_002623-T1        -            553   4.6e-78  258.2   0.1   2   2      0.19       6.2    1.7   0.0   193   207   466   480   462   486 0.82 -
GH43                 -            248 FUN_002623-T1        -            553   1.6e-63  210.4   0.6   1   2     3e-64   9.8e-63  207.8   0.6     1   247     4   295     4   296 0.83 -
GH43                 -            248 FUN_002623-T1        -            553   1.6e-63  210.4   0.6   2   2      0.68        23    0.3   0.0   151   188   398   437   344   515 0.64 -
GH43_10              -            271 FUN_002623-T1        -            553   1.4e-51  171.3   0.0   1   2     2e-52   6.8e-51  169.0   0.0     1   270     5   294     5   294 0.87 -
GH43_10              -            271 FUN_002623-T1        -            553   1.4e-51  171.3   0.0   2   2      0.94        31   -0.4   0.0   160   210   381   429   346   461 0.75 -
GH43_9               -            272 FUN_002623-T1        -            553   2.9e-49  163.3   0.0   1   2   2.1e-50     7e-49  162.0   0.0     1   272     5   295     5   295 0.84 -
GH43_9               -            272 FUN_002623-T1        -            553   2.9e-49  163.3   0.0   2   2       6.8   2.3e+02   -3.6   0.0   173   186   464   477   449   479 0.80 -
CBM91                -            200 FUN_002623-T1        -            553   1.3e-47  157.3   0.1   1   1   7.1e-49   2.4e-47  156.5   0.1     3   198   321   535   319   537 0.86 -
GH43_8               -            281 FUN_002623-T1        -            553     6e-34  113.1   0.0   1   1   2.9e-35   9.8e-34  112.3   0.0     1   280     6   294     6   295 0.82 -
GH43_34              -            280 FUN_002623-T1        -            553   1.1e-31  105.8   0.0   1   2     2e-32   6.6e-31  103.3   0.0     1   278     6   292     6   294 0.78 -
GH43_34              -            280 FUN_002623-T1        -            553   1.1e-31  105.8   0.0   2   2      0.59        20    0.0   0.0   157   221   374   441   345   459 0.74 -
GH43_15              -            274 FUN_002623-T1        -            553   7.3e-29   96.4   0.1   1   1   4.2e-30   1.4e-28   95.5   0.1     3   271     6   289     4   292 0.76 -
GH43_3               -            299 FUN_002623-T1        -            553   2.1e-27   91.5   0.1   1   2   1.2e-28   3.9e-27   90.6   0.0     2   298     5   294     4   295 0.81 -
GH43_3               -            299 FUN_002623-T1        -            553   2.1e-27   91.5   0.1   2   2       6.5   2.2e+02   -3.8   0.0    83   117   405   440   396   451 0.58 -
GH43_36              -            266 FUN_002623-T1        -            553   1.6e-24   82.4   0.0   1   2   1.1e-25   3.6e-24   81.2   0.0     2   265     6   294     5   295 0.75 -
GH43_36              -            266 FUN_002623-T1        -            553   1.6e-24   82.4   0.0   2   2       8.1   2.7e+02   -3.6   0.0   170   204   395   432   381   470 0.50 -
GH43_30              -            265 FUN_002623-T1        -            553   3.2e-24   81.2   0.0   1   1   1.5e-25   5.2e-24   80.5   0.0     3   262    14   277    13   280 0.80 -
GH43_31              -            268 FUN_002623-T1        -            553   1.5e-21   72.3   0.0   1   1   2.3e-22   7.6e-21   70.0   0.0     4   251    14   268    12   287 0.84 -
GH43_4               -            310 FUN_002623-T1        -            553   1.7e-19   65.9   0.1   1   1   6.1e-19     2e-17   59.0   0.1     4   239    15   237    13   295 0.79 -
GH43_29              -            278 FUN_002623-T1        -            553     2e-19   65.3   0.0   1   2   1.4e-20   4.8e-19   64.0   0.0     1   275     6   292     6   294 0.76 -
GH43_29              -            278 FUN_002623-T1        -            553     2e-19   65.3   0.0   2   2       7.1   2.4e+02   -3.9   0.0    72   102   394   424   374   441 0.53 -
GH43_33              -            315 FUN_002623-T1        -            553   3.4e-17   57.8   0.5   1   3   3.1e-12     1e-10   36.5   0.1     4   133    14   141    12   150 0.83 -
GH43_33              -            315 FUN_002623-T1        -            553   3.4e-17   57.8   0.5   2   3   7.2e-07   2.4e-05   18.9   0.0   211   304   186   277   177   287 0.80 -
GH43_33              -            315 FUN_002623-T1        -            553   3.4e-17   57.8   0.5   3   3       4.2   1.4e+02   -3.3   0.0   218   237   403   422   383   447 0.50 -
GH43_19              -            233 FUN_002623-T1        -            553   7.3e-17   57.4   0.0   1   1     1e-17   3.4e-16   55.3   0.0     2   175    11   237    10   264 0.87 -
GH43_5               -            287 FUN_002623-T1        -            553   8.6e-17   56.9   0.1   1   1   2.3e-17   7.7e-16   53.8   0.1     3   262    15   264    13   294 0.77 -
GH43_28              -            262 FUN_002623-T1        -            553   8.6e-16   53.6   1.4   1   1   3.7e-15   1.2e-13   46.5   1.4     2   234    14   261    13   280 0.75 -
GT20                 -            475 FUN_002664-T1        -            536  6.2e-204  673.2   0.0   1   1  1.1e-206  7.4e-204  673.0   0.0     8   474    10   478     3   479 0.97 -
GH16_18              -            158 FUN_002683-T1        -            432   1.4e-44  146.8   0.8   1   1   1.7e-46   2.9e-44  145.8   0.8     2   158    84   251    83   251 0.90 -
GH16_19              -            174 FUN_002683-T1        -            432   1.3e-39  130.8   1.4   1   1   1.1e-41   1.9e-39  130.3   1.4    15   172    88   252    53   254 0.85 -
GH16_21              -            206 FUN_002683-T1        -            432   7.2e-22   73.2   0.8   1   1   6.3e-24   1.1e-21   72.6   0.8    13   187    49   242    41   253 0.84 -
GH16                 -            189 FUN_002683-T1        -            432   1.3e-19   66.9   3.1   1   1   1.2e-21     2e-19   66.3   3.1    10   175    50   238    37   267 0.74 -
GH47                 -            446 FUN_002763-T1        -           1069  2.5e-168  556.1   0.0   1   1  4.8e-171  3.4e-168  555.7   0.0     2   446   236  1059   235  1059 0.87 -
GT69                 -            239 FUN_002873-T1        -            554   3.8e-50  166.1   0.0   1   1   7.5e-53   5.2e-50  165.6   0.0     2   233   205   453   204   459 0.95 -
GT90                 -            250 FUN_002882-T1        -            673   4.8e-73  241.2   0.4   1   2      0.32   2.2e+02   -3.4   0.0     2    17   233   248   233   257 0.84 -
GT90                 -            250 FUN_002882-T1        -            673   4.8e-73  241.2   0.4   2   2   1.2e-75   8.7e-73  240.4   0.1     3   248   360   646   358   647 0.94 -
GH18                 -            296 FUN_002896-T1        -            432   1.9e-81  269.5   4.3   1   1   3.4e-84   2.4e-81  269.2   4.3     3   286    41   393    39   402 0.91 -
CE9                  -            373 FUN_003017-T1        -            437  1.7e-116  384.2   0.0   1   1    3e-119  2.1e-116  383.9   0.0     1   363    18   409    18   416 0.91 -
GH3                  -            216 FUN_003018-T1        -            929   1.5e-49  163.9   0.0   1   1   3.9e-52   2.7e-49  163.1   0.0     9   215    86   311    78   312 0.91 -
AA7                  -            458 FUN_003023-T1        -            502   1.6e-52  175.1   5.2   1   2   3.9e-52   2.7e-49  164.4   2.1     6   211    65   269    60   332 0.90 -
AA7                  -            458 FUN_003023-T1        -            502   1.6e-52  175.1   5.2   2   2   8.4e-06    0.0059   11.7   0.1   390   453   429   493   415   495 0.83 -
GH5_9                -            303 FUN_003031-T1        -            762  3.5e-103  340.8  13.0   1   1  9.4e-105  4.7e-103  340.4  13.0     1   303   397   719   397   719 0.96 -
GH5_45               -            299 FUN_003031-T1        -            762   9.9e-32  105.7  14.0   1   2   8.3e-32   4.2e-30  100.4   3.1     3   241   396   631   394   643 0.85 -
GH5_45               -            299 FUN_003031-T1        -            762   9.9e-32  105.7  14.0   2   2   0.00015    0.0077   10.9   3.2   275   299   696   720   688   720 0.92 -
GH5_14               -            277 FUN_003031-T1        -            762   1.8e-29   98.4   1.8   1   2   3.7e-31   1.8e-29   98.4   1.8     3   232   395   631   393   640 0.88 -
GH5_14               -            277 FUN_003031-T1        -            762   1.8e-29   98.4   1.8   2   2     0.045       2.2    3.0   4.3   246   276   695   725   683   726 0.76 -
GH5_50               -            283 FUN_003031-T1        -            762   1.8e-28   95.1   2.9   1   2   3.7e-30   1.8e-28   95.1   2.9     1   223   395   616   395   639 0.81 -
GH5_50               -            283 FUN_003031-T1        -            762   1.8e-28   95.1   2.9   2   2     0.026       1.3    3.7   1.6   248   282   687   720   672   721 0.76 -
GH5                  -            275 FUN_003031-T1        -            762   1.8e-27   92.0  18.2   1   1     9e-29   4.5e-27   90.7  18.2    20   274   389   720   381   721 0.71 -
GH5_44               -            302 FUN_003031-T1        -            762   6.5e-26   86.6   9.8   1   2     1e-21   5.1e-20   67.3   0.3     2   107   398   510   397   541 0.79 -
GH5_44               -            302 FUN_003031-T1        -            762   6.5e-26   86.6   9.8   2   2   2.4e-07   1.2e-05   20.1   4.7   156   302   540   717   523   717 0.62 -
GH5_15               -            300 FUN_003031-T1        -            762   1.8e-21   71.9  20.2   1   2   1.3e-19   6.5e-18   60.2   4.5     4   230   390   608   388   643 0.79 -
GH5_15               -            300 FUN_003031-T1        -            762   1.8e-21   71.9  20.2   2   2   2.5e-06   0.00013   16.6   7.8   255   300   685   727   669   727 0.77 -
GH5_46               -            257 FUN_003031-T1        -            762   6.7e-21   70.2   2.9   1   2   1.3e-22   6.7e-21   70.2   2.9     6   216   393   602   389   624 0.82 -
GH5_46               -            257 FUN_003031-T1        -            762   6.7e-21   70.2   2.9   2   2       1.4        72   -2.0   1.9   241   254   704   717   681   728 0.71 -
GH5_54               -            263 FUN_003031-T1        -            762   8.2e-21   70.1   5.6   1   2       5.1   2.5e+02   -3.6   0.0    58    90   234   266   227   276 0.77 -
GH5_54               -            263 FUN_003031-T1        -            762   8.2e-21   70.1   5.6   2   2   2.9e-22   1.4e-20   69.3   5.3     4   210   385   600   382   619 0.79 -
GH5_22               -            286 FUN_003031-T1        -            762   4.7e-19   64.5   3.3   1   1   1.5e-20   7.6e-19   63.8   3.3     8   216   387   607   381   643 0.80 -
GH5_33               -            278 FUN_003031-T1        -            762   1.2e-18   62.7   3.7   1   2   4.7e-16   2.3e-14   48.7   0.1     3    93   396   486   394   496 0.93 -
GH5_33               -            278 FUN_003031-T1        -            762   1.2e-18   62.7   3.7   2   2   9.8e-06   0.00049   14.8   0.5   149   271   514   641   493   646 0.76 -
GH5_37               -            313 FUN_003031-T1        -            762   8.9e-18   60.1   2.6   1   2      0.18         9    1.0   0.0     1    10   351   360   351   369 0.88 -
GH5_37               -            313 FUN_003031-T1        -            762   8.9e-18   60.1   2.6   2   2   6.6e-19   3.3e-17   58.2   0.9    14   217   395   622   386   658 0.70 -
GH5_47               -            220 FUN_003031-T1        -            762   1.5e-17   59.3   1.8   1   1   4.8e-19   2.4e-17   58.6   1.8    15   178   395   566   382   603 0.79 -
GH5_49               -            293 FUN_003031-T1        -            762   3.6e-17   57.9   2.0   1   2   7.2e-19   3.6e-17   57.9   2.0     2   214   395   599   394   646 0.78 -
GH5_49               -            293 FUN_003031-T1        -            762   3.6e-17   57.9   2.0   2   2     0.014      0.69    4.4   1.8   247   289   680   720   671   722 0.76 -
GH115                -            697 FUN_003064-T1        -            984  1.2e-232  769.8   0.0   1   2  3.9e-229  2.8e-226  748.7   0.0    13   586    20   630    16   689 0.96 -
GH115                -            697 FUN_003064-T1        -            984  1.2e-232  769.8   0.0   2   2   2.4e-08   1.7e-05   18.9   0.0   125   307   808   940   797   948 0.83 -
GH81                 -            622 FUN_003068-T1        -            839  9.8e-220  727.0   7.2   1   1  2.1e-222  1.5e-219  726.4   7.2    10   622   154   832   146   832 0.96 -
GH36                 -            688 FUN_003101-T1        -            841     3e-17   57.8   0.3   1   1   6.2e-20   4.3e-17   57.3   0.3   291   382   293   391   232   434 0.83 -
GT50                 -            262 FUN_003178-T1        -            417   8.1e-99  325.8   9.2   1   1  1.5e-101   1.1e-98  325.4   9.2     1   262   136   403   136   403 0.97 -
GT2_Chitin_synth_1   PF01644.16   163 FUN_003268-T1        -            906   1.2e-70  232.2   0.0   1   1   4.9e-73   1.7e-70  231.6   0.0     1   163   213   381   213   381 0.93 Chitin synthase
GT2_Chitin_synth_2   PF03142.14   527 FUN_003268-T1        -            906   2.4e-27   91.1   0.2   1   2   3.3e-25   1.2e-22   75.7   0.0   203   406   358   569   349   641 0.74 Chitin synthase
GT2_Chitin_synth_2   PF03142.14   527 FUN_003268-T1        -            906   2.4e-27   91.1   0.2   2   2   3.6e-06    0.0013   12.8   0.5   434   494   707   767   693   795 0.83 Chitin synthase
GT62                 -            268 FUN_003291-T1        -            404  1.4e-108  357.7   0.0   1   1  2.4e-111  1.7e-108  357.4   0.0     2   267    99   362    98   363 0.99 -
GH72                 -            312 FUN_003303-T1        -            456  6.2e-125  412.0   1.6   1   1    1e-127  7.3e-125  411.7   1.6     3   311    32   332    30   333 0.97 -
GH43_34              -            280 FUN_003329-T1        -            503    6e-100  329.8   5.6   1   1  3.8e-101  8.3e-100  329.3   5.6     1   280    36   316    36   316 0.98 -
GH43_29              -            278 FUN_003329-T1        -            503   5.2e-61  201.7   4.6   1   1   3.5e-62   7.6e-61  201.1   4.6     3   278    38   317    36   317 0.90 -
GH43                 -            248 FUN_003329-T1        -            503     8e-60  198.3  11.3   1   1   7.5e-61   1.6e-59  197.3  11.3     3   247    36   317    34   318 0.86 -
GH43_3               -            299 FUN_003329-T1        -            503   5.5e-58  191.9   5.6   1   1     4e-59   8.8e-58  191.2   5.6     3   297    36   314    35   316 0.92 -
GH43_33              -            315 FUN_003329-T1        -            503   1.5e-49  164.1   4.8   1   2   1.3e-28   2.8e-27   90.9   2.9     9   146    49   189    42   208 0.89 -
GH43_33              -            315 FUN_003329-T1        -            503   1.5e-49  164.1   4.8   2   2   3.4e-23   7.5e-22   73.1   0.0   209   315   212   315   198   315 0.92 -
GH43_16              -            311 FUN_003329-T1        -            503   1.1e-46  154.8   6.3   1   1   7.3e-48   1.6e-46  154.2   6.3     2   311    36   317    35   317 0.85 -
GH43_2               -            273 FUN_003329-T1        -            503   3.8e-46  153.1   2.8   1   1   2.4e-47   5.2e-46  152.7   2.8     2   273    44   316    43   316 0.84 -
GH43_31              -            268 FUN_003329-T1        -            503   1.2e-42  141.5   1.5   1   1   7.9e-44   1.7e-42  141.0   1.5     3   262    43   305    42   311 0.86 -
GH43_32              -            267 FUN_003329-T1        -            503   4.8e-42  139.7   3.6   1   1   9.3e-43     2e-41  137.6   3.6     1   266    53   314    53   315 0.90 -
GH43_30              -            265 FUN_003329-T1        -            503   1.3e-35  118.5   1.6   1   1   1.3e-36   2.7e-35  117.5   1.6     3   253    44   292    43   307 0.80 -
GH43_9               -            272 FUN_003329-T1        -            503   6.8e-33  109.6   4.3   1   1   4.5e-34   9.9e-33  109.1   4.3     2   271    36   316    35   317 0.81 -
GH43_19              -            233 FUN_003329-T1        -            503   1.6e-32  108.7   0.6   1   1   5.6e-33   1.2e-31  105.8   0.6     4   220    43   314    40   327 0.86 -
GH43_1               -            310 FUN_003329-T1        -            503   3.5e-32  107.1   8.0   1   2   6.7e-22   1.5e-20   69.0   4.7     6   151    41   184    37   195 0.77 -
GH43_1               -            310 FUN_003329-T1        -            503   3.5e-32  107.1   8.0   2   2   1.5e-12   3.2e-11   38.3   0.1   206   310   205   317   182   317 0.80 -
GH43_10              -            271 FUN_003329-T1        -            503     3e-31  104.6   2.6   1   1   2.5e-32   5.5e-31  103.7   2.6     2   250    36   290    19   314 0.84 -
CBM66                -            155 FUN_003329-T1        -            503   1.1e-30  102.4   2.2   1   1   8.9e-32   1.9e-30  101.6   2.2     2   155   332   495   331   495 0.94 -
GH43_26              -            294 FUN_003329-T1        -            503   1.5e-29   98.8   1.6   1   1     1e-30   2.3e-29   98.2   1.6     3   293    36   316    35   317 0.82 -
GH43_8               -            281 FUN_003329-T1        -            503   2.7e-29   97.8   1.1   1   1   2.3e-30     5e-29   96.9   1.1     2   262    37   298    36   316 0.79 -
GH43_24              -            246 FUN_003329-T1        -            503   4.5e-27   90.6   0.3   1   1   3.4e-28   7.4e-27   89.9   0.3     5   238    52   287    48   291 0.84 -
GH43_12              -            281 FUN_003329-T1        -            503   4.2e-25   84.2   0.7   1   1     3e-26   6.6e-25   83.6   0.7     2   257    36   295    35   305 0.81 -
GH43_22              -            209 FUN_003329-T1        -            503   1.6e-24   82.3   2.9   1   2   1.1e-25   2.4e-24   81.7   1.8     4   208    43   292    40   293 0.84 -
GH43_22              -            209 FUN_003329-T1        -            503   1.6e-24   82.3   2.9   2   2       2.6        57   -1.2   0.0    73   149   396   473   337   491 0.63 -
GH43_11              -            292 FUN_003329-T1        -            503   2.7e-22   74.8   1.4   1   1   1.9e-23   4.1e-22   74.2   1.4     3   289    36   314    34   317 0.75 -
GH43_5               -            287 FUN_003329-T1        -            503   1.5e-21   72.5   6.3   1   1   2.1e-22   4.6e-21   70.9   6.3     3   285    45   315    43   316 0.80 -
GH43_37              -            242 FUN_003329-T1        -            503   9.5e-21   70.0   0.1   1   2   1.4e-21     3e-20   68.4   0.0    19   236    58   272    46   280 0.73 -
GH43_37              -            242 FUN_003329-T1        -            503   9.5e-21   70.0   0.1   2   2     0.062       1.4    4.0   0.0   100   181   245   333   239   337 0.83 -
GH43_4               -            310 FUN_003329-T1        -            503   1.7e-20   69.1   6.5   1   2   1.3e-19   2.9e-18   61.8   5.2     4   228    45   255    43   264 0.82 -
GH43_4               -            310 FUN_003329-T1        -            503   1.7e-20   69.1   6.5   2   2     0.012      0.27    6.1   0.0   260   308   264   315   257   317 0.66 -
GH43_18              -            229 FUN_003329-T1        -            503   1.5e-19   66.1   3.0   1   1   1.7e-20   3.8e-19   64.8   3.0     5   228    44   276    40   277 0.81 -
GH43_14              -            291 FUN_003329-T1        -            503   2.1e-19   65.6   1.6   1   1   1.6e-20   3.5e-19   64.9   1.6     3   226    36   258    34   285 0.77 -
GH43_28              -            262 FUN_003329-T1        -            503   1.1e-17   59.8  16.7   1   1   5.4e-15   1.2e-13   46.6  16.7     2   234    44   285    43   315 0.71 -
GH43_35              -            294 FUN_003329-T1        -            503   2.6e-17   58.7   1.5   1   1     2e-18   4.4e-17   58.0   1.5    42   280    73   295    36   303 0.77 -
GH43_17              -            266 FUN_003329-T1        -            503   5.6e-17   57.2   1.6   1   1   1.6e-17   3.5e-16   54.5   1.6    15   230    53   253    42   293 0.71 -
GH43_15              -            274 FUN_003329-T1        -            503   7.1e-17   57.1   3.8   1   2   3.3e-18   7.1e-17   57.1   3.8     3   246    36   287    35   307 0.75 -
GH43_15              -            274 FUN_003329-T1        -            503   7.1e-17   57.1   3.8   2   2       8.3   1.8e+02   -3.3   0.0   114   131   450   468   400   477 0.69 -
GH117                -            211 FUN_003329-T1        -            503   7.5e-16   53.7   6.5   1   2   6.2e-12   1.3e-10   36.6   2.9    28   163    60   202    39   209 0.72 -
GH117                -            211 FUN_003329-T1        -            503   7.5e-16   53.7   6.5   2   2   8.8e-06   0.00019   16.5   0.1    55   155   213   303   206   308 0.79 -
GH43_23              -            199 FUN_003329-T1        -            503   7.5e-16   54.1   4.3   1   2   3.8e-16   8.4e-15   50.7   3.2    10   182    50   292    43   309 0.79 -
GH43_23              -            199 FUN_003329-T1        -            503   7.5e-16   54.1   4.3   2   2       4.3        94   -1.7   0.0   143   175   333   368   298   380 0.65 -
GH76                 -            358 FUN_003334-T1        -            456   1.2e-98  326.1   8.2   1   1  2.2e-101   1.5e-98  325.8   8.2    11   344    25   390    17   396 0.96 -
GH30_5               -            456 FUN_003339-T1        -            479  1.7e-147  487.5  19.8   1   1  8.2e-150  1.9e-147  487.4  19.8     2   456    25   471    24   471 0.98 -
GH30                 -            417 FUN_003339-T1        -            479     9e-58  191.6  12.7   1   1   4.7e-60   1.1e-57  191.3  12.7     8   413    15   440     9   473 0.81 -
GH30_4               -            484 FUN_003339-T1        -            479   3.1e-33  110.8  17.8   1   1   6.4e-33   1.5e-30  102.0  17.8     2   442    23   420    22   438 0.81 -
GT8                  -            257 FUN_003376-T1        -            323   2.9e-40  134.0   0.0   1   1   5.3e-43   3.7e-40  133.6   0.0    24   256     7   287     1   288 0.82 -
GT2_Chitin_synth_1   PF01644.16   163 FUN_003424-T1        -            914   4.9e-75  246.4   0.1   1   1   2.4e-77   8.3e-75  245.7   0.1     1   163   245   407   245   407 0.98 Chitin synthase
GT2_Chitin_synth_2   PF03142.14   527 FUN_003424-T1        -            914   2.8e-24   81.0   2.4   1   2   3.5e-21   1.2e-18   62.4   0.0   204   408   385   595   379   636 0.79 Chitin synthase
GT2_Chitin_synth_2   PF03142.14   527 FUN_003424-T1        -            914   2.8e-24   81.0   2.4   2   2   5.5e-07   0.00019   15.6   3.1   435   492   713   770   665   792 0.79 Chitin synthase
GH76                 -            358 FUN_003479-T1        -            469  3.9e-102  337.6   8.3   1   1  7.3e-105  5.1e-102  337.2   8.3    10   351    31   408    22   415 0.92 -
GH95                 -            722 FUN_003493-T1        -            795  3.9e-189  625.8   0.0   1   1  6.8e-192  4.7e-189  625.5   0.0     5   715     3   772     1   778 0.94 -
AA2                  -            255 FUN_003505-T1        -            759   1.5e-38  128.1   0.1   1   4   4.6e-16   3.2e-13   45.1   0.0    19   114    81   177    64   183 0.85 -
AA2                  -            255 FUN_003505-T1        -            759   1.5e-38  128.1   0.1   2   4     4e-07   0.00028   15.8   0.0   123   169   251   297   242   307 0.85 -
AA2                  -            255 FUN_003505-T1        -            759   1.5e-38  128.1   0.1   3   4   2.1e-07   0.00014   16.8   0.0   152   251   312   427   308   430 0.86 -
AA2                  -            255 FUN_003505-T1        -            759   1.5e-38  128.1   0.1   4   4     3e-15   2.1e-12   42.5   0.1    24   253   481   745   465   747 0.74 -
GH11                 -            177 FUN_003520-T1        -            223   3.8e-76  250.0  16.3   1   1   6.6e-79   4.6e-76  249.7  16.3     1   177    44   221    44   221 0.99 -
GH30_7               -            443 FUN_003559-T1        -            459    3e-178  588.5  17.2   1   1  4.5e-180  3.5e-178  588.3  17.2     2   442    20   456    19   457 0.97 -
GH30                 -            417 FUN_003559-T1        -            459   7.6e-75  247.9   7.1   1   1   1.2e-76   9.3e-75  247.6   7.1    11   415    17   457     9   459 0.84 -
GH30_3               -            417 FUN_003559-T1        -            459   3.3e-41  136.8   8.7   1   1   1.3e-42   9.8e-41  135.2   8.7     3   400    19   415    17   457 0.79 -
GH30_4               -            484 FUN_003559-T1        -            459   1.1e-39  132.1   4.2   1   1   4.8e-40   3.7e-38  127.1   4.2     2   483    22   456    21   456 0.84 -
GH30_8               -            342 FUN_003559-T1        -            459     3e-36  120.6   3.8   1   1   5.4e-38   4.2e-36  120.2   3.8     2   338    22   414    21   417 0.78 -
GH30_1               -            416 FUN_003559-T1        -            459   1.8e-31  104.6   1.7   1   2     3e-24   2.3e-22   74.6   0.7     2   253    20   278    19   287 0.88 -
GH30_1               -            416 FUN_003559-T1        -            459   1.8e-31  104.6   1.7   2   2     4e-10   3.1e-08   28.1   0.0   334   400   349   415   335   435 0.85 -
GH30_6               -            450 FUN_003559-T1        -            459     1e-30  102.4  13.7   1   2   0.00012    0.0093   10.3   0.1     2    55    23    80    22    84 0.78 -
GH30_6               -            450 FUN_003559-T1        -            459     1e-30  102.4  13.7   2   2   3.7e-30   2.9e-28   94.4   9.2    97   449   108   455    89   456 0.78 -
GH30_5               -            456 FUN_003559-T1        -            459   2.3e-29   98.1   8.4   1   1   9.5e-31   7.3e-29   96.4   8.4     1   456    23   456    23   456 0.84 -
GH30_2               -            417 FUN_003559-T1        -            459     2e-20   68.4   0.1   1   1     2e-21   1.5e-19   65.4   0.1     2   400    23   414    22   434 0.76 -
CE15                 -            269 FUN_003560-T1        -            405   5.6e-93  306.7   0.0   1   1     1e-95   7.2e-93  306.3   0.0     1   268    55   376    55   377 0.96 -
PL20                 -            229 FUN_003561-T1        -            258  2.3e-106  349.8  11.4   1   1  3.6e-109  2.5e-106  349.7  11.4     1   229    23   257    23   257 0.99 -
GH2                  -            752 FUN_003563-T1        -            957     3e-72  239.6   4.6   1   1   5.6e-75   3.9e-72  239.2   4.6    28   542    26   814     5   901 0.71 -
GH75                 -            220 FUN_003587-T1        -             89   1.6e-37  124.7   0.2   1   1   2.5e-40   1.8e-37  124.6   0.2   140   219     3    85     1    86 0.98 -
GH125                -            402 FUN_003616-T1        -            526  2.1e-101  335.0   3.6   1   2   1.5e-24   1.1e-21   72.5   0.0     1    84    93   181    93   183 0.94 -
GH125                -            402 FUN_003616-T1        -            526  2.1e-101  335.0   3.6   2   2   3.1e-81   2.2e-78  259.2   1.6   113   402   184   505   182   505 0.93 -
CE3                  -            194 FUN_003631-T1        -           1568   5.5e-45  149.1   0.0   1   2   5.7e-47     2e-44  147.2   0.0     1   194    56   255    56   255 0.91 -
CE3                  -            194 FUN_003631-T1        -           1568   5.5e-45  149.1   0.0   2   2      0.25        87   -1.6   0.0    27    61   628   669   625   682 0.76 -
CBM24                -             76 FUN_003631-T1        -           1568   1.9e-19   65.3  10.4   1   2   5.3e-22   1.9e-19   65.3  10.4     2    76   940  1013   939  1013 0.98 -
CBM24                -             76 FUN_003631-T1        -           1568   1.9e-19   65.3  10.4   2   2      0.83   2.9e+02   -2.6   0.4     6    33  1141  1177  1138  1187 0.61 -
GT4                  -            160 FUN_003673-T1        -            962     4e-37  122.8   0.0   1   1   9.5e-40   6.6e-37  122.1   0.0     9   158   231   408   227   410 0.95 -
CBM66                -            155 FUN_003716-T1        -            638   3.7e-69  227.4  17.7   1   2   1.7e-40   1.2e-37  125.1   6.4     3   155   309   463   307   463 0.97 -
CBM66                -            155 FUN_003716-T1        -            638   3.7e-69  227.4  17.7   2   2   2.9e-35     2e-32  108.1   3.4     3   155   479   633   478   633 0.97 -
GH18                 -            296 FUN_003717-T1        -           1269   1.1e-38  129.1   5.6   1   1   2.5e-41   1.8e-38  128.4   5.6     4   279   506   842   503   856 0.78 -
GT39                 -            223 FUN_003782-T1        -            743   1.8e-72  239.0  12.5   1   2   2.5e-75   1.8e-72  239.0  12.5     2   223    68   306    67   306 0.98 -
GT39                 -            223 FUN_003782-T1        -            743   1.8e-72  239.0  12.5   2   2      0.79   5.6e+02   -4.7   5.0    63    87   601   625   579   717 0.70 -
GH72                 -            312 FUN_003829-T1        -            457  2.3e-106  351.0   0.0   1   1  4.4e-109  3.1e-106  350.5   0.0     4   291    19   295    16   306 0.97 -
GT4                  -            160 FUN_003866-T1        -            480   1.7e-35  117.5   0.0   1   1   8.1e-38   2.8e-35  116.8   0.0     6   148   214   354   210   366 0.91 -
GT5                  -            472 FUN_003866-T1        -            480     7e-20   66.5   0.0   1   2    0.0029         1    3.3   0.0    14    46    18    50     7    76 0.83 -
GT5                  -            472 FUN_003866-T1        -            480     7e-20   66.5   0.0   2   2   8.2e-21   2.9e-18   61.2   0.0   290   471   215   390   197   391 0.87 -
GH105                -            332 FUN_003917-T1        -            382   5.4e-18   60.7   1.3   1   1   1.4e-20     1e-17   59.8   1.3    11   283    47   331    38   369 0.77 -
GT2_Chitin_synth_2   PF03142.14   527 FUN_003977-T1        -           1859  3.9e-247  816.4   0.5   1   1  7.9e-250  5.5e-247  815.9   0.5     3   527  1208  1714  1206  1714 0.99 Chitin synthase
GT2_Chitin_synth_2   PF03142.14   527 FUN_003978-T1        -           1767  1.1e-227  752.2   0.0   1   1  4.7e-230  1.6e-227  751.7   0.0     3   524  1047  1553  1045  1555 0.98 Chitin synthase
GT2_Glyco_trans_2_3  PF13632.5    197 FUN_003978-T1        -           1767     1e-17   60.1   2.1   1   1   7.4e-20   2.6e-17   58.8   2.1     2   193  1238  1473  1237  1480 0.74 Glycosyl transferase family group 2
GT2_Chitin_synth_2   PF03142.14   527 FUN_003992-T1        -            707   9.9e-25   82.5   6.1   1   2   0.00025     0.087    6.8   0.0    21    61   139   179   119   186 0.74 Chitin synthase
GT2_Chitin_synth_2   PF03142.14   527 FUN_003992-T1        -            707   9.9e-25   82.5   6.1   2   2   4.5e-25   1.6e-22   75.3   4.0   204   499   256   543   235   565 0.78 Chitin synthase
GT2_Glyco_trans_2_3  PF13632.5    197 FUN_003992-T1        -            707     2e-18   62.4   5.7   1   2         2     7e+02   -8.5   8.6   131   144    44    57    15   120 0.46 Glycosyl transferase family group 2
GT2_Glyco_trans_2_3  PF13632.5    197 FUN_003992-T1        -            707     2e-18   62.4   5.7   2   2   5.7e-21     2e-18   62.4   5.7     2   194   257   465   256   527 0.76 Glycosyl transferase family group 2
GT62                 -            268 FUN_003997-T1        -            468  3.3e-125  412.2   0.6   1   2  7.5e-128  5.2e-125  411.6   0.0     3   268    84   347    82   347 0.99 -
GT62                 -            268 FUN_003997-T1        -            468  3.3e-125  412.2   0.6   2   2       0.3   2.1e+02   -3.6   1.4    80   116   396   432   381   439 0.58 -
GH125                -            402 FUN_004056-T1        -            541    2e-162  535.9   0.0   1   1  3.3e-165  2.3e-162  535.7   0.0     1   402    87   521    87   521 0.98 -
GT2_Chitin_synth_1   PF01644.16   163 FUN_004072-T1        -           1229   1.4e-78  257.9   0.0   1   1   5.8e-81     2e-78  257.4   0.0     1   163   539   701   539   701 1.00 Chitin synthase
GT2_Chitin_synth_2   PF03142.14   527 FUN_004072-T1        -           1229   1.9e-24   81.6   0.9   1   2   4.9e-24   1.7e-21   71.8   0.0   204   411   679   891   671   914 0.81 Chitin synthase
GT2_Chitin_synth_2   PF03142.14   527 FUN_004072-T1        -           1229   1.9e-24   81.6   0.9   2   2   0.00027     0.093    6.7   1.5   406   491   966  1060   955  1084 0.66 Chitin synthase
GH27                 -            229 FUN_004097-T1        -            499   7.7e-73  240.2   0.0   1   1   5.2e-75   1.8e-72  239.0   0.0     3   223   124   402    94   407 0.90 -
GH36                 -            688 FUN_004097-T1        -            499   5.1e-17   57.0   0.1   1   2   4.3e-18   1.5e-15   52.2   0.0   306   388    27   111     2   114 0.85 -
GH36                 -            688 FUN_004097-T1        -            499   5.1e-17   57.0   0.1   2   2    0.0046       1.6    2.5   0.0   445   467   137   159   133   188 0.81 -
GH27                 -            229 FUN_004100-T1        -            476   3.5e-41  136.7   1.3   1   1   6.4e-44   4.5e-41  136.3   1.3    11   229   184   453   135   453 0.80 -
GH92                 -            491 FUN_004124-T1        -            781    2e-135  447.8   3.1   1   1  5.3e-138  3.7e-135  446.9   3.1     3   491   257   746   255   746 0.95 -
GH54                 -            316 FUN_004133-T1        -            510  2.1e-152  502.3  14.7   1   1  8.3e-155  2.9e-152  501.8  14.7     1   314    28   344    28   346 0.98 -
CBM42                -            136 FUN_004133-T1        -            510   1.8e-58  191.8   3.2   1   1   7.9e-61   2.8e-58  191.2   3.2     2   136   365   505   364   505 0.99 -
GH10                 -            303 FUN_004138-T1        -            347  5.7e-104  343.0   0.0   1   1  9.5e-107  6.6e-104  342.8   0.0     2   301    51   343    50   345 0.95 -
GT33                 -            425 FUN_004178-T1        -            474  2.1e-142  470.2   0.0   1   1  3.8e-145  2.7e-142  469.9   0.0     2   424    54   467    53   468 0.93 -
GT35                 -            674 FUN_004192-T1        -            885  1.1e-278  921.6   0.0   1   1  1.9e-281  1.3e-278  921.4   0.0     2   674   163   878   162   878 0.97 -
CE16                 -            267 FUN_004200-T1        -            342   7.3e-63  207.9   0.0   1   1   1.2e-65   8.5e-63  207.7   0.0     1   266    28   327    28   328 0.97 -
AA11                 -            191 FUN_004202-T1        -            234   2.5e-62  205.6   0.1   1   1   4.3e-65     3e-62  205.3   0.1    12   188    41   213    30   216 0.90 -
GH76                 -            358 FUN_004206-T1        -            473   1.6e-96  319.1   8.1   1   1     3e-99   2.1e-96  318.7   8.1     9   351    26   399    19   406 0.91 -
AA7                  -            458 FUN_004237-T1        -           1150   2.5e-39  131.6   4.4   1   2   2.4e-39   1.7e-36  122.2   5.1    13   194   305   506   296   569 0.89 -
AA7                  -            458 FUN_004237-T1        -           1150   2.5e-39  131.6   4.4   2   2   0.00035      0.25    6.3   0.0   413   452   706   745   649   748 0.79 -
GH16_1               -            229 FUN_004311-T1        -            765   9.7e-81  265.8   0.1   1   1   5.2e-83   1.8e-80  264.9   0.1     9   228    51   280    42   281 0.94 -
GH16                 -            189 FUN_004311-T1        -            765   4.3e-20   68.5   0.4   1   3   1.2e-22   4.3e-20   68.5   0.4    37   189    52   300    16   300 0.74 -
GH16                 -            189 FUN_004311-T1        -            765   4.3e-20   68.5   0.4   2   3      0.75   2.6e+02   -2.6   1.5    10    19   352   362   324   408 0.49 -
GH16                 -            189 FUN_004311-T1        -            765   4.3e-20   68.5   0.4   3   3       1.1   3.7e+02   -3.1   1.3     7    28   579   608   552   639 0.61 -
GH76                 -            358 FUN_004315-T1        -            409   2.6e-86  285.5  12.4   1   1   5.1e-89   3.6e-86  285.1  12.4    16   336    34   391    25   408 0.88 -
GH132                -            303 FUN_004402-T1        -            499   7.9e-82  270.3   8.4   1   2   1.1e-84   7.9e-82  270.3   8.4    35   302    40   314     9   315 0.86 -
GH132                -            303 FUN_004402-T1        -            499   7.9e-82  270.3   8.4   2   2     0.064        45   -1.5   4.5    18    38   392   412   356   473 0.53 -
AA4                  -            522 FUN_004509-T1        -            653   1.5e-24   81.9   0.3   1   2   3.7e-21   1.3e-18   62.3   0.1    11   239   174   397   171   407 0.75 -
AA4                  -            522 FUN_004509-T1        -            653   1.5e-24   81.9   0.3   2   2   1.3e-07   4.6e-05   17.6   0.0   267   510   400   639   392   649 0.71 -
AA7                  -            458 FUN_004509-T1        -            653   2.2e-22   75.7   1.7   1   1   1.6e-24   5.6e-22   74.4   1.6     8   204   212   421   206   482 0.88 -
AA3_2                -            568 FUN_004517-T1        -            604  7.2e-177  584.9   0.0   1   1  4.6e-179  8.1e-177  584.7   0.0     3   568     8   600     6   600 0.92 -
AA3                  -            618 FUN_004517-T1        -            604   1.3e-86  286.8   0.0   1   1   8.8e-89   1.5e-86  286.5   0.0    88   401     6   601     2   604 0.88 -
AA3_3                -            590 FUN_004517-T1        -            604     8e-78  257.6   0.0   1   2   5.5e-59   9.6e-57  188.0   0.0     3   448     8   485     6   490 0.77 -
AA3_3                -            590 FUN_004517-T1        -            604     8e-78  257.6   0.0   2   2   2.2e-21   3.8e-19   63.8   0.0   514   588   526   600   508   601 0.92 -
AA3_1                -            548 FUN_004517-T1        -            604   1.1e-46  154.9   0.0   1   3   3.1e-17   5.4e-15   50.3   0.1    15   145     6   136     2   144 0.77 -
AA3_1                -            548 FUN_004517-T1        -            604   1.1e-46  154.9   0.0   2   3   2.3e-17   4.1e-15   50.7   0.0   206   359   217   362   208   400 0.82 -
AA3_1                -            548 FUN_004517-T1        -            604   1.1e-46  154.9   0.0   3   3   4.7e-17   8.3e-15   49.7   0.0   391   545   440   597   427   600 0.74 -
AA1                  -            358 FUN_004531-T1        -            597   3.9e-84  278.7   0.0   1   1   2.7e-86   4.7e-84  278.4   0.0     7   358    36   550    25   550 0.82 -
AA1_2                -            337 FUN_004531-T1        -            597   2.2e-43  144.0   0.1   1   2   1.4e-44   2.4e-42  140.5   0.0     7   227    43   276    37   392 0.81 -
AA1_2                -            337 FUN_004531-T1        -            597   2.2e-43  144.0   0.1   2   2     0.058        10    0.4   0.5    75   108   529   561   502   570 0.84 -
AA1_1                -            303 FUN_004531-T1        -            597     1e-38  128.6   0.0   1   1     1e-40   1.8e-38  127.8   0.0     5   270    35   308    31   319 0.82 -
AA1_3                -            312 FUN_004531-T1        -            597   1.4e-36  121.6   0.0   1   1   1.2e-38   2.2e-36  121.0   0.0    13   262    19   274     9   316 0.83 -
GH128                -            224 FUN_004566-T1        -            292   2.3e-60  199.5   0.1   1   1   4.1e-63   2.9e-60  199.2   0.1     4   224    45   279    37   279 0.94 -
#
# Program:         hmmscan
# Version:         3.4 (Aug 2023)
# Pipeline mode:   SCAN
# Query file:      /home/zack/Desktop/IsariaPreferralGenome/MyGenomeSubmittedToNCBI/HypocrealesProteinSets/GENOMES/TrichodermaReesei_CBS999.97/FunannotatePredict/annotate_misc/split_prots/chunk_2.fa
# Target file:     /home/zack/funannotate_db/dbCAN.hmm
# Option settings: hmmscan --domtblout /home/zack/Desktop/IsariaPreferralGenome/MyGenomeSubmittedToNCBI/HypocrealesProteinSets/GENOMES/TrichodermaReesei_CBS999.97/FunannotatePredict/annotate_misc/split_prots/chunk_2.dbcan.txt -E 1e-15 --cpu 1 /home/zack/funannotate_db/dbCAN.hmm /home/zack/Desktop/IsariaPreferralGenome/MyGenomeSubmittedToNCBI/HypocrealesProteinSets/GENOMES/TrichodermaReesei_CBS999.97/FunannotatePredict/annotate_misc/split_prots/chunk_2.fa 
# Current dir:     /home/zack
# Date:            Mon Mar  4 00:28:03 2024
# [ok]
