#                                                                            --- full sequence --- -------------- this domain -------------   hmm coord   ali coord   env coord
# target name        accession   tlen query name           accession   qlen   E-value  score  bias   #  of  c-Evalue  i-Evalue  score  bias  from    to  from    to  from    to  acc description of target
#------------------- ---------- ----- -------------------- ---------- ----- --------- ------ ----- --- --- --------- --------- ------ ----- ----- ----- ----- ----- ----- ----- ---- ---------------------
GH71                 -            375 FUN_004610-T1        -            427  2.8e-132  436.4   0.4   1   1  4.5e-135  3.2e-132  436.2   0.4     1   372    31   403    31   406 0.98 -
GH2                  -            752 FUN_004656-T1        -            550     9e-84  277.7   0.0   1   2   1.8e-29   1.2e-26   88.8   0.0    24   132    55   173    47   177 0.83 -
GH2                  -            752 FUN_004656-T1        -            550     9e-84  277.7   0.0   2   2   3.1e-59   2.2e-56  187.2   0.0   201   411   187   437   171   537 0.78 -
GT2_Glycos_transf_2  PF00535.25   170 FUN_004658-T1        -            413   5.9e-24   80.2   0.0   1   1   1.9e-26   1.3e-23   79.1   0.0     1   107   116   256   116   294 0.91 Glycosyl transferase family 2
AA9                  -            220 FUN_004664-T1        -            378   4.6e-54  178.7   0.0   1   1   8.6e-57     6e-54  178.4   0.0     3   219     8   229     6   230 0.90 -
CE3                  -            194 FUN_004697-T1        -            157   6.3e-18   60.8   0.0   1   1   1.1e-20   7.5e-18   60.5   0.0    95   194    14   110     7   110 0.93 -
GT39                 -            223 FUN_004717-T1        -            944   5.1e-70  230.9  17.0   1   1   1.5e-72   1.1e-69  229.9  17.0     2   223    66   311    65   311 0.95 -
GH13_40              -            359 FUN_004766-T1        -            598  4.1e-173  570.8   0.0   1   1  2.1e-174  4.9e-173  570.5   0.0     1   359    33   393    33   393 0.99 -
GH13_31              -            349 FUN_004766-T1        -            598  1.7e-134  444.0   0.0   1   1  1.1e-135  2.5e-134  443.4   0.0     1   349    33   393    33   393 0.94 -
GH13_29              -            344 FUN_004766-T1        -            598  8.9e-117  385.5   0.0   1   1  5.3e-118  1.3e-116  384.9   0.0     1   343    32   392    32   393 0.93 -
GH13_23              -            344 FUN_004766-T1        -            598  1.9e-113  374.9   0.1   1   1  1.2e-114  2.9e-113  374.3   0.1     1   340    33   390    33   394 0.92 -
GH13_30              -            365 FUN_004766-T1        -            598   1.9e-89  295.8   1.2   1   1   8.1e-90     2e-88  292.4   1.2     1   362    33   389    33   392 0.87 -
GH13_17              -            350 FUN_004766-T1        -            598   7.1e-82  270.7   0.0   1   1   4.6e-83   1.1e-81  270.1   0.0     1   349    33   392    33   393 0.81 -
GH13_36              -            314 FUN_004766-T1        -            598   2.6e-75  249.1   0.0   1   1   1.5e-76   3.5e-75  248.7   0.0     1   311    33   390    33   393 0.86 -
GH13                 -            299 FUN_004766-T1        -            598   1.8e-74  247.1   1.6   1   1   1.6e-75   3.9e-74  246.0   1.6    13   292    33   393    28   399 0.83 -
GH13_16              -            353 FUN_004766-T1        -            598   9.6e-73  240.6   0.2   1   1   7.7e-73   1.9e-71  236.4   0.2     1   283    33   348    33   392 0.81 -
GH13_35              -            351 FUN_004766-T1        -            598   2.7e-58  193.3   0.0   1   1   5.5e-59   1.3e-57  191.0   0.0     1   349    33   390    33   392 0.75 -
GH13_21              -            308 FUN_004766-T1        -            598   6.8e-57  188.6   0.0   1   1   4.9e-58   1.2e-56  187.8   0.0     1   304    33   390    33   393 0.88 -
GH13_20              -            300 FUN_004766-T1        -            598   1.3e-48  161.3   0.5   1   4   2.1e-42   5.1e-41  136.3   0.1     1   164    33   216    33   219 0.92 -
GH13_20              -            300 FUN_004766-T1        -            598   1.3e-48  161.3   0.5   2   4      0.49        12    0.5   0.0   226   282   248   301   237   311 0.75 -
GH13_20              -            300 FUN_004766-T1        -            598   1.3e-48  161.3   0.5   3   4   2.4e-07   5.7e-06   21.3   0.0   205   294   297   390   271   395 0.74 -
GH13_20              -            300 FUN_004766-T1        -            598   1.3e-48  161.3   0.5   4   4       6.5   1.6e+02   -3.2   0.0   141   176   463   499   454   517 0.69 -
GH13_4               -            400 FUN_004766-T1        -            598   2.5e-33  110.8   0.0   1   2   5.9e-34   1.4e-32  108.3   0.0     2   186    33   218    32   224 0.85 -
GH13_4               -            400 FUN_004766-T1        -            598   2.5e-33  110.8   0.0   2   2       0.5        12   -0.1   0.0   370   400   362   392   326   392 0.79 -
GH13_14              -            289 FUN_004766-T1        -            598   9.2e-32  105.9   0.1   1   2     1e-26   2.4e-25   84.8   0.0     1   155    42   217    42   219 0.75 -
GH13_14              -            289 FUN_004766-T1        -            598   9.2e-32  105.9   0.1   2   2     1e-06   2.5e-05   19.1   0.0   191   289   285   387   239   387 0.65 -
GH13_1               -            306 FUN_004766-T1        -            598   2.1e-31  104.6   0.0   1   1   1.4e-32   3.4e-31  103.9   0.0     2   297    33   389    32   396 0.76 -
GH13_2               -            310 FUN_004766-T1        -            598   1.3e-30  102.4   0.0   1   2   8.6e-27   2.1e-25   85.2   0.0     2   174    33   215    32   219 0.79 -
GH13_2               -            310 FUN_004766-T1        -            598   1.3e-30  102.4   0.0   2   2   2.8e-05   0.00069   14.5   0.0   222   307   295   387   241   388 0.68 -
GH13_39              -            316 FUN_004766-T1        -            598   1.4e-29   98.9   1.0   1   3     3e-26   7.3e-25   83.4   0.2     1   164    33   215    33   220 0.78 -
GH13_39              -            316 FUN_004766-T1        -            598   1.4e-29   98.9   1.0   2   3   0.00017    0.0042   11.9   0.0   254   310   341   391   333   397 0.86 -
GH13_39              -            316 FUN_004766-T1        -            598   1.4e-29   98.9   1.0   3   3       0.7        17    0.0   0.0   137   168   457   488   437   515 0.73 -
GH13_41              -            294 FUN_004766-T1        -            598   2.1e-25   85.1   0.0   1   2   7.8e-22   1.9e-20   68.9   0.0     1   159    33   215    33   219 0.81 -
GH13_41              -            294 FUN_004766-T1        -            598   2.1e-25   85.1   0.0   2   2   5.2e-05    0.0012   13.7   0.0   219   290   314   390   254   393 0.72 -
GH13_10              -            313 FUN_004766-T1        -            598   2.1e-20   68.7   0.0   1   2   3.9e-19   9.4e-18   60.0   0.0     5   144    33   216    31   221 0.92 -
GH13_10              -            313 FUN_004766-T1        -            598   2.1e-20   68.7   0.0   2   2     0.015      0.35    5.5   0.0   262   313   338   389   313   389 0.86 -
GH13_37              -            320 FUN_004766-T1        -            598   2.2e-20   68.2   0.1   1   1   2.3e-20   5.4e-19   63.6   0.1     8   320    32   389    26   389 0.60 -
GH13_3               -            210 FUN_004766-T1        -            598   5.5e-20   67.1   0.0   1   1   9.4e-20   2.3e-18   61.9   0.0     3   153    40   220    38   222 0.78 -
GH13_18              -            343 FUN_004766-T1        -            598     6e-20   66.9   0.0   1   2   3.7e-20   8.9e-19   63.1   0.0     2   159    51   221    50   226 0.80 -
GH13_18              -            343 FUN_004766-T1        -            598     6e-20   66.9   0.0   2   2      0.32       7.8    0.8   0.0   166   218   245   298   234   346 0.81 -
GH13_19              -            360 FUN_004766-T1        -            598   3.8e-19   64.4   3.2   1   3   1.9e-17   4.6e-16   54.2   0.1     1    98    33   114    33   164 0.81 -
GH13_19              -            360 FUN_004766-T1        -            598   3.8e-19   64.4   3.2   2   3     0.011      0.26    5.7   0.1   209   225   198   214   173   219 0.75 -
GH13_19              -            360 FUN_004766-T1        -            598   3.8e-19   64.4   3.2   3   3     0.099       2.4    2.5   0.0   275   359   296   387   279   388 0.67 -
GH13_34              -            244 FUN_004766-T1        -            598   6.3e-19   63.9   0.0   1   3   1.1e-13   2.7e-12   42.2   0.0     2    88    34   123    33   131 0.88 -
GH13_34              -            244 FUN_004766-T1        -            598   6.3e-19   63.9   0.0   2   3   4.2e-05     0.001   14.1   0.0    94   116   194   216   176   220 0.85 -
GH13_34              -            244 FUN_004766-T1        -            598   6.3e-19   63.9   0.0   3   3     0.058       1.4    3.8   0.0   216   241   364   389   272   392 0.71 -
GH13_32              -            269 FUN_004766-T1        -            598   8.9e-19   63.4   0.1   1   2     1e-17   2.4e-16   55.4   0.0     1   153    49   216    49   219 0.76 -
GH13_32              -            269 FUN_004766-T1        -            598   8.9e-19   63.4   0.1   2   2     0.013      0.32    5.9   0.0   229   267   333   370   247   373 0.72 -
GH13_6               -            289 FUN_004766-T1        -            598   2.7e-18   61.9   0.3   1   2   6.6e-19   1.6e-17   59.4   0.2     2   156    43   217    42   221 0.78 -
GH13_6               -            289 FUN_004766-T1        -            598   2.7e-18   61.9   0.3   2   2       0.9        22   -0.2   0.0   249   272   338   361   309   372 0.73 -
GH13_13              -            361 FUN_004766-T1        -            598   2.7e-18   61.5   0.0   1   2   4.1e-17     1e-15   53.1   0.0    59   184    64   217    41   220 0.77 -
GH13_13              -            361 FUN_004766-T1        -            598   2.7e-18   61.5   0.0   2   2      0.29         7    1.0   0.0   306   361   338   388   255   388 0.78 -
GH13_42              -            421 FUN_004766-T1        -            598   8.3e-18   60.0   0.0   1   3     2e-14   4.9e-13   44.3   0.0     2    83    33   111    32   132 0.90 -
GH13_42              -            421 FUN_004766-T1        -            598   8.3e-18   60.0   0.0   2   3   5.1e-05    0.0012   13.3   0.0   177   226   160   214   117   219 0.63 -
GH13_42              -            421 FUN_004766-T1        -            598   8.3e-18   60.0   0.0   3   3       6.5   1.6e+02   -3.5   0.0   366   392   336   359   329   388 0.58 -
GH13_12              -            284 FUN_004766-T1        -            598   1.8e-17   59.3   0.0   1   2   3.2e-18   7.8e-17   57.2   0.0     1   154    33   214    33   218 0.82 -
GH13_12              -            284 FUN_004766-T1        -            598   1.8e-17   59.3   0.0   2   2       8.3     2e+02   -3.2   0.0   249   282   341   389   333   390 0.52 -
GH13_1               -            306 FUN_004770-T1        -            463  3.2e-116  383.1   0.4   1   1  1.8e-117    4e-116  382.8   0.4     1   306    58   346    58   346 0.99 -
GH13                 -            299 FUN_004770-T1        -            463   1.2e-59  198.4   3.4   1   1   8.2e-61   1.9e-59  197.8   3.4    13   297    59   346    56   348 0.80 -
GH13_2               -            310 FUN_004770-T1        -            463   2.1e-54  180.4   1.2   1   1   1.4e-54   3.3e-53  176.6   1.2     1   308    58   336    58   338 0.89 -
GH13_41              -            294 FUN_004770-T1        -            463   4.5e-46  153.0   0.0   1   1   2.6e-47   5.8e-46  152.6   0.0     1   292    59   340    59   342 0.87 -
GH13_20              -            300 FUN_004770-T1        -            463   5.8e-44  146.0   0.1   1   1   3.8e-45   8.6e-44  145.5   0.1     1   300    59   344    59   344 0.90 -
GH13_36              -            314 FUN_004770-T1        -            463   3.9e-39  130.3   0.2   1   1   5.1e-38   1.1e-36  122.2   0.2     1   310    59   337    59   341 0.83 -
GH13_12              -            284 FUN_004770-T1        -            463   3.3e-38  127.4   0.1   1   1   1.7e-38   3.9e-37  123.8   0.1     1   281    59   336    59   339 0.82 -
GH13_14              -            289 FUN_004770-T1        -            463   4.9e-36  119.9   0.1   1   1   3.2e-37   7.3e-36  119.3   0.1     1   289    68   335    68   335 0.87 -
GH13_19              -            360 FUN_004770-T1        -            463   2.2e-35  117.8   6.4   1   2   2.2e-24     5e-23   77.2   1.4     1   111    59   154    59   177 0.80 -
GH13_19              -            360 FUN_004770-T1        -            463   2.2e-35  117.8   6.4   2   2   1.7e-11   3.8e-10   34.8   0.2   195   359   183   335   175   336 0.68 -
GH13_42              -            421 FUN_004770-T1        -            463   2.7e-33  111.0   4.6   1   3   6.3e-22   1.4e-20   69.1   0.6     2    82    59   137    58   143 0.93 -
GH13_42              -            421 FUN_004770-T1        -            463   2.7e-33  111.0   4.6   2   3   7.9e-09   1.8e-07   26.0   0.0   161   241   147   227   136   244 0.81 -
GH13_42              -            421 FUN_004770-T1        -            463   2.7e-33  111.0   4.6   3   3   4.8e-06   0.00011   16.8   0.0   343   421   267   341   235   341 0.75 -
GH13_32              -            269 FUN_004770-T1        -            463   1.1e-32  109.1   0.1   1   1   7.7e-34   1.7e-32  108.4   0.1     1   247    75   309    75   325 0.81 -
GH13_13              -            361 FUN_004770-T1        -            463   6.7e-32  106.3   1.9   1   3     0.016      0.37    5.2   0.0     1    21    67    87    67    89 0.91 -
GH13_13              -            361 FUN_004770-T1        -            463   6.7e-32  106.3   1.9   2   3   1.4e-25   3.1e-24   81.0   1.5    54   219    86   241    84   250 0.83 -
GH13_13              -            361 FUN_004770-T1        -            463   6.7e-32  106.3   1.9   3   3   1.6e-06   3.7e-05   18.3   0.0   285   361   270   336   252   336 0.78 -
GH13_6               -            289 FUN_004770-T1        -            463   7.3e-32  106.4   3.2   1   2   2.8e-30   6.3e-29   96.8   1.0     2   178    69   237    68   243 0.91 -
GH13_6               -            289 FUN_004770-T1        -            463   7.3e-32  106.4   3.2   2   2     0.001     0.023    9.6   0.0   216   289   263   331   256   331 0.83 -
GH13_21              -            308 FUN_004770-T1        -            463   5.4e-31  103.5   0.3   1   1   4.2e-31   9.5e-30   99.4   0.3     1   307    59   341    59   342 0.87 -
GH13_28              -            266 FUN_004770-T1        -            463   1.5e-29   98.4   0.0   1   1   1.1e-30   2.5e-29   97.7   0.0     1   260    59   301    59   304 0.85 -
GH13_39              -            316 FUN_004770-T1        -            463   1.4e-28   95.5   0.5   1   1   8.1e-30   1.8e-28   95.2   0.5     1   315    59   344    59   345 0.88 -
GH13_23              -            344 FUN_004770-T1        -            463   1.9e-25   85.5   0.1   1   3     2e-18   4.5e-17   58.0   0.5     1    77    59   136    59   141 0.93 -
GH13_23              -            344 FUN_004770-T1        -            463   1.9e-25   85.5   0.1   2   3    0.0036     0.081    7.8   0.0   138   181   174   218   162   221 0.85 -
GH13_23              -            344 FUN_004770-T1        -            463   1.9e-25   85.5   0.1   3   3   1.7e-05   0.00037   15.5   0.0   234   338   230   336   223   341 0.72 -
GH13_7               -            289 FUN_004770-T1        -            463   8.1e-25   83.1   0.5   1   1   3.2e-25   7.2e-24   80.0   0.5     2   286    68   332    67   334 0.81 -
GH13_31              -            349 FUN_004770-T1        -            463   1.9e-24   82.1   2.7   1   3   1.7e-18   3.7e-17   58.1   0.8     1    77    59   136    59   140 0.93 -
GH13_31              -            349 FUN_004770-T1        -            463   1.9e-24   82.1   2.7   2   3    0.0063      0.14    6.9   0.0   135   180   172   218   142   229 0.80 -
GH13_31              -            349 FUN_004770-T1        -            463   1.9e-24   82.1   2.7   3   3   1.8e-05    0.0004   15.3   0.0   288   344   285   336   261   340 0.75 -
GH13_5               -            342 FUN_004770-T1        -            463   1.6e-23   78.8   0.1   1   2   4.6e-10     1e-08   30.1   0.3     3    84    72   143    70   152 0.89 -
GH13_5               -            342 FUN_004770-T1        -            463   1.6e-23   78.8   0.1   2   2     6e-15   1.4e-13   46.1   0.0   157   338   165   334   157   337 0.78 -
GH13_37              -            320 FUN_004770-T1        -            463   1.5e-22   75.3   2.2   1   2   1.2e-22   2.8e-21   71.1   0.9     9   168    59   225    54   242 0.81 -
GH13_37              -            320 FUN_004770-T1        -            463   1.5e-22   75.3   2.2   2   2     0.083       1.9    2.7   0.0   248   318   278   335   254   337 0.67 -
GH13_10              -            313 FUN_004770-T1        -            463   4.2e-22   74.3   0.2   1   2     3e-22   6.7e-21   70.3   0.1     5   147    59   218    57   227 0.85 -
GH13_10              -            313 FUN_004770-T1        -            463   4.2e-22   74.3   0.2   2   2      0.26       5.9    1.5   0.0   258   311   288   335   258   337 0.64 -
GH13_15              -            285 FUN_004770-T1        -            463   6.5e-21   70.3   0.2   1   1   8.1e-20   1.8e-18   62.2   0.2    31   271   102   317    75   324 0.79 -
GH13_29              -            344 FUN_004770-T1        -            463   1.3e-20   69.3   1.9   1   3   5.8e-19   1.3e-17   59.4   0.4     2    79    59   137    58   142 0.93 -
GH13_29              -            344 FUN_004770-T1        -            463   1.3e-20   69.3   1.9   2   3      0.86        20   -0.4   0.0   141   180   178   218   171   222 0.81 -
GH13_29              -            344 FUN_004770-T1        -            463   1.3e-20   69.3   1.9   3   3    0.0044     0.098    7.2   0.0   289   339   291   336   267   340 0.75 -
GH13_16              -            353 FUN_004770-T1        -            463   1.6e-19   65.6   1.2   1   3   1.8e-18     4e-17   57.7   0.1     1    77    59   136    59   140 0.94 -
GH13_16              -            353 FUN_004770-T1        -            463   1.6e-19   65.6   1.2   2   3      0.12       2.8    2.3   0.0   142   178   178   215   172   221 0.83 -
GH13_16              -            353 FUN_004770-T1        -            463   1.6e-19   65.6   1.2   3   3      0.14       3.1    2.2   0.0   329   348   314   335   302   339 0.65 -
GH13_30              -            365 FUN_004770-T1        -            463   4.1e-19   64.3   0.9   1   2   1.1e-18   2.5e-17   58.5   0.2     1    77    59   136    59   141 0.94 -
GH13_30              -            365 FUN_004770-T1        -            463   4.1e-19   64.3   0.9   2   2     0.033      0.75    4.2   0.0   147   185   176   215   156   222 0.84 -
GH13_40              -            359 FUN_004770-T1        -            463   6.4e-19   63.5   2.9   1   3   2.1e-17   4.8e-16   54.1   0.6     1    77    59   136    59   142 0.93 -
GH13_40              -            359 FUN_004770-T1        -            463   6.4e-19   63.5   2.9   2   3    0.0062      0.14    6.5   0.1   138   184   170   216   138   227 0.75 -
GH13_40              -            359 FUN_004770-T1        -            463   6.4e-19   63.5   2.9   3   3      0.24       5.4    1.3   0.0   306   318   294   306   262   337 0.79 -
GH13_27              -            318 FUN_004770-T1        -            463     3e-18   61.5   0.0   1   2   1.6e-11   3.5e-10   35.0   0.1     3    80    65   141    63   150 0.90 -
GH13_27              -            318 FUN_004770-T1        -            463     3e-18   61.5   0.0   2   2     2e-08   4.5e-07   24.8   0.0   121   286   152   303   141   331 0.76 -
GH13_17              -            350 FUN_004770-T1        -            463   1.2e-17   59.5   1.1   1   3   6.6e-16   1.5e-14   49.3   0.5     1    77    59   136    59   145 0.92 -
GH13_17              -            350 FUN_004770-T1        -            463   1.2e-17   59.5   1.1   2   3     0.031       0.7    4.3   0.0   145   182   178   216   172   225 0.84 -
GH13_17              -            350 FUN_004770-T1        -            463   1.2e-17   59.5   1.1   3   3      0.12       2.7    2.4   0.0   281   345   271   336   255   340 0.70 -
GH13_9               -            301 FUN_004770-T1        -            463   1.7e-16   55.7   0.5   1   1   1.5e-17   3.5e-16   54.7   0.5     1   137    69   215    69   224 0.86 -
GH13_26              -            296 FUN_004770-T1        -            463   1.9e-16   55.8   0.7   1   2   5.5e-17   1.2e-15   53.2   0.4     2   104    68   167    67   187 0.84 -
GH13_26              -            296 FUN_004770-T1        -            463   1.9e-16   55.8   0.7   2   2      0.52        12    0.7   0.0   205   240   177   212   172   217 0.80 -
AA3                  -            618 FUN_004777-T1        -           1166   6.5e-24   79.6   0.0   1   5   8.6e-22     6e-19   63.2   0.0   157   407    26   484    12   498 0.66 -
AA3                  -            618 FUN_004777-T1        -           1166   6.5e-24   79.6   0.0   2   5     0.026        19   -1.2   0.0    43    56   523   536   515   557 0.77 -
AA3                  -            618 FUN_004777-T1        -           1166   6.5e-24   79.6   0.0   3   5   0.00072       0.5    4.0   0.0   481   560   587   669   543   692 0.78 -
AA3                  -            618 FUN_004777-T1        -           1166   6.5e-24   79.6   0.0   4   5   0.00014     0.099    6.3   0.0   568   611   706   748   678   754 0.84 -
AA3                  -            618 FUN_004777-T1        -           1166   6.5e-24   79.6   0.0   5   5     0.054        38   -2.2   0.0   328   346   875   907   785   915 0.68 -
GH20                 -            337 FUN_004794-T1        -            708   2.6e-56  186.8   0.0   1   1   5.3e-59   3.7e-56  186.3   0.0     9   335   162   496   154   498 0.87 -
GT1                  -            382 FUN_004801-T1        -            490   3.9e-16   55.4   0.8   1   2     0.026        18    0.8   0.1    29   109   143   223   128   280 0.66 -
GT1                  -            382 FUN_004801-T1        -            490   3.9e-16   55.4   0.8   2   2   2.9e-18     2e-15   53.1   0.2   281   364   375   469   251   481 0.86 -
GH17                 -            311 FUN_004827-T1        -            716   7.5e-35  116.1   4.0   1   1   5.8e-37     4e-34  113.7   4.0    10   306   436   702   429   705 0.81 -
GT20                 -            475 FUN_004831-T1        -            649  1.5e-127  421.3   0.1   1   1  2.8e-130    2e-127  421.0   0.1    53   473   149   628    95   630 0.85 -
AA7                  -            458 FUN_004853-T1        -            587   2.4e-57  191.0   5.5   1   2   1.8e-53   1.3e-50  168.8   5.2    12   185   116   301   111   318 0.95 -
AA7                  -            458 FUN_004853-T1        -            587   2.4e-57  191.0   5.5   2   2   1.9e-08   1.3e-05   20.4   0.0   388   452   501   565   416   568 0.81 -
AA3_2                -            568 FUN_004874-T1        -            609  1.4e-125  415.6   0.0   1   1  2.7e-127  4.7e-125  413.8   0.0     2   567    19   599    18   600 0.88 -
AA3                  -            618 FUN_004874-T1        -            609   1.1e-74  247.3   0.0   1   1   8.4e-77   1.5e-74  246.9   0.0    86   401    16   601     6   607 0.86 -
AA3_3                -            590 FUN_004874-T1        -            609   9.8e-54  178.1   0.0   1   1   1.8e-55   3.2e-53  176.4   0.0     2   587    19   599    18   601 0.85 -
AA3_1                -            548 FUN_004874-T1        -            609   1.8e-39  131.1   0.0   1   2   3.6e-26   6.3e-24   79.8   0.0    10   379    13   371     6   461 0.76 -
AA3_1                -            548 FUN_004874-T1        -            609   1.8e-39  131.1   0.0   2   2   4.2e-16   7.4e-14   46.6   0.0   469   542   525   595   503   599 0.84 -
GH2                  -            752 FUN_004894-T1        -            924   3.5e-70  232.8   6.7   1   1   6.5e-73   4.6e-70  232.4   6.7    65   555    50   788    18   864 0.72 -
GH27                 -            229 FUN_004895-T1        -            621   5.1e-33  110.0   1.3   1   1   1.1e-35   7.9e-33  109.3   1.3     8   227   325   597   267   599 0.77 -
AA7                  -            458 FUN_004899-T1        -            481   4.9e-68  226.2   0.1   1   2   3.1e-64   2.2e-61  204.3   0.1     7   223    56   274    53   285 0.94 -
AA7                  -            458 FUN_004899-T1        -            481   4.9e-68  226.2   0.1   2   2   2.7e-08   1.9e-05   19.9   0.0   423   454   445   476   368   478 0.80 -
GH3                  -            216 FUN_004906-T1        -            744   2.9e-60  198.9   0.0   1   1   6.8e-63   4.8e-60  198.2   0.0     5   216    81   287    77   287 0.98 -
GH3                  -            216 FUN_004907-T1        -            797     8e-54  177.9   0.0   1   1   2.3e-56   1.6e-53  176.9   0.0     4   215    96   344    93   345 0.92 -
GH3                  -            216 FUN_004928-T1        -            838   1.1e-57  190.5   0.0   1   1   2.7e-60   1.9e-57  189.7   0.0     5   216    41   252    38   252 0.97 -
AA3_2                -            568 FUN_004932-T1        -            502   1.4e-98  326.5   0.0   1   1    1e-100   1.8e-98  326.1   0.0     3   500    21   496    20   501 0.82 -
AA3                  -            618 FUN_004932-T1        -            502   8.3e-53  175.1   0.0   1   1   6.1e-55   1.1e-52  174.7   0.0    80   323    11   463     2   498 0.83 -
AA3_3                -            590 FUN_004932-T1        -            502   8.9e-41  135.3   0.0   1   2   5.1e-42   8.9e-40  132.0   0.0     4   315    22   322    20   334 0.86 -
AA3_3                -            590 FUN_004932-T1        -            502   8.9e-41  135.3   0.0   2   2     0.029       5.2    0.7   0.0   403   440   401   438   370   456 0.72 -
AA3_1                -            548 FUN_004932-T1        -            502   3.3e-23   77.4   1.3   1   2   4.6e-14     8e-12   39.9   0.6     9   121    13   121     5   137 0.84 -
AA3_1                -            548 FUN_004932-T1        -            502   3.3e-23   77.4   1.3   2   2   6.3e-13   1.1e-10   36.1   0.0   220   317   229   316   219   344 0.78 -
GH54                 -            316 FUN_004937-T1        -            500  4.9e-159  524.1  15.7   1   1  2.6e-161  8.9e-159  523.2  15.7     1   315    23   337    23   338 0.99 -
CBM42                -            136 FUN_004937-T1        -            500   5.4e-59  193.5   3.7   1   1   2.5e-61   8.8e-59  192.8   3.7     2   136   355   495   354   495 0.99 -
AA3_3                -            590 FUN_004946-T1        -           1022  5.2e-256  846.0   0.0   1   1  4.4e-258  6.2e-256  845.8   0.0     1   590    14   650    14   650 0.99 -
AA3_2                -            568 FUN_004946-T1        -           1022  2.9e-127  421.1   0.0   1   1  1.4e-128  1.9e-126  418.4   0.0     2   567    15   647    14   648 0.88 -
AA3                  -            618 FUN_004946-T1        -           1022   1.2e-87  290.1   0.0   1   1   1.2e-89   1.7e-87  289.7   0.0    85   416    11   664     3   683 0.88 -
AA3_1                -            548 FUN_004946-T1        -           1022   3.1e-43  143.5   0.0   1   2   2.3e-35   3.2e-33  110.5   0.0    15   357    14   362     5   370 0.76 -
AA3_1                -            548 FUN_004946-T1        -           1022   3.1e-43  143.5   0.0   2   2   4.6e-11   6.5e-09   30.3   0.0   449   544   539   645   523   648 0.81 -
GH18                 -            296 FUN_004946-T1        -           1022   1.4e-22   76.3   1.1   1   1     2e-23   2.9e-21   71.9   1.1    16   203   671   905   656   951 0.72 -
GT1                  -            382 FUN_004953-T1        -            837   6.1e-60  199.2   4.3   1   1   1.6e-62   1.1e-59  198.3   4.3    82   376   193   517   108   521 0.93 -
AA1_2                -            337 FUN_004958-T1        -            614    5e-150  494.6   6.7   1   3  2.9e-152    5e-150  494.6   6.7     1   336    37   375    37   376 0.98 -
AA1_2                -            337 FUN_004958-T1        -            614    5e-150  494.6   6.7   2   3      0.08        14   -0.0   1.0     9    47   384   420   381   426 0.65 -
AA1_2                -            337 FUN_004958-T1        -            614    5e-150  494.6   6.7   3   3       0.1        18   -0.4   0.0    72   106   472   505   462   514 0.76 -
AA1                  -            358 FUN_004958-T1        -            614  1.8e-111  368.6   5.2   1   1  1.3e-113  2.2e-111  368.3   5.2     7   358    36   496    24   496 0.85 -
AA1_3                -            312 FUN_004958-T1        -            614   3.8e-64  212.2   7.4   1   3   5.1e-65     9e-63  207.7   3.7    11   300    16   300    11   311 0.88 -
AA1_3                -            312 FUN_004958-T1        -            614   3.8e-64  212.2   7.4   2   3     0.026       4.6    1.7   0.1   209   231   401   423   354   425 0.85 -
AA1_3                -            312 FUN_004958-T1        -            614   3.8e-64  212.2   7.4   3   3     0.021       3.6    2.0   0.0    95   136   465   505   462   512 0.85 -
AA1_1                -            303 FUN_004958-T1        -            614   1.1e-59  197.5   0.5   1   1   1.3e-61   2.3e-59  196.4   0.5     2   277    31   301    30   330 0.82 -
CE1                  -            227 FUN_004961-T1        -            306   7.9e-27   89.9   0.2   1   1   1.8e-29   1.2e-26   89.2   0.2     4   143    54   207    52   290 0.74 -
CBM13                -            188 FUN_004962-T1        -            144   4.8e-17   58.3   0.9   1   2     3e-10   2.1e-07   26.8   0.2    46   113     5    73     1    88 0.73 -
CBM13                -            188 FUN_004962-T1        -            144   4.8e-17   58.3   0.9   2   2   1.9e-11   1.3e-08   30.7   0.0    78   135    84   143    76   144 0.80 -
GH16_18              -            158 FUN_004965-T1        -            451   5.8e-64  209.8   0.2   1   1   4.9e-66   8.6e-64  209.2   0.2     2   158    69   224    68   224 0.97 -
GH16_19              -            174 FUN_004965-T1        -            451   2.4e-42  139.7   0.7   1   1   1.9e-44   3.3e-42  139.3   0.7    13   174    71   227    58   227 0.91 -
GH16_21              -            206 FUN_004965-T1        -            451   1.1e-22   75.9   0.7   1   2   6.1e-25   1.1e-22   75.9   0.7    51   205    77   240    45   241 0.82 -
GH16_21              -            206 FUN_004965-T1        -            451   1.1e-22   75.9   0.7   2   2      0.28        49   -1.3   0.0    63    91   250   278   248   291 0.77 -
GH16                 -            189 FUN_004965-T1        -            451   6.5e-22   74.4   2.0   1   1   6.9e-24   1.2e-21   73.5   2.0    51   188    79   242    33   243 0.73 -
GH75                 -            220 FUN_004994-T1        -            348   1.6e-74  245.8   1.1   1   3   2.2e-77   1.6e-74  245.8   1.1     3   220     8   251     6   251 0.98 -
GH75                 -            220 FUN_004994-T1        -            348   1.6e-74  245.8   1.1   2   3     0.015        11    1.1   5.7    67    91   267   288   263   298 0.81 -
GH75                 -            220 FUN_004994-T1        -            348   1.6e-74  245.8   1.1   3   3    0.0052       3.6    2.6   3.7    67    90   313   333   309   337 0.85 -
PL7_4                -            214 FUN_004995-T1        -            252   1.5e-63  209.6   1.8   1   1   9.7e-66   1.7e-63  209.4   1.8     1   214    31   249    31   249 0.95 -
PL7                  -            231 FUN_004995-T1        -            252   9.8e-39  128.9   0.0   1   1   6.4e-41   1.1e-38  128.7   0.0     1   231    31   249    31   249 0.92 -
PL7_1                -            219 FUN_004995-T1        -            252     2e-23   78.3   0.0   1   1   1.3e-25   2.3e-23   78.1   0.0     2   206    32   239    31   249 0.81 -
PL7_3                -            214 FUN_004995-T1        -            252     6e-21   70.6   0.0   1   1   4.2e-23   7.4e-21   70.3   0.0     1   209    32   244    32   250 0.78 -
GH3                  -            216 FUN_004998-T1        -            957   7.6e-62  204.1   0.0   1   1   1.9e-64   1.3e-61  203.3   0.0     8   216   170   381   166   381 0.97 -
GH17                 -            311 FUN_005006-T1        -            401   4.7e-17   57.6   1.2   1   2    0.0014         1    4.0   0.0    26    99    65   140    49   179 0.63 -
GH17                 -            311 FUN_005006-T1        -            401   4.7e-17   57.6   1.2   2   2   2.6e-18   1.8e-15   52.4   0.3   215   311   224   315   205   315 0.81 -
GT90                 -            250 FUN_005038-T1        -            585   1.3e-65  216.9   0.0   1   1   3.7e-68   2.6e-65  215.9   0.0     3   248   298   574   296   575 0.89 -
GH12                 -            156 FUN_005057-T1        -            234   1.8e-49  163.2   5.7   1   1   4.5e-52   3.1e-49  162.5   5.7     3   156    87   233    85   233 0.95 -
GH37                 -            491 FUN_005064-T1        -            686  1.6e-155  514.2   0.1   1   1  2.6e-158  1.8e-155  514.0   0.1     2   489    56   632    55   634 0.95 -
GT17                 -            284 FUN_005066-T1        -            370     2e-79  262.1   0.0   1   1   3.6e-82   2.5e-79  261.8   0.0     5   284    65   358    62   358 0.95 -
GT57                 -            481 FUN_005104-T1        -            574  5.6e-144  476.1  28.3   1   1  1.7e-145  1.2e-142  471.7  28.3     3   480    55   552    53   553 0.95 -
AA7                  -            458 FUN_005123-T1        -            479     6e-73  242.4   9.2   1   1   3.7e-75   2.6e-72  240.3   9.2     5   454    37   467    34   471 0.79 -
GH27                 -            229 FUN_005126-T1        -            496   4.7e-69  227.9   0.0   1   1   2.8e-71   9.6e-69  226.8   0.0     3   226   122   400    48   403 0.92 -
GH36                 -            688 FUN_005126-T1        -            496   7.5e-19   63.1   0.6   1   2   4.2e-20   1.5e-17   58.8   0.1   306   388    26   109     7   112 0.88 -
GH36                 -            688 FUN_005126-T1        -            496   7.5e-19   63.1   0.6   2   2    0.0048       1.7    2.4   0.0   445   467   135   157   129   171 0.85 -
GT41                 -            705 FUN_005217-T1        -            823   1.8e-23   78.4  10.7   1   4   1.5e-05     0.011    9.7   0.0    85   173    84   175    76   183 0.76 -
GT41                 -            705 FUN_005217-T1        -            823   1.8e-23   78.4  10.7   2   4   1.8e-12   1.3e-09   32.6   0.6    47   191   527   661   482   663 0.81 -
GT41                 -            705 FUN_005217-T1        -            823   1.8e-23   78.4  10.7   3   4   5.9e-13   4.1e-10   34.2   0.9   120   191   657   729   656   738 0.95 -
GT41                 -            705 FUN_005217-T1        -            823   1.8e-23   78.4  10.7   4   4    0.0001     0.072    6.9   0.1    93   160   743   800   730   803 0.61 -
GT69                 -            239 FUN_005248-T1        -            515   8.9e-68  223.8   0.0   1   1   1.7e-70   1.2e-67  223.4   0.0     1   238   193   433   193   434 0.94 -
GH152                -            216 FUN_005281-T1        -            354   8.1e-55  181.2   8.2   1   2   5.9e-05     0.041    9.0   0.0     1    17    39    55    39    59 0.90 -
GH152                -            216 FUN_005281-T1        -            354   8.1e-55  181.2   8.2   2   2   2.6e-55   1.8e-52  173.5   5.1    43   216    60   285    55   285 0.94 -
GH35                 -            307 FUN_005299-T1        -            976   5.9e-85  280.9   0.1   1   1     5e-87   3.5e-84  278.4   0.1     1   303    52   340    52   343 0.93 -
GH13_8               -            293 FUN_005349-T1        -            691  8.5e-155  509.6   7.1   1   2   4.4e-05     0.003   12.2   0.2    96   139    53    99    35   113 0.86 -
GH13_8               -            293 FUN_005349-T1        -            691  8.5e-155  509.6   7.1   2   2  9.8e-154  6.9e-152  500.1   2.2     1   293   236   529   236   529 0.99 -
GH13_9               -            301 FUN_005349-T1        -            691   5.4e-60  198.5   0.5   1   1   1.1e-61   7.7e-60  198.0   0.5     1   266   213   482   213   532 0.90 -
GH13_10              -            313 FUN_005349-T1        -            691   5.1e-33  110.1   4.4   1   2   9.8e-35   6.9e-33  109.7   3.7     6   145   203   351   200   359 0.85 -
GH13_10              -            313 FUN_005349-T1        -            691   5.1e-33  110.1   4.4   2   2       3.8   2.6e+02   -3.9   0.0   258   272   457   471   453   499 0.75 -
GH13                 -            299 FUN_005349-T1        -            691   3.8e-28   95.0   3.6   1   2       1.7   1.2e+02   -1.9   0.1   153   189    61    97    27   126 0.69 -
GH13                 -            299 FUN_005349-T1        -            691   3.8e-28   95.0   3.6   2   2   5.5e-30   3.8e-28   95.0   3.6    21   281   210   501   199   533 0.72 -
GH13_11              -            351 FUN_005349-T1        -            691   5.7e-23   77.1   1.9   1   1   1.2e-24   8.7e-23   76.5   1.9     3   175   203   355   202   401 0.85 -
GH13_14              -            289 FUN_005349-T1        -            691   5.7e-20   67.2   0.7   1   2     1e-19   7.1e-18   60.3   0.3     2   152   213   348   212   354 0.83 -
GH13_14              -            289 FUN_005349-T1        -            691   5.7e-20   67.2   0.7   2   2    0.0078      0.55    4.9   0.0   240   287   456   504   432   506 0.78 -
GH13_36              -            314 FUN_005349-T1        -            691   1.1e-19   66.3   0.0   1   2   2.1e-14   1.5e-12   42.9   0.1    10    79   212   283   208   300 0.94 -
GH13_36              -            314 FUN_005349-T1        -            691   1.1e-19   66.3   0.0   2   2   1.3e-07   8.8e-06   20.7   0.0   139   279   315   476   286   504 0.79 -
GH13_13              -            361 FUN_005349-T1        -            691   1.2e-18   62.7   1.4   1   2   5.1e-20   3.6e-18   61.1   0.7    48   182   224   349   143   354 0.79 -
GH13_13              -            361 FUN_005349-T1        -            691   1.2e-18   62.7   1.4   2   2      0.34        24   -0.8   0.0   297   354   452   507   433   510 0.70 -
GH13_37              -            320 FUN_005349-T1        -            691   7.5e-18   59.9   0.6   1   1   1.6e-19   1.1e-17   59.3   0.6    17   155   211   347    23   354 0.79 -
GH13_12              -            284 FUN_005349-T1        -            691     2e-17   59.2   0.3   1   1     6e-19   4.2e-17   58.1   0.3    10   154   212   348   203   354 0.80 -
GT71                 -            264 FUN_005417-T1        -            509     3e-50  166.7   0.0   1   1     6e-53   4.2e-50  166.2   0.0     1   264   150   407   150   407 0.89 -
AA3_2                -            568 FUN_005430-T1        -            586  5.1e-148  489.6   0.0   1   1  3.3e-150  5.8e-148  489.5   0.0     2   567    12   578    11   579 0.93 -
AA3                  -            618 FUN_005430-T1        -            586   6.6e-83  274.5   0.0   1   1   5.1e-85   8.9e-83  274.1   0.0    87   402    10   581     6   583 0.85 -
AA3_3                -            590 FUN_005430-T1        -            586     1e-52  174.7   0.0   1   2   1.9e-38   3.4e-36  120.1   0.0     3   450    13   467    11   494 0.74 -
AA3_3                -            590 FUN_005430-T1        -            586     1e-52  174.7   0.0   2   2   1.1e-17   1.9e-15   51.7   0.0   508   588   499   579   495   580 0.97 -
AA3_1                -            548 FUN_005430-T1        -            586   3.6e-40  133.4   0.0   1   3   6.2e-16   1.1e-13   46.0   0.1    11   137     7   135     1   142 0.82 -
AA3_1                -            548 FUN_005430-T1        -            586   3.6e-40  133.4   0.0   2   3   9.9e-17   1.7e-14   48.7   0.0   197   369   210   369   203   388 0.83 -
AA3_1                -            548 FUN_005430-T1        -            586   3.6e-40  133.4   0.0   3   3   1.2e-12   2.1e-10   35.2   0.0   392   545   420   577   405   580 0.74 -
GT22                 -            389 FUN_005462-T1        -            645  4.1e-108  357.4  26.8   1   1  7.6e-111  5.3e-108  357.0  26.8     6   388    27   524    24   525 0.90 -
AA7                  -            458 FUN_005508-T1        -            518     2e-27   92.3   0.1   1   2   6.8e-29   4.8e-26   87.8   0.0     5   192    31   211    27   246 0.90 -
AA7                  -            458 FUN_005508-T1        -            518     2e-27   92.3   0.1   2   2    0.0049       3.4    2.6   0.0   430   452   457   479   386   482 0.84 -
GH76                 -            358 FUN_005530-T1        -            594  1.4e-109  362.1  17.7   1   1  2.6e-112  1.8e-109  361.7  17.7    12   356    35   402    26   404 0.95 -
GT3                  -            637 FUN_005604-T1        -            706  1.7e-305 1010.0   0.0   1   1  2.8e-308    2e-305 1009.8   0.0     1   637    17   657    17   657 0.98 -
AA1                  -            358 FUN_005736-T1        -            634   3.5e-87  288.7   0.0   1   1   2.6e-89   4.6e-87  288.3   0.0     7   358   118   605   107   605 0.76 -
AA1_2                -            337 FUN_005736-T1        -            634   6.9e-56  185.1   0.0   1   3   8.4e-57   1.5e-54  180.7   0.0     2   331   120   485   119   490 0.82 -
AA1_2                -            337 FUN_005736-T1        -            634   6.9e-56  185.1   0.0   2   3      0.19        33   -1.3   0.1    28    47   511   530   505   537 0.84 -
AA1_2                -            337 FUN_005736-T1        -            634   6.9e-56  185.1   0.0   3   3     0.056       9.7    0.5   0.0    72   106   581   614   570   627 0.73 -
AA1_3                -            312 FUN_005736-T1        -            634   1.1e-54  181.1   0.0   1   2   6.5e-56   1.1e-53  177.8   0.0    11   271    99   383    91   397 0.85 -
AA1_3                -            312 FUN_005736-T1        -            634   1.1e-54  181.1   0.0   2   2     0.063        11    0.5   0.0    97   137   576   616   570   626 0.83 -
AA1_1                -            303 FUN_005736-T1        -            634   8.9e-43  141.9   0.0   1   2   1.2e-44   2.1e-42  140.6   0.0     2   234   114   368   113   393 0.82 -
AA1_1                -            303 FUN_005736-T1        -            634   8.9e-43  141.9   0.0   2   2       1.3   2.2e+02   -3.9   0.0    86   126   584   623   582   625 0.78 -
PL38                 -            279 FUN_005738-T1        -            422  3.2e-105  346.6   0.1   1   1  5.7e-108    4e-105  346.3   0.1     1   275    82   358    82   363 0.97 -
GT41                 -            705 FUN_005766-T1        -            580   7.7e-19   63.0  14.6   1   4   1.1e-09   7.5e-07   23.4   0.1   132   191     8    67     2    72 0.86 -
GT41                 -            705 FUN_005766-T1        -            580   7.7e-19   63.0  14.6   2   4     0.018        13   -0.5   0.0   138   177    82   121    68   125 0.78 -
GT41                 -            705 FUN_005766-T1        -            580   7.7e-19   63.0  14.6   3   4   1.5e-09     1e-06   23.0   0.2   123   190   247   313   220   316 0.84 -
GT41                 -            705 FUN_005766-T1        -            580   7.7e-19   63.0  14.6   4   4   2.1e-09   1.5e-06   22.5   2.4    44   209   346   491   313   549 0.71 -
GT2_Glyco_tranf_2_3  PF13641.5    230 FUN_005798-T1        -            530   5.3e-25   84.0   0.0   1   1   1.1e-27   7.8e-25   83.5   0.0     3   229    74   309    72   310 0.88 Glycosyltransferase like family 2
AA4                  -            522 FUN_005802-T1        -            671   1.6e-21   71.9   0.0   1   2   1.4e-23   4.7e-21   70.4   0.0     3   247   190   427   188   440 0.81 -
AA4                  -            522 FUN_005802-T1        -            671   1.6e-21   71.9   0.0   2   2      0.16        57   -2.5   0.0   443   506   590   653   569   660 0.66 -
AA7                  -            458 FUN_005802-T1        -            671   9.6e-21   70.3   0.5   1   1   8.4e-23   2.9e-20   68.7   0.3    11   195   239   430   232   508 0.85 -
GH47                 -            446 FUN_005816-T1        -           1148  2.3e-142  470.5   0.0   1   1    4e-145  2.8e-142  470.2   0.0     1   445    97   639    97   640 0.95 -
GT32                 -             90 FUN_005827-T1        -            409   4.4e-19   64.2   0.3   1   2   1.5e-21   1.1e-18   63.0   0.1     6    88    94   178    89   180 0.93 -
GT32                 -             90 FUN_005827-T1        -            409   4.4e-19   64.2   0.3   2   2      0.47   3.3e+02   -2.7   0.0    38    49   356   367   328   386 0.64 -
GH55                 -            740 FUN_005899-T1        -            759  7.2e-231  763.8  15.7   1   1  1.2e-233  8.5e-231  763.6  15.7     8   739    31   757    24   758 0.95 -
GH16_3               -            230 FUN_005967-T1        -            287   2.8e-50  166.7   0.9   1   1   1.9e-52   3.3e-50  166.5   0.9     1   230    34   284    34   284 0.87 -
GH16                 -            189 FUN_005967-T1        -            287   6.9e-36  120.0   3.3   1   1   4.7e-38   8.2e-36  119.7   3.3     8   189    44   284    33   284 0.77 -
GH16_5               -            238 FUN_005967-T1        -            287   2.7e-22   74.4   0.1   1   1     3e-24   5.2e-22   73.5   0.1   106   238   125   284   121   284 0.75 -
GH16_6               -            274 FUN_005967-T1        -            287   2.2e-18   61.9   4.5   1   2     0.016       2.7    2.6   0.1     1    45    34    81    34    99 0.80 -
GH16_6               -            274 FUN_005967-T1        -            287   2.2e-18   61.9   4.5   2   2   2.2e-19   3.9e-17   57.8   1.0   100   273   129   281   123   282 0.84 -
GH71                 -            375 FUN_005992-T1        -            623  7.5e-128  421.8  11.0   1   1  4.5e-130  1.6e-127  420.8  11.0     1   374    45   454    45   455 0.98 -
CBM24                -             76 FUN_005992-T1        -            623   4.4e-25   83.3  18.9   1   1     3e-27     1e-24   82.1  18.9     6    76   550   620   541   620 0.93 -
GH3                  -            216 FUN_005993-T1        -            917   1.7e-50  167.0   0.0   1   1   4.1e-53   2.8e-50  166.3   0.0     4   210    92   303    89   308 0.91 -
GH76                 -            358 FUN_006009-T1        -            482  1.2e-103  342.6   5.5   1   1  2.2e-106  1.5e-103  342.2   5.5    11   356    45   427    40   429 0.95 -
GH25                 -            177 FUN_006013-T1        -            228   1.4e-49  164.2   1.8   1   1   2.2e-52   1.6e-49  164.0   1.8     2   172    26   205    25   210 0.93 -
GT90                 -            250 FUN_006028-T1        -            835   5.4e-70  231.2   0.1   1   1   1.2e-72   8.6e-70  230.6   0.1     3   248   559   826   557   827 0.94 -
GH11                 -            177 FUN_006041-T1        -            226   1.3e-57  189.6   9.0   1   1   2.5e-60   1.8e-57  189.2   9.0     8   174    57   220    35   223 0.92 -
GH31                 -            427 FUN_006074-T1        -            964  2.4e-148  490.0   2.3   1   1  4.5e-151  3.1e-148  489.7   2.3     1   427   290   849   290   849 0.97 -
GH3                  -            216 FUN_006078-T1        -            834   2.3e-61  202.5   0.0   1   1   5.4e-64   3.8e-61  201.8   0.0     5   216    34   245    30   245 0.97 -
GH28                 -            325 FUN_006087-T1        -            405   4.5e-68  225.1  17.7   1   1   8.2e-71   5.7e-68  224.8  17.7     8   322    55   393    49   396 0.88 -
GH28                 -            325 FUN_006088-T1        -            176   2.6e-31  104.3   3.9   1   1   4.2e-34     3e-31  104.2   3.9   184   323     2   165     1   167 0.90 -
GT109                -            411 FUN_006098-T1        -            409  1.6e-113  375.3   0.0   1   1  2.5e-116  1.8e-113  375.1   0.0     7   394     3   406     1   409 0.92 -
AA1                  -            358 FUN_006104-T1        -            603   4.4e-62  206.1   0.0   1   1   5.5e-64   9.6e-62  205.0   0.0     7   357    39   571    28   572 0.72 -
AA1_3                -            312 FUN_006104-T1        -            603   4.7e-35  116.6   0.6   1   2   5.4e-36   9.4e-34  112.4   0.2    12   271    21   339    15   364 0.90 -
AA1_3                -            312 FUN_006104-T1        -            603   4.7e-35  116.6   0.6   2   2      0.24        43   -1.5   0.0   100   134   546   579   541   592 0.80 -
AA1_2                -            337 FUN_006104-T1        -            603   1.7e-28   95.0   0.1   1   2     7e-23   1.2e-20   69.2   0.1     2    84    41   121    40   166 0.93 -
AA1_2                -            337 FUN_006104-T1        -            603   1.7e-28   95.0   0.1   2   2   5.4e-09   9.4e-07   23.5   0.0   145   225   246   330   227   340 0.83 -
AA1_1                -            303 FUN_006104-T1        -            603   1.7e-27   91.8   0.2   1   2   1.1e-20   1.9e-18   62.0   0.0     2   161    35   188    35   198 0.75 -
AA1_1                -            303 FUN_006104-T1        -            603   1.7e-27   91.8   0.2   2   2   4.1e-10   7.2e-08   27.3   0.0   183   253   274   344   251   377 0.84 -
GH72                 -            312 FUN_006123-T1        -            525  3.8e-130  429.1   2.9   1   1  1.5e-132  5.2e-130  428.6   2.9     4   311    21   330    18   331 0.97 -
CBM43                -             83 FUN_006123-T1        -            525   2.1e-19   65.3   8.1   1   1   1.9e-21   6.5e-19   63.8   8.1     2    82   381   467   380   468 0.97 -
GH89                 -            663 FUN_006132-T1        -            596  1.1e-166  551.1   8.8   1   1  1.9e-169  1.4e-166  550.9   8.8    97   652     4   577     1   588 0.94 -
GH27                 -            229 FUN_006140-T1        -            624   2.1e-33  111.2   1.3   1   1   4.7e-36   3.3e-33  110.6   1.3     8   227   328   599   280   601 0.78 -
GH95                 -            722 FUN_006152-T1        -            706  4.6e-174  576.0   1.3   1   1  8.6e-177    6e-174  575.6   1.3    91   713    15   698     4   704 0.91 -
GH27                 -            229 FUN_006161-T1        -            473   4.4e-43  142.9   0.7   1   1   7.8e-46   5.5e-43  142.6   0.7     6   228   176   449   126   450 0.81 -
GH30_3               -            417 FUN_006164-T1        -            476  9.5e-120  395.5   1.9   1   1  1.3e-121  1.2e-119  395.2   1.9    11   416    57   472    49   473 0.94 -
GH30                 -            417 FUN_006164-T1        -            476  8.1e-110  363.0   3.7   1   1  1.1e-111    1e-109  362.7   3.7    22   416    58   473    48   474 0.92 -
GH30_1               -            416 FUN_006164-T1        -            476   2.3e-76  252.5   0.1   1   1   3.4e-78   2.9e-76  252.1   0.1    10   415    58   471    51   472 0.90 -
GH30_2               -            417 FUN_006164-T1        -            476   4.4e-51  169.3   0.1   1   1   7.7e-53   6.8e-51  168.7   0.1     7   415    58   470    52   472 0.87 -
GH30_9               -            442 FUN_006164-T1        -            476   1.3e-43  144.5   3.6   1   1   2.2e-45     2e-43  143.9   3.6    11   432    58   461    50   470 0.86 -
GH30_6               -            450 FUN_006164-T1        -            476   1.7e-28   95.1   1.4   1   1   5.4e-29   4.8e-27   90.4   1.4     8   408    59   455    51   463 0.74 -
GH30_7               -            443 FUN_006164-T1        -            476   4.3e-24   80.4   4.2   1   1   8.5e-26   7.4e-24   79.6   4.2    10   400    58   456    49   472 0.76 -
GH30_8               -            342 FUN_006164-T1        -            476   1.5e-19   65.8   4.2   1   2   2.8e-19   2.5e-17   58.5   2.7     7   228    57   325    51   342 0.79 -
GH30_8               -            342 FUN_006164-T1        -            476   1.5e-19   65.8   4.2   2   2    0.0021      0.18    6.3   0.0   280   330   390   445   367   456 0.67 -
GH36                 -            688 FUN_006188-T1        -            746  2.7e-235  778.4   0.0   1   1  4.4e-238  3.1e-235  778.3   0.0     2   687    37   728    36   729 0.95 -
GH47                 -            446 FUN_006200-T1        -            598  1.9e-158  523.5   0.0   1   1  3.2e-161  2.2e-158  523.3   0.0     2   446   106   595   105   595 0.93 -
GH2                  -            752 FUN_006205-T1        -            908   2.2e-62  207.0   4.4   1   1   4.5e-65   3.2e-62  206.5   4.4    90   582    70   806    56   856 0.69 -
GH55                 -            740 FUN_006211-T1        -            763  1.4e-219  726.5  16.9   1   1  2.4e-222  1.7e-219  726.2  16.9     6   739    32   761    27   762 0.95 -
GH109                -            399 FUN_006218-T1        -            363   6.8e-20   66.4   0.0   1   2   1.9e-20   1.4e-17   58.9   0.0     5   161     5   153     2   167 0.90 -
GH109                -            399 FUN_006218-T1        -            363   6.8e-20   66.4   0.0   2   2   0.00033      0.23    5.4   0.0   243   294   211   262   195   286 0.89 -
GT32                 -             90 FUN_006285-T1        -            374   2.7e-18   61.7   0.0   1   1   9.8e-21   6.9e-18   60.4   0.0     4    89   131   214   128   215 0.95 -
GH72                 -            312 FUN_006291-T1        -            540  3.7e-129  425.8   2.9   1   1  1.3e-131  4.7e-129  425.5   2.9     4   311    21   331    18   332 0.97 -
CBM43                -             83 FUN_006291-T1        -            540   1.6e-18   62.5   2.9   1   1   1.3e-20   4.6e-18   61.1   2.9     1    82   381   467   381   468 0.94 -
AA3_2                -            568 FUN_006295-T1        -            580  5.7e-150  496.1   0.0   1   1    4e-152    7e-150  495.8   0.0     2   566    26   574    25   576 0.91 -
AA3                  -            618 FUN_006295-T1        -            580   2.9e-73  242.6   0.1   1   1   2.2e-75   3.8e-73  242.2   0.1    85   402    22   578    14   579 0.84 -
AA3_3                -            590 FUN_006295-T1        -            580   4.5e-62  205.6   0.0   1   3   1.8e-43   3.2e-41  136.7   0.0     2   317    26   335    25   341 0.87 -
AA3_3                -            590 FUN_006295-T1        -            580   4.5e-62  205.6   0.0   2   3   8.3e-06    0.0015   12.4   0.0   411   451   422   462   398   471 0.86 -
AA3_3                -            590 FUN_006295-T1        -            580   4.5e-62  205.6   0.0   3   3   6.4e-18   1.1e-15   52.4   0.0   507   589   495   577   481   578 0.94 -
AA3_1                -            548 FUN_006295-T1        -            580   4.9e-34  113.2   5.6   1   3   1.2e-10   2.1e-08   28.6   0.0     5    50    15    61    12    83 0.83 -
AA3_1                -            548 FUN_006295-T1        -            580   4.9e-34  113.2   5.6   2   3      0.17        29   -1.6   0.1   118   159   116   157   104   162 0.73 -
AA3_1                -            548 FUN_006295-T1        -            580   4.9e-34  113.2   5.6   3   3   6.5e-28   1.1e-25   85.6   0.4   216   545   234   574   220   576 0.65 -
GH128                -            224 FUN_006305-T1        -            270   4.4e-48  159.3   0.0   1   1   7.8e-51   5.5e-48  159.0   0.0     8   224    42   262    36   262 0.92 -
GT8                  -            257 FUN_006375-T1        -            542   4.6e-45  149.7   0.1   1   1   9.7e-48   6.8e-45  149.1   0.1    29   254     9   223     3   225 0.88 -
GT41                 -            705 FUN_006405-T1        -           1771  1.7e-152  504.8   0.0   1   4   1.6e-10   1.1e-07   26.2   0.0    85   226   702   792   629   910 0.74 -
GT41                 -            705 FUN_006405-T1        -           1771  1.7e-152  504.8   0.0   2   4   4.5e-17   3.1e-14   47.8   0.0   116   239  1073  1259  1064  1279 0.82 -
GT41                 -            705 FUN_006405-T1        -           1771  1.7e-152  504.8   0.0   3   4   2.4e-99   1.7e-96  319.7   0.0   477   681  1292  1499  1285  1507 0.92 -
GT41                 -            705 FUN_006405-T1        -           1771  1.7e-152  504.8   0.0   4   4   7.3e-34   5.1e-31  103.3   0.3   300   519  1512  1760  1504  1765 0.86 -
GH67                 -            669 FUN_006462-T1        -            847  3.4e-266  880.4   0.0   1   1  5.7e-269    4e-266  880.2   0.0     2   668    22   701    21   702 0.98 -
GT15                 -            273 FUN_006513-T1        -            394  1.1e-117  387.9  10.0   1   1  1.8e-120  1.2e-117  387.6  10.0     1   272    74   352    74   353 0.99 -
AA5                  -           1281 FUN_006557-T1        -            927   8.6e-60  197.8  46.1   1   3         2     7e+02   -7.6   8.9   220   308   529   616   516   621 0.63 -
AA5                  -           1281 FUN_006557-T1        -            927   8.6e-60  197.8  46.1   2   3   2.8e-43   9.8e-41  134.7  25.7    56   245   615   810   602   820 0.87 -
AA5                  -           1281 FUN_006557-T1        -            927   8.6e-60  197.8  46.1   3   3   3.4e-26   1.2e-23   78.1  12.5    47   142   822   917   815   922 0.92 -
AA2                  -            255 FUN_006557-T1        -            927   8.5e-24   79.8   0.0   1   1   4.2e-26   1.5e-23   79.0   0.0    19   195    61   242    51   286 0.83 -
GH5_24               -            315 FUN_006639-T1        -            524  9.6e-160  526.6   2.8   1   1  1.4e-161  1.2e-159  526.3   2.8     1   315   180   494   180   494 1.00 -
GH5_1                -            310 FUN_006639-T1        -            524   2.1e-58  193.8   0.1   1   1   3.3e-60   2.9e-58  193.3   0.1     1   304   182   489   182   493 0.91 -
GH5_51               -            351 FUN_006639-T1        -            524   1.6e-57  190.6   4.5   1   1   2.2e-57   1.9e-55  183.8   4.5     1   348   180   487   180   490 0.91 -
GH5_11               -            313 FUN_006639-T1        -            524   6.3e-46  152.5   0.0   1   1   1.9e-47   1.6e-45  151.1   0.0     1   313   180   486   180   486 0.92 -
GH5                  -            275 FUN_006639-T1        -            524   2.8e-40  134.0   2.8   1   1   4.5e-42     4e-40  133.5   2.8     2   242   180   497   179   515 0.80 -
GH5_20               -            344 FUN_006639-T1        -            524   6.2e-26   86.8   0.2   1   1   4.2e-26   3.6e-24   81.0   0.2     3   237   187   407   185   418 0.83 -
GH5_16               -            337 FUN_006639-T1        -            524   2.3e-22   74.9   1.0   1   2   2.4e-11   2.1e-09   32.3   0.0     1    57   180   237   180   241 0.93 -
GH5_16               -            337 FUN_006639-T1        -            524   2.3e-22   74.9   1.0   2   2   1.6e-13   1.4e-11   39.5   1.4   101   336   257   486   240   487 0.80 -
GH5_8                -            253 FUN_006639-T1        -            524   5.5e-18   60.8   0.1   1   1     9e-20   7.8e-18   60.3   0.1     1   244   181   485   181   495 0.87 -
GH18                 -            296 FUN_006654-T1        -           1269   2.5e-48  160.8   1.5   1   1   6.8e-51   4.8e-48  159.8   1.5     6   278   439   785   435   800 0.82 -
AA7                  -            458 FUN_006662-T1        -            574   1.2e-54  182.0  13.3   1   2   7.5e-51   5.3e-48  160.2  12.4    19   208   135   331   125   351 0.91 -
AA7                  -            458 FUN_006662-T1        -            574   1.2e-54  182.0  13.3   2   2   1.9e-08   1.3e-05   20.4   0.0   415   452   514   551   478   555 0.82 -
CE5                  -            189 FUN_006665-T1        -            302   5.4e-42  139.5   8.5   1   1   9.5e-45   6.6e-42  139.2   8.5     1   189    32   237    32   237 0.94 -
CBM1                 -             29 FUN_006666-T1        -            316   1.5e-16   55.6   8.1   1   1   7.3e-19   5.1e-16   53.9   8.1     1    29   284   312   284   312 0.99 -
AA9                  -            220 FUN_006667-T1        -            344   1.1e-68  226.6   1.2   1   2   1.9e-71   1.3e-68  226.3   0.1     2   219    10   233     9   234 0.89 -
AA9                  -            220 FUN_006667-T1        -            344   1.1e-68  226.6   1.2   2   2     0.097        68   -1.6   0.1    44    76   272   305   244   323 0.56 -
AA7                  -            458 FUN_006725-T1        -            492   6.6e-33  110.4   0.8   1   1   1.1e-35   7.5e-33  110.2   0.8     8   187    34   221    29   400 0.86 -
GT90                 -            250 FUN_006739-T1        -            513   2.2e-82  271.8   6.4   1   2   0.00068      0.48    5.4   0.0     2    36   123   157   122   160 0.89 -
GT90                 -            250 FUN_006739-T1        -            513   2.2e-82  271.8   6.4   2   2   9.8e-84   6.9e-81  266.9   3.8     3   243   248   513   246   513 0.95 -
GT41                 -            705 FUN_006782-T1        -            861   3.9e-35  116.9   3.5   1   4   2.2e-13   1.5e-10   35.6   1.6    77   190    36   139     9   142 0.85 -
GT41                 -            705 FUN_006782-T1        -            861   3.9e-35  116.9   3.5   2   4   3.4e-12   2.4e-09   31.7   0.0    75   189   102   211   100   213 0.94 -
GT41                 -            705 FUN_006782-T1        -            861   3.9e-35  116.9   3.5   3   4   1.8e-06    0.0012   12.8   0.0   129   175   222   268   217   271 0.88 -
GT41                 -            705 FUN_006782-T1        -            861   3.9e-35  116.9   3.5   4   4   6.1e-16   4.3e-13   44.1   0.6    65   191   274   391   267   408 0.92 -
GH128                -            224 FUN_006801-T1        -            451     1e-54  181.0   0.1   1   1   2.4e-57   1.7e-54  180.3   0.1     7   224   234   448   227   448 0.92 -
GH18                 -            296 FUN_006804-T1        -            324   1.6e-25   85.8   1.3   1   2   2.4e-28   1.6e-25   85.8   1.3     2   198    26   272    25   294 0.77 -
GH18                 -            296 FUN_006804-T1        -            324   1.6e-25   85.8   1.3   2   2    0.0096       6.7    1.8   0.2   261   283   289   312   277   321 0.73 -
AA3_1                -            548 FUN_006823-T1        -            739   2.2e-78  259.5   0.5   1   2   1.2e-53   1.6e-51  170.9   2.4    11   280   212   481   206   484 0.87 -
AA3_1                -            548 FUN_006823-T1        -            739   2.2e-78  259.5   0.5   2   2   6.7e-28   9.3e-26   85.8   0.0   305   541   481   732   479   736 0.89 -
AA3                  -            618 FUN_006823-T1        -            739   7.8e-51  168.5   0.1   1   1   9.1e-53   1.3e-50  167.8   0.1    88   394   216   732   207   737 0.75 -
AA3_2                -            568 FUN_006823-T1        -            739   4.7e-42  139.8   0.2   1   1   2.3e-40   3.3e-38  127.1   0.2     4   563   219   733   217   738 0.73 -
AA3_3                -            590 FUN_006823-T1        -            739     2e-23   78.0   0.2   1   3   1.2e-07   1.6e-05   18.8   0.0     3   128   218   336   216   351 0.71 -
AA3_3                -            590 FUN_006823-T1        -            739     2e-23   78.0   0.2   2   3   1.5e-08   2.1e-06   21.8   0.0   222   300   412   499   401   504 0.76 -
AA3_3                -            590 FUN_006823-T1        -            739     2e-23   78.0   0.2   3   3   3.6e-12   5.1e-10   33.7   0.0   526   579   676   729   672   739 0.92 -
AA3_4                -            549 FUN_006823-T1        -            739   2.1e-18   61.7   0.2   1   3     1e-07   1.4e-05   19.4   0.1     3    34   218   249   216   254 0.95 -
AA3_4                -            549 FUN_006823-T1        -            739   2.1e-18   61.7   0.2   2   3   1.6e-05    0.0022   12.2   0.0   256   292   446   484   436   514 0.81 -
AA3_4                -            549 FUN_006823-T1        -            739   2.1e-18   61.7   0.2   3   3   6.8e-10   9.5e-08   26.6   0.0   480   538   673   728   663   739 0.86 -
GT22                 -            389 FUN_006828-T1        -            515   5.6e-78  258.2  37.3   1   1   9.6e-81   6.7e-78  257.9  37.3     1   386     5   395     5   397 0.91 -
#
# Program:         hmmscan
# Version:         3.4 (Aug 2023)
# Pipeline mode:   SCAN
# Query file:      /home/zack/Desktop/IsariaPreferralGenome/MyGenomeSubmittedToNCBI/HypocrealesProteinSets/GENOMES/TrichodermaReesei_CBS999.97/FunannotatePredict/annotate_misc/split_prots/chunk_3.fa
# Target file:     /home/zack/funannotate_db/dbCAN.hmm
# Option settings: hmmscan --domtblout /home/zack/Desktop/IsariaPreferralGenome/MyGenomeSubmittedToNCBI/HypocrealesProteinSets/GENOMES/TrichodermaReesei_CBS999.97/FunannotatePredict/annotate_misc/split_prots/chunk_3.dbcan.txt -E 1e-15 --cpu 1 /home/zack/funannotate_db/dbCAN.hmm /home/zack/Desktop/IsariaPreferralGenome/MyGenomeSubmittedToNCBI/HypocrealesProteinSets/GENOMES/TrichodermaReesei_CBS999.97/FunannotatePredict/annotate_misc/split_prots/chunk_3.fa 
# Current dir:     /home/zack
# Date:            Mon Mar  4 00:27:52 2024
# [ok]
