#HMM_family	HMM_len	Query_ID	Query_len	E-value	HMM_start	HMM_end	Query_start	Query_end	Coverage
GH71	375	FUN_004610-T1	427	2.8e-132	0	372	30	403	0.992000
GT2_Glycos_transf_2	170	FUN_004658-T1	413	5.9e-24	0	107	115	256	0.629412
AA9	220	FUN_004664-T1	378	4.6e-54	2	219	7	229	0.986364
CE3	194	FUN_004697-T1	157	6.3e-18	94	194	13	110	0.515464
GT39	223	FUN_004717-T1	944	5.1e-70	1	223	65	311	0.995516
GH13_40	359	FUN_004766-T1	598	4.1e-173	0	359	32	393	1.000000
GH13_31	349	FUN_004766-T1	598	1.7e-134	0	349	32	393	1.000000
GH13_29	344	FUN_004766-T1	598	8.9e-117	0	343	31	392	0.997093
GH13_23	344	FUN_004766-T1	598	1.9e-113	0	340	32	390	0.988372
GH13_30	365	FUN_004766-T1	598	1.9e-89	0	362	32	389	0.991781
GH13_17	350	FUN_004766-T1	598	7.1e-82	0	349	32	392	0.997143
GH13_36	314	FUN_004766-T1	598	2.6e-75	0	311	32	390	0.990446
GH13	299	FUN_004766-T1	598	1.8e-74	12	292	32	393	0.936455
GH13_16	353	FUN_004766-T1	598	9.6e-73	0	283	32	348	0.801700
GH13_35	351	FUN_004766-T1	598	2.7e-58	0	349	32	390	0.994302
GH13_21	308	FUN_004766-T1	598	6.8e-57	0	304	32	390	0.987013
GH13_20	300	FUN_004766-T1	598	1.3e-48	0	164	32	216	0.546667
GH13_4	400	FUN_004766-T1	598	2.5e-33	1	186	32	218	0.462500
GH13_14	289	FUN_004766-T1	598	9.2e-32	0	155	41	217	0.536332
GH13_1	306	FUN_004766-T1	598	2.1e-31	1	297	32	389	0.967320
GH13_2	310	FUN_004766-T1	598	1.3e-30	1	174	32	215	0.558065
GH13_39	316	FUN_004766-T1	598	1.4e-29	0	164	32	215	0.518987
GH13_41	294	FUN_004766-T1	598	2.1e-25	0	159	32	215	0.540816
GH13_10	313	FUN_004766-T1	598	2.1e-20	4	144	32	216	0.447284
GH13_37	320	FUN_004766-T1	598	2.2e-20	7	320	31	389	0.978125
GH13_3	210	FUN_004766-T1	598	5.5e-20	2	153	39	220	0.719048
GH13_18	343	FUN_004766-T1	598	6e-20	1	159	50	221	0.460641
GH13_34	244	FUN_004766-T1	598	6.3e-19	1	88	33	123	0.356557
GH13_32	269	FUN_004766-T1	598	8.9e-19	0	153	48	216	0.568773
GH13_6	289	FUN_004766-T1	598	2.7e-18	1	156	42	217	0.536332
GH13_1	306	FUN_004770-T1	463	3.2e-116	0	306	57	346	1.000000
GH13	299	FUN_004770-T1	463	1.2e-59	12	297	58	346	0.953177
GH13_2	310	FUN_004770-T1	463	2.1e-54	0	308	57	336	0.993548
GH13_41	294	FUN_004770-T1	463	4.5e-46	0	292	58	340	0.993197
GH13_20	300	FUN_004770-T1	463	5.8e-44	0	300	58	344	1.000000
GH13_36	314	FUN_004770-T1	463	3.9e-39	0	310	58	337	0.987261
GH13_12	284	FUN_004770-T1	463	3.3e-38	0	281	58	336	0.989437
GH13_14	289	FUN_004770-T1	463	4.9e-36	0	289	67	335	1.000000
GH13_32	269	FUN_004770-T1	463	1.1e-32	0	247	74	309	0.918216
GH13_6	289	FUN_004770-T1	463	7.3e-32	1	178	68	237	0.612457
GH13_21	308	FUN_004770-T1	463	5.4e-31	0	307	58	341	0.996753
GH13_28	266	FUN_004770-T1	463	1.5e-29	0	260	58	301	0.977444
GH13_39	316	FUN_004770-T1	463	1.4e-28	0	315	58	344	0.996835
GH13_7	289	FUN_004770-T1	463	8.1e-25	1	286	67	332	0.986159
GH13_37	320	FUN_004770-T1	463	1.5e-22	8	168	58	225	0.500000
GH13_10	313	FUN_004770-T1	463	4.2e-22	4	147	58	218	0.456869
GH13_15	285	FUN_004770-T1	463	6.5e-21	30	271	101	317	0.845614
AA3	618	FUN_004777-T1	1166	6.5e-24	156	407	25	484	0.406149
GH20	337	FUN_004794-T1	708	2.6e-56	8	335	161	496	0.970326
GH17	311	FUN_004827-T1	716	7.5e-35	9	306	435	702	0.954984
GT20	475	FUN_004831-T1	649	1.5e-127	52	473	148	628	0.886316
AA7	458	FUN_004853-T1	587	2.4e-57	11	185	115	301	0.379913
AA3_2	568	FUN_004874-T1	609	1.4e-125	1	567	18	599	0.996479
AA3	618	FUN_004874-T1	609	1.1e-74	85	401	15	601	0.511327
AA3_3	590	FUN_004874-T1	609	9.8e-54	1	587	18	599	0.993220
AA3_1	548	FUN_004874-T1	609	1.8e-39	9	379	12	371	0.675182
GH2	752	FUN_004894-T1	924	3.5e-70	64	555	49	788	0.652926
GH27	229	FUN_004895-T1	621	5.1e-33	7	227	324	597	0.960699
AA7	458	FUN_004899-T1	481	4.9e-68	6	223	55	274	0.473799
GH3	216	FUN_004906-T1	744	2.9e-60	4	216	80	287	0.981481
GH3	216	FUN_004907-T1	797	8e-54	3	215	95	344	0.981481
GH3	216	FUN_004928-T1	838	1.1e-57	4	216	40	252	0.981481
AA3_2	568	FUN_004932-T1	502	1.4e-98	2	500	20	496	0.876761
AA3	618	FUN_004932-T1	502	8.3e-53	79	323	10	463	0.394822
AA3_3	590	FUN_004932-T1	502	8.9e-41	3	315	21	322	0.528814
GH54	316	FUN_004937-T1	500	4.9e-159	0	315	22	337	0.996835
CBM42	136	FUN_004937-T1	500	5.4e-59	1	136	354	495	0.992647
AA3_3	590	FUN_004946-T1	1022	5.2e-256	0	590	13	650	1.000000
AA3_2	568	FUN_004946-T1	1022	2.9e-127	1	567	14	647	0.996479
AA3	618	FUN_004946-T1	1022	1.2e-87	84	416	10	664	0.537217
AA3_1	548	FUN_004946-T1	1022	3.1e-43	14	357	13	362	0.625912
GH18	296	FUN_004946-T1	1022	1.4e-22	15	203	670	905	0.635135
GT1	382	FUN_004953-T1	837	6.1e-60	81	376	192	517	0.772251
AA1_2	337	FUN_004958-T1	614	5e-150	0	336	36	375	0.997033
AA1	358	FUN_004958-T1	614	1.8e-111	6	358	35	496	0.983240
AA1_3	312	FUN_004958-T1	614	3.8e-64	10	300	15	300	0.929487
AA1_1	303	FUN_004958-T1	614	1.1e-59	1	277	30	301	0.910891
CE1	227	FUN_004961-T1	306	7.9e-27	3	143	53	207	0.616740
GH16_18	158	FUN_004965-T1	451	5.8e-64	1	158	68	224	0.993671
GH16_19	174	FUN_004965-T1	451	2.4e-42	12	174	70	227	0.931034
GH16_21	206	FUN_004965-T1	451	1.1e-22	50	205	76	240	0.752427
GH16	189	FUN_004965-T1	451	6.5e-22	50	188	78	242	0.730159
GH75	220	FUN_004994-T1	348	1.6e-74	2	220	7	251	0.990909
PL7_4	214	FUN_004995-T1	252	1.5e-63	0	214	30	249	1.000000
PL7	231	FUN_004995-T1	252	9.8e-39	0	231	30	249	1.000000
PL7_1	219	FUN_004995-T1	252	2e-23	1	206	31	239	0.936073
PL7_3	214	FUN_004995-T1	252	6e-21	0	209	31	244	0.976636
GH3	216	FUN_004998-T1	957	7.6e-62	7	216	169	381	0.967593
GT90	250	FUN_005038-T1	585	1.3e-65	2	248	297	574	0.984000
GH12	156	FUN_005057-T1	234	1.8e-49	2	156	86	233	0.987179
GH37	491	FUN_005064-T1	686	1.6e-155	1	489	55	632	0.993890
GT17	284	FUN_005066-T1	370	2e-79	4	284	64	358	0.985915
GT57	481	FUN_005104-T1	574	5.6e-144	2	480	54	552	0.993763
AA7	458	FUN_005123-T1	479	6e-73	4	454	36	467	0.982533
GH27	229	FUN_005126-T1	496	4.7e-69	2	226	121	400	0.978166
GT69	239	FUN_005248-T1	515	8.9e-68	0	238	192	433	0.995816
GH35	307	FUN_005299-T1	976	5.9e-85	0	303	51	340	0.986971
GH13_9	301	FUN_005349-T1	691	5.4e-60	0	266	212	482	0.883721
GH13_10	313	FUN_005349-T1	691	5.1e-33	5	145	202	351	0.447284
GH13_11	351	FUN_005349-T1	691	5.7e-23	2	175	202	355	0.492877
GH13_14	289	FUN_005349-T1	691	5.7e-20	1	152	212	348	0.522491
GH13_13	361	FUN_005349-T1	691	1.2e-18	47	182	223	349	0.373961
GH13_37	320	FUN_005349-T1	691	7.5e-18	16	155	210	347	0.434375
GT71	264	FUN_005417-T1	509	3e-50	0	264	149	407	1.000000
AA3_2	568	FUN_005430-T1	586	5.1e-148	1	567	11	578	0.996479
AA3	618	FUN_005430-T1	586	6.6e-83	86	402	9	581	0.511327
AA3_3	590	FUN_005430-T1	586	1e-52	2	450	12	467	0.759322
GT22	389	FUN_005462-T1	645	4.1e-108	5	388	26	524	0.984576
AA7	458	FUN_005508-T1	518	2e-27	4	192	30	211	0.410480
GH76	358	FUN_005530-T1	594	1.4e-109	11	356	34	402	0.963687
GT3	637	FUN_005604-T1	706	1.7e-305	0	637	16	657	1.000000
AA1	358	FUN_005736-T1	634	3.5e-87	6	358	117	605	0.983240
AA1_2	337	FUN_005736-T1	634	6.9e-56	1	331	119	485	0.979228
AA1_3	312	FUN_005736-T1	634	1.1e-54	10	271	98	383	0.836538
AA1_1	303	FUN_005736-T1	634	8.9e-43	1	234	113	368	0.768977
PL38	279	FUN_005738-T1	422	3.2e-105	0	275	81	358	0.985663
GT2_Glyco_tranf_2_3	230	FUN_005798-T1	530	5.3e-25	2	229	73	309	0.986957
AA4	522	FUN_005802-T1	671	1.6e-21	2	247	189	427	0.469349
AA7	458	FUN_005802-T1	671	9.6e-21	10	195	238	430	0.403930
GH47	446	FUN_005816-T1	1148	2.3e-142	0	445	96	639	0.997758
GT32	90	FUN_005827-T1	409	4.4e-19	5	88	93	178	0.922222
GH55	740	FUN_005899-T1	759	7.2e-231	7	739	30	757	0.989189
GH16_3	230	FUN_005967-T1	287	2.8e-50	0	230	33	284	1.000000
GH16	189	FUN_005967-T1	287	6.9e-36	7	189	43	284	0.962963
GH16_5	238	FUN_005967-T1	287	2.7e-22	105	238	124	284	0.558824
GH71	375	FUN_005992-T1	623	7.5e-128	0	374	44	454	0.997333
CBM24	76	FUN_005992-T1	623	4.4e-25	5	76	549	620	0.934211
GH3	216	FUN_005993-T1	917	1.7e-50	3	210	91	303	0.958333
GH76	358	FUN_006009-T1	482	1.2e-103	10	356	44	427	0.966480
GH25	177	FUN_006013-T1	228	1.4e-49	1	172	25	205	0.966102
GT90	250	FUN_006028-T1	835	5.4e-70	2	248	558	826	0.984000
GH11	177	FUN_006041-T1	226	1.3e-57	7	174	56	220	0.943503
GH31	427	FUN_006074-T1	964	2.4e-148	0	427	289	849	1.000000
GH3	216	FUN_006078-T1	834	2.3e-61	4	216	33	245	0.981481
GH28	325	FUN_006087-T1	405	4.5e-68	7	322	54	393	0.969231
GH28	325	FUN_006088-T1	176	2.6e-31	183	323	1	165	0.430769
GT109	411	FUN_006098-T1	409	1.6e-113	6	394	2	406	0.944039
AA1	358	FUN_006104-T1	603	4.4e-62	6	357	38	571	0.980447
AA1_3	312	FUN_006104-T1	603	4.7e-35	11	271	20	339	0.833333
AA1_1	303	FUN_006104-T1	603	1.7e-27	1	161	34	188	0.528053
GH72	312	FUN_006123-T1	525	3.8e-130	3	311	20	330	0.987179
CBM43	83	FUN_006123-T1	525	2.1e-19	1	82	380	467	0.975904
GH89	663	FUN_006132-T1	596	1.1e-166	96	652	3	577	0.838612
GH27	229	FUN_006140-T1	624	2.1e-33	7	227	327	599	0.960699
GH95	722	FUN_006152-T1	706	4.6e-174	90	713	14	698	0.862881
GH27	229	FUN_006161-T1	473	4.4e-43	5	228	175	449	0.973799
GH30_3	417	FUN_006164-T1	476	9.5e-120	10	416	56	472	0.973621
GH30	417	FUN_006164-T1	476	8.1e-110	21	416	57	473	0.947242
GH30_1	416	FUN_006164-T1	476	2.3e-76	9	415	57	471	0.975962
GH30_2	417	FUN_006164-T1	476	4.4e-51	6	415	57	470	0.980815
GH30_9	442	FUN_006164-T1	476	1.3e-43	10	432	57	461	0.954751
GH30_6	450	FUN_006164-T1	476	1.7e-28	7	408	58	455	0.891111
GH30_7	443	FUN_006164-T1	476	4.3e-24	9	400	57	456	0.882619
GH30_8	342	FUN_006164-T1	476	1.5e-19	6	228	56	325	0.649123
GH36	688	FUN_006188-T1	746	2.7e-235	1	687	36	728	0.997093
GH47	446	FUN_006200-T1	598	1.9e-158	1	446	105	595	0.997758
GH2	752	FUN_006205-T1	908	2.2e-62	89	582	69	806	0.655585
GH55	740	FUN_006211-T1	763	1.4e-219	5	739	31	761	0.991892
GH109	399	FUN_006218-T1	363	6.8e-20	4	161	4	153	0.393484
GT32	90	FUN_006285-T1	374	2.7e-18	3	89	130	214	0.955556
GH72	312	FUN_006291-T1	540	3.7e-129	3	311	20	331	0.987179
CBM43	83	FUN_006291-T1	540	1.6e-18	0	82	380	467	0.987952
AA3_2	568	FUN_006295-T1	580	5.7e-150	1	566	25	574	0.994718
AA3	618	FUN_006295-T1	580	2.9e-73	84	402	21	578	0.514563
AA3_3	590	FUN_006295-T1	580	4.5e-62	1	317	25	335	0.535593
GH128	224	FUN_006305-T1	270	4.4e-48	7	224	41	262	0.968750
GT8	257	FUN_006375-T1	542	4.6e-45	28	254	8	223	0.879377
GH67	669	FUN_006462-T1	847	3.4e-266	1	668	21	701	0.997010
GT15	273	FUN_006513-T1	394	1.1e-117	0	272	73	352	0.996337
AA2	255	FUN_006557-T1	927	8.5e-24	18	195	60	242	0.694118
GH5_24	315	FUN_006639-T1	524	9.6e-160	0	315	179	494	1.000000
GH5_1	310	FUN_006639-T1	524	2.1e-58	0	304	181	489	0.980645
GH5_51	351	FUN_006639-T1	524	1.6e-57	0	348	179	487	0.991453
GH5_11	313	FUN_006639-T1	524	6.3e-46	0	313	179	486	1.000000
GH5	275	FUN_006639-T1	524	2.8e-40	1	242	179	497	0.876364
GH5_20	344	FUN_006639-T1	524	6.2e-26	2	237	186	407	0.683140
GH5_8	253	FUN_006639-T1	524	5.5e-18	0	244	180	485	0.964427
GH18	296	FUN_006654-T1	1269	2.5e-48	5	278	438	785	0.922297
AA7	458	FUN_006662-T1	574	1.2e-54	18	208	134	331	0.414847
CE5	189	FUN_006665-T1	302	5.4e-42	0	189	31	237	1.000000
AA9	220	FUN_006667-T1	344	1.1e-68	1	219	9	233	0.990909
AA7	458	FUN_006725-T1	492	6.6e-33	7	187	33	221	0.393013
GH128	224	FUN_006801-T1	451	1e-54	6	224	233	448	0.973214
GH18	296	FUN_006804-T1	324	1.6e-25	1	198	25	272	0.665541
AA3_1	548	FUN_006823-T1	739	2.2e-78	10	280	211	481	0.492701
AA3	618	FUN_006823-T1	739	7.8e-51	87	394	215	732	0.496764
AA3_2	568	FUN_006823-T1	739	4.7e-42	3	563	218	733	0.985915
GT22	389	FUN_006828-T1	515	5.6e-78	0	386	4	395	0.992288
GH18	296	FUN_000007-T1	343	3.4e-22	2	198	38	293	0.662162
AA3_2	568	FUN_000009-T1	540	5e-137	1	328	13	325	0.575704
AA3	618	FUN_000009-T1	540	1.4e-88	88	406	13	536	0.514563
AA3_3	590	FUN_000009-T1	540	2.4e-56	2	317	14	316	0.533898
AA3_1	548	FUN_000009-T1	540	1.5e-48	10	326	8	317	0.576642
GT4	160	FUN_000019-T1	685	2.2e-32	6	159	446	616	0.956250
GH2	752	FUN_000033-T1	893	3.8e-59	68	552	100	738	0.643617
GH31	427	FUN_000035-T1	846	7.9e-104	1	427	230	714	0.997658
GH12	156	FUN_000052-T1	328	3.5e-24	19	150	178	315	0.839744
GT2_Glyco_tranf_2_3	230	FUN_000053-T1	742	1.6e-20	1	229	219	453	0.991304
AA11	191	FUN_000112-T1	412	1e-74	0	188	17	217	0.984293
GH79	455	FUN_000117-T1	542	2.6e-86	1	435	35	516	0.953846
GT21	233	FUN_000145-T1	528	1.6e-86	0	233	50	358	1.000000
GH81	622	FUN_000165-T1	863	5.7e-123	16	622	66	713	0.974277
CE16	267	FUN_000182-T1	348	3.8e-85	0	266	29	331	0.996255
GH55	740	FUN_000194-T1	776	4.2e-218	9	739	28	772	0.986486
CE5	189	FUN_000198-T1	248	1.4e-47	0	186	77	244	0.984127
GH3	216	FUN_000263-T1	887	1.3e-61	5	216	102	314	0.976852
GH18	296	FUN_000304-T1	340	4.5e-19	3	198	13	232	0.658784
GH31	427	FUN_000308-T1	964	6.2e-147	1	427	366	815	0.997658
GH154	348	FUN_000327-T1	665	8.4e-123	0	348	20	370	1.000000
GH16_1	229	FUN_000427-T1	375	8.6e-90	2	228	120	352	0.986900
GH16	189	FUN_000427-T1	375	7.5e-20	11	188	99	371	0.936508
GH76	358	FUN_000445-T1	460	3.9e-113	11	356	29	403	0.963687
GH16_1	229	FUN_000567-T1	708	2.1e-65	1	228	61	304	0.991266
GH16	189	FUN_000567-T1	708	3.9e-22	11	176	35	306	0.873016
GH47	446	FUN_000581-T1	568	6.9e-154	0	446	100	565	1.000000
AA2	255	FUN_000606-T1	355	1.2e-60	2	254	84	337	0.988235
GH13_40	359	FUN_000629-T1	573	2.8e-168	0	359	33	385	1.000000
GH13_31	349	FUN_000629-T1	573	1.7e-148	0	349	33	385	1.000000
GH13_29	344	FUN_000629-T1	573	1.7e-131	0	343	32	384	0.997093
GH13_23	344	FUN_000629-T1	573	2.4e-113	0	342	33	384	0.994186
GH13_17	350	FUN_000629-T1	573	2.2e-90	0	191	33	225	0.545714
GH13_30	365	FUN_000629-T1	573	2.9e-83	0	364	33	383	0.997260
GH13	299	FUN_000629-T1	573	1.9e-81	11	293	32	386	0.943144
GH13_36	314	FUN_000629-T1	573	2.7e-79	0	313	33	384	0.996815
GH13_16	353	FUN_000629-T1	573	3.3e-74	0	243	33	293	0.688385
GH13_35	351	FUN_000629-T1	573	1.1e-68	0	186	33	221	0.529915
GH13_21	308	FUN_000629-T1	573	2.1e-61	0	306	33	384	0.993506
GH13_20	300	FUN_000629-T1	573	4.6e-54	0	166	33	217	0.553333
GH13_4	400	FUN_000629-T1	573	3.1e-43	1	187	33	218	0.465000
GH13_2	310	FUN_000629-T1	573	2.2e-36	1	177	33	217	0.567742
GH13_39	316	FUN_000629-T1	573	7.9e-35	0	166	33	216	0.525316
GH13_1	306	FUN_000629-T1	573	1.8e-34	1	299	33	383	0.973856
GH13_14	289	FUN_000629-T1	573	3.3e-33	1	289	43	379	0.996540
GH13_41	294	FUN_000629-T1	573	1e-27	0	160	33	215	0.544218
GH13_18	343	FUN_000629-T1	573	3.1e-26	2	157	52	218	0.451895
GH13_37	320	FUN_000629-T1	573	1.2e-23	6	153	31	210	0.459375
GH13_10	313	FUN_000629-T1	573	1.6e-21	3	146	32	217	0.456869
GH13_3	210	FUN_000629-T1	573	2.4e-20	2	146	40	210	0.685714
GH13_32	269	FUN_000629-T1	573	2.8e-19	0	155	49	217	0.576208
GT22	389	FUN_000631-T1	583	9.2e-89	4	360	20	411	0.915167
GH74	233	FUN_000710-T1	833	2.8e-55	16	112	83	182	0.412017
GT4	160	FUN_000825-T1	548	7.8e-25	4	126	350	483	0.762500
GH18	296	FUN_000884-T1	424	6.9e-82	5	286	41	390	0.949324
GH132	303	FUN_000927-T1	436	1.5e-100	9	302	130	434	0.966997
GH20	337	FUN_000997-T1	582	1.4e-86	5	336	182	529	0.982196
GT2_Chitin_synth_2	527	FUN_001008-T1	1193	1.2e-291	2	527	631	1155	0.996205
GH3	216	FUN_001031-T1	781	1.4e-60	2	216	86	301	0.990741
GH37	491	FUN_001075-T1	741	4e-154	1	490	142	706	0.995927
GH2	752	FUN_001128-T1	894	2.6e-83	27	502	3	677	0.631649
GH89	663	FUN_001145-T1	747	3.1e-209	0	653	65	729	0.984917
GH1	429	FUN_001195-T1	466	1.2e-158	4	423	1	458	0.976690
AA11	191	FUN_001250-T1	421	3.2e-71	0	188	20	214	0.984293
CE4	130	FUN_001264-T1	268	6.3e-24	5	128	68	197	0.946154
GT66	693	FUN_001284-T1	735	2.7e-185	7	599	21	656	0.854257
AA1	358	FUN_001347-T1	715	1.1e-109	7	357	175	668	0.977654
AA1_2	337	FUN_001347-T1	715	4.9e-84	1	330	176	539	0.976261
AA1_3	312	FUN_001347-T1	715	2.7e-78	11	299	156	461	0.923077
AA1_1	303	FUN_001347-T1	715	2.6e-68	1	299	170	497	0.983498
GH38	269	FUN_001485-T1	1077	1.9e-87	1	256	282	541	0.947955
GH16_18	158	FUN_001500-T1	380	2.1e-68	1	158	69	226	0.993671
GH16_19	174	FUN_001500-T1	380	1.7e-42	9	174	68	229	0.948276
GH16_21	206	FUN_001500-T1	380	1.5e-21	62	184	89	212	0.592233
GH16	189	FUN_001500-T1	380	8.6e-21	54	176	83	227	0.645503
GT62	268	FUN_001515-T1	372	1.8e-104	4	267	73	337	0.981343
GT34	246	FUN_001547-T1	636	2.7e-85	1	245	332	597	0.991870
GH16_1	229	FUN_001548-T1	319	5.1e-85	2	229	66	296	0.991266
GH16	189	FUN_001548-T1	319	2.7e-25	42	189	82	315	0.777778
GH95	722	FUN_001566-T1	794	6.4e-219	7	718	26	770	0.984765
GH18	296	FUN_001595-T1	812	3.8e-67	4	284	469	798	0.945946
AA9	220	FUN_001621-T1	249	1.2e-62	1	219	7	234	0.990909
AA7	458	FUN_001691-T1	493	1.1e-58	14	211	57	256	0.430131
AA7	458	FUN_001708-T1	553	2.7e-43	20	454	74	523	0.947598
GH30_3	417	FUN_001709-T1	490	2.5e-124	6	416	66	486	0.983213
GH30	417	FUN_001709-T1	490	6.5e-113	22	416	72	487	0.944844
GH30_1	416	FUN_001709-T1	490	1.1e-71	11	416	73	486	0.973558
GH30_2	417	FUN_001709-T1	490	4.7e-55	8	415	73	484	0.976019
GH30_9	442	FUN_001709-T1	490	9.3e-48	11	430	72	473	0.947964
GH30_7	443	FUN_001709-T1	490	7.9e-30	11	403	73	474	0.884876
GH30_6	450	FUN_001709-T1	490	4.7e-23	9	407	74	469	0.884444
GH30_8	342	FUN_001709-T1	490	4e-18	6	339	70	469	0.973684
GT32	90	FUN_001715-T1	341	1e-19	1	86	108	188	0.944444
GT15	273	FUN_001741-T1	499	7.4e-127	0	272	113	417	0.996337
AA3_2	568	FUN_001744-T1	579	4.1e-149	1	567	7	573	0.996479
AA3	618	FUN_001744-T1	579	1.8e-84	85	402	4	576	0.512945
AA3_3	590	FUN_001744-T1	579	1.2e-53	2	457	8	469	0.771186
GH16_19	174	FUN_001760-T1	472	2.4e-79	6	174	103	270	0.965517
GH16_18	158	FUN_001760-T1	472	2.8e-44	4	158	110	267	0.974684
GH16	189	FUN_001760-T1	472	1.8e-24	7	185	90	264	0.941799
GH16_21	206	FUN_001760-T1	472	3.4e-24	54	193	119	263	0.674757
GH16_20	162	FUN_001760-T1	472	2.9e-18	4	153	109	257	0.919753
GH16_27	138	FUN_001760-T1	472	4.9e-18	9	133	128	254	0.898551
AA7	458	FUN_001767-T1	609	4.6e-66	12	456	40	494	0.969432
GH78	504	FUN_001791-T1	664	7.7e-85	7	502	34	621	0.982143
GH79	455	FUN_001793-T1	468	7.3e-49	2	218	39	258	0.474725
GH3	216	FUN_001801-T1	835	8.4e-61	2	215	145	395	0.986111
GH3	216	FUN_001811-T1	706	9.3e-59	2	216	24	238	0.990741
AA14	255	FUN_001832-T1	286	4.3e-80	0	252	17	285	0.988235
GH62	278	FUN_001837-T1	322	2.8e-131	0	278	23	292	1.000000
GH71	375	FUN_001839-T1	563	2.3e-144	0	374	44	435	0.997333
GH28	325	FUN_001851-T1	220	1.1e-50	68	235	3	205	0.513846
GH106	824	FUN_001852-T1	1070	9.6e-75	21	739	0	879	0.871359
GH27	229	FUN_001854-T1	683	3.9e-22	20	202	374	602	0.794760
GH31	427	FUN_001861-T1	533	4e-82	0	211	104	325	0.494145
GH18	296	FUN_001865-T1	411	1.6e-27	4	291	33	329	0.969595
GT15	273	FUN_001884-T1	471	1.1e-46	1	266	26	364	0.970696
AA3_2	568	FUN_001906-T1	543	2.4e-141	1	329	12	325	0.577465
AA3	618	FUN_001906-T1	543	2.2e-93	85	407	9	540	0.521036
AA3_3	590	FUN_001906-T1	543	1.1e-62	2	323	13	322	0.544068
AA3_1	548	FUN_001906-T1	543	1.5e-48	10	545	7	531	0.976277
AA2	255	FUN_001918-T1	792	6.8e-41	15	115	127	228	0.392157
PL8_4	243	FUN_002015-T1	785	1.3e-89	0	242	386	632	0.995885
PL8	259	FUN_002015-T1	785	1.7e-44	2	256	386	633	0.980695
PL8_3	249	FUN_002015-T1	785	9.4e-42	1	220	385	609	0.879518
GT4	160	FUN_002018-T1	521	6.6e-38	5	160	249	407	0.968750
GH128	224	FUN_002043-T1	319	1.1e-66	3	224	41	281	0.986607
GH16_3	230	FUN_002055-T1	287	3.6e-58	0	230	31	285	1.000000
GH16	189	FUN_002055-T1	287	3.3e-38	1	188	31	284	0.989418
GH16_5	238	FUN_002055-T1	287	4.1e-21	80	238	92	285	0.663866
GT20	475	FUN_002077-T1	874	1e-154	15	473	23	551	0.964211
GT64	248	FUN_002095-T1	364	4.9e-56	0	243	110	357	0.979839
GH5_31	283	FUN_002100-T1	388	2.8e-46	2	282	41	313	0.989399
GH5	275	FUN_002100-T1	388	5.9e-26	33	242	37	319	0.760000
GH5_7	289	FUN_002100-T1	388	4e-21	7	255	41	284	0.858131
GT1	382	FUN_002107-T1	1433	6.8e-53	4	378	946	1367	0.979058
GH18	296	FUN_002179-T1	337	2e-55	48	281	22	309	0.787162
CE1	227	FUN_002229-T1	231	5.7e-18	2	142	47	186	0.616740
AA7	458	FUN_002234-T1	512	5.1e-39	11	181	35	213	0.371179
GH71	375	FUN_002236-T1	406	4.1e-71	11	373	3	380	0.965333
GH7	415	FUN_002239-T1	459	1.9e-138	0	414	23	393	0.997590
AA6	195	FUN_002266-T1	201	8.6e-85	0	192	3	198	0.984615
GT90	250	FUN_002275-T1	999	1.5e-41	10	248	691	967	0.952000
GT1	382	FUN_002298-T1	1195	1.6e-55	67	368	230	562	0.787958
PL20	229	FUN_006919-T1	258	5.3e-116	0	228	23	257	0.995633
GH15	361	FUN_006922-T1	659	1.5e-78	16	360	89	490	0.952909
CBM20	90	FUN_006922-T1	659	1.7e-26	0	85	556	644	0.944444
AA1_2	337	FUN_006988-T1	634	2.6e-154	1	336	40	376	0.994065
AA1	358	FUN_006988-T1	634	1.7e-108	6	357	38	487	0.980447
AA1_1	303	FUN_006988-T1	634	4.5e-65	1	298	33	327	0.980198
AA1_3	312	FUN_006988-T1	634	5.4e-65	10	297	18	303	0.919872
CE5	189	FUN_007095-T1	307	2.9e-47	3	188	27	222	0.978836
GT2_Glycos_transf_2	170	FUN_007158-T1	243	9.9e-37	0	169	11	181	0.994118
GH92	491	FUN_007187-T1	807	1.1e-164	2	490	265	785	0.993890
GH79	455	FUN_007191-T1	488	3.4e-61	1	425	22	452	0.931868
GH16_3	230	FUN_007200-T1	299	1.5e-31	0	214	51	258	0.930435
GH16	189	FUN_007200-T1	299	9.4e-26	11	176	63	260	0.873016
GH16_5	238	FUN_007200-T1	299	6.3e-19	62	219	89	255	0.659664
GH55	740	FUN_007201-T1	764	3.8e-162	7	714	31	733	0.955405
PL7_4	214	FUN_007205-T1	248	4.2e-88	0	214	28	248	1.000000
PL7	231	FUN_007205-T1	248	3.9e-45	0	231	28	248	1.000000
PL7_1	219	FUN_007205-T1	248	2.8e-23	1	219	29	248	0.995434
PL7_3	214	FUN_007205-T1	248	1.1e-20	0	193	29	235	0.901869
GH30_7	443	FUN_007221-T1	438	6.7e-151	2	248	27	269	0.555305
GH30	417	FUN_007221-T1	438	1.1e-76	8	415	21	436	0.976019
GH30_3	417	FUN_007221-T1	438	1.7e-41	3	220	26	248	0.520384
GH30_1	416	FUN_007221-T1	438	5.2e-33	2	212	27	244	0.504808
GH30_8	342	FUN_007221-T1	438	9e-30	1	157	28	224	0.456140
GH30_4	484	FUN_007221-T1	438	2e-27	1	185	28	205	0.380165
GH30_2	417	FUN_007221-T1	438	1e-22	1	221	29	240	0.527578
GH30_5	456	FUN_007221-T1	438	8e-18	0	240	29	256	0.526316
GH7	415	FUN_007225-T1	495	2.8e-174	1	414	19	428	0.995181
GH92	491	FUN_007238-T1	674	1.6e-148	1	491	157	659	0.997963
GH20	337	FUN_007245-T1	603	7.5e-86	7	336	206	550	0.976261
GH3	216	FUN_007247-T1	533	2.3e-58	7	215	68	291	0.962963
AA3_3	590	FUN_007253-T1	616	2e-264	0	590	7	613	1.000000
AA3_2	568	FUN_007253-T1	616	2.4e-127	1	567	8	610	0.996479
AA3	618	FUN_007253-T1	616	2.1e-82	84	401	4	612	0.512945
AA3_1	548	FUN_007253-T1	616	3.3e-42	9	287	2	302	0.507299
CE4	130	FUN_007255-T1	495	1.2e-33	7	125	143	271	0.907692
AA7	458	FUN_007318-T1	485	1.1e-59	11	454	55	474	0.967249
GH92	491	FUN_007323-T1	821	1.7e-167	3	490	266	802	0.991853
GH95	722	FUN_007341-T1	802	1.7e-181	5	705	18	786	0.969529
GH18	296	FUN_007362-T1	401	2e-23	4	290	33	322	0.966216
GH64	367	FUN_007369-T1	449	4.9e-92	2	367	71	445	0.994550
GT32	90	FUN_007465-T1	373	1.2e-18	4	88	106	188	0.933333
GT8	257	FUN_007468-T1	369	1.5e-21	25	256	65	316	0.898833
AA1_3	312	FUN_007491-T1	563	8e-123	0	309	35	353	0.990385
AA1	358	FUN_007491-T1	563	2.7e-115	6	357	64	520	0.980447
AA1_2	337	FUN_007491-T1	563	1.2e-71	1	328	66	412	0.970326
AA1_1	303	FUN_007491-T1	563	5.8e-65	0	279	59	347	0.920792
GH16_3	230	FUN_007544-T1	483	2.8e-47	3	209	150	428	0.895652
GH16	189	FUN_007544-T1	483	2.4e-37	3	176	149	439	0.915344
GH16_5	238	FUN_007544-T1	483	4e-24	57	204	188	381	0.617647
GH16_6	274	FUN_007544-T1	483	1.3e-18	73	252	245	426	0.653285
GT2_Glyco_trans_2_3	197	FUN_007545-T1	894	2.9e-53	0	186	510	719	0.944162
GH47	446	FUN_007560-T1	549	5.1e-151	1	445	71	546	0.995516
GH92	491	FUN_007596-T1	794	6.5e-159	4	490	265	774	0.989817
GH16_18	158	FUN_007598-T1	392	2e-67	1	158	69	227	0.993671
GH16_19	174	FUN_007598-T1	392	1e-43	8	174	67	230	0.954023
GH16	189	FUN_007598-T1	392	5.7e-23	51	176	80	223	0.661376
GH16_21	206	FUN_007598-T1	392	3.3e-19	55	186	82	216	0.635922
GH47	446	FUN_007627-T1	564	7.1e-158	0	446	97	558	1.000000
AA12	401	FUN_007628-T1	512	4.8e-165	7	401	33	427	0.982544
GT76	407	FUN_007689-T1	436	1.9e-113	1	407	15	436	0.997543
GH47	446	FUN_007692-T1	523	1.8e-132	0	445	41	511	0.997758
GH18	296	FUN_007706-T1	376	1.5e-52	3	284	20	357	0.949324
GH18	296	FUN_007714-T1	438	3e-71	1	287	43	404	0.966216
AA4	522	FUN_007857-T1	542	9.6e-24	10	238	109	328	0.436782
AA7	458	FUN_007857-T1	542	1.5e-19	7	200	145	344	0.421397
GH47	446	FUN_007862-T1	697	6e-167	0	446	170	664	1.000000
GT39	223	FUN_007867-T1	773	3.9e-70	1	223	60	305	0.995516
GT69	239	FUN_007868-T1	415	1.4e-85	0	238	62	318	0.995816
GH5_7	289	FUN_007913-T1	866	1.1e-69	1	221	61	281	0.761246
GH5	275	FUN_007913-T1	866	8.9e-27	11	235	46	328	0.814545
GH5_41	256	FUN_007913-T1	866	1.1e-23	4	169	67	230	0.644531
GH18	296	FUN_007940-T1	1062	8.6e-52	4	278	334	656	0.925676
GT22	389	FUN_007981-T1	659	3.1e-92	1	389	58	509	0.997429
GT20	475	FUN_008016-T1	905	6e-159	31	475	155	613	0.934737
GH133	372	FUN_008064-T1	1557	9.4e-157	4	371	1082	1542	0.986559
GH92	491	FUN_008100-T1	854	3.5e-155	2	491	338	845	0.995927
GT59	404	FUN_008110-T1	696	4.5e-136	1	404	67	613	0.997525
GT15	273	FUN_008168-T1	406	5.6e-126	0	272	82	353	0.996337
GT58	364	FUN_008176-T1	420	4.1e-144	3	364	25	389	0.991758
GH55	740	FUN_008193-T1	767	1.4e-201	4	732	23	751	0.983784
GT64	248	FUN_008200-T1	350	1.3e-52	0	244	86	332	0.983871
GT32	90	FUN_008201-T1	359	6.3e-20	2	84	88	165	0.911111
GH5_5	282	FUN_008232-T1	355	1e-95	29	281	72	329	0.893617
GH5	275	FUN_008232-T1	355	1.6e-34	37	238	74	329	0.730909
GH5_4	276	FUN_008232-T1	355	5.6e-23	12	260	73	309	0.898551
GH5_25	262	FUN_008232-T1	355	2.2e-20	14	172	78	249	0.603053
GH5_39	293	FUN_008232-T1	355	2.2e-19	15	152	79	216	0.467577
GH79	455	FUN_008235-T1	414	8.6e-27	47	389	4	341	0.751648
GH105	332	FUN_008237-T1	372	2.4e-107	7	331	46	368	0.975904
GH6	294	FUN_008238-T1	328	2.1e-92	19	290	1	287	0.921769
CE4	130	FUN_008246-T1	260	7.7e-19	29	127	1	100	0.753846
GH5_15	300	FUN_008248-T1	429	2.2e-128	2	299	97	400	0.990000
GH5_9	303	FUN_008248-T1	429	5.9e-39	0	235	105	356	0.775578
GH5	275	FUN_008248-T1	429	2.4e-28	19	257	99	414	0.865455
GH5_50	283	FUN_008248-T1	429	1.6e-27	1	281	104	392	0.989399
GH5_49	293	FUN_008248-T1	429	1.9e-21	0	290	102	394	0.989761
GH28	325	FUN_008253-T1	457	1.2e-55	43	319	112	438	0.849231
GH65	372	FUN_008261-T1	631	1.4e-69	0	296	365	626	0.795699
GH45	198	FUN_008294-T1	242	4.1e-18	0	113	19	115	0.570707
GH24	137	FUN_008314-T1	268	7.5e-39	0	137	107	250	1.000000
GH18	296	FUN_008368-T1	359	1.5e-18	3	211	33	293	0.702703
GT32	90	FUN_008389-T1	366	2.4e-22	1	83	116	193	0.911111
AA7	458	FUN_008395-T1	502	1.7e-54	18	455	77	494	0.954148
AA7	458	FUN_008397-T1	510	3.3e-54	13	453	80	502	0.960699
GH64	367	FUN_008422-T1	445	3.2e-83	3	367	65	440	0.991826
GT34	246	FUN_008448-T1	310	6.8e-78	1	242	65	292	0.979675
GH5_5	282	FUN_008468-T1	438	5.5e-89	0	281	23	316	0.996454
GH5	275	FUN_008468-T1	438	1.4e-31	39	237	65	315	0.720000
GH5_4	276	FUN_008468-T1	438	2.6e-20	16	244	65	281	0.826087
AA3_2	568	FUN_008477-T1	578	3.7e-166	1	567	2	576	0.996479
AA3	618	FUN_008477-T1	578	1.8e-88	87	400	1	577	0.506472
AA3_3	590	FUN_008477-T1	578	1.1e-71	1	448	2	467	0.757627
AA3_1	548	FUN_008477-T1	578	3.2e-58	15	375	2	361	0.656934
CE5	189	FUN_008488-T1	235	6.9e-43	0	187	28	232	0.989418
AA2	255	FUN_008491-T1	564	1.8e-26	17	244	66	295	0.890196
AA1	358	FUN_008534-T1	610	1.8e-73	5	357	40	587	0.983240
AA1_3	312	FUN_008534-T1	610	4.4e-55	10	201	27	232	0.612179
AA1_1	303	FUN_008534-T1	610	2.8e-38	1	172	42	227	0.564356
GH18	296	FUN_008567-T1	401	1.5e-25	3	203	30	268	0.675676
GH28	325	FUN_008627-T1	379	2.9e-73	19	320	53	373	0.926154
GH11	177	FUN_008629-T1	229	1.7e-61	4	175	55	224	0.966102
GH39	431	FUN_008633-T1	451	7.6e-20	112	291	130	294	0.415313
GH16_21	206	FUN_008634-T1	206	6.2e-25	3	188	13	184	0.898058
GH16	189	FUN_008634-T1	206	2.6e-19	6	186	13	201	0.952381
GH64	367	FUN_008661-T1	379	1.9e-109	0	367	2	376	1.000000
GH16_23	192	FUN_008662-T1	395	2.7e-89	6	192	111	298	0.968750
GH16_21	206	FUN_008662-T1	395	6.4e-21	53	205	135	295	0.737864
GH16	189	FUN_008662-T1	395	1.2e-20	37	189	116	298	0.804233
GT57	481	FUN_008755-T1	501	1.4e-176	2	479	15	493	0.991684
GH72	312	FUN_008883-T1	478	6.2e-114	3	312	16	332	0.990385
GT90	250	FUN_008927-T1	543	3.8e-63	12	248	256	529	0.944000
GH16_22	216	FUN_008981-T1	427	5e-91	2	216	96	314	0.990741
GH16	189	FUN_008981-T1	427	3.8e-24	3	188	86	314	0.978836
GH16_23	192	FUN_008981-T1	427	3e-20	5	190	131	313	0.963542
CE1	227	FUN_008996-T1	286	8.7e-48	1	225	24	281	0.986784
GH55	740	FUN_009024-T1	776	6e-289	3	739	31	773	0.994595
GH3	216	FUN_009042-T1	874	8.1e-57	2	216	85	307	0.990741
AA7	458	FUN_009075-T1	514	1e-45	4	209	55	262	0.447598
GH65	372	FUN_009082-T1	1079	4.3e-80	2	369	405	769	0.986559
AA7	458	FUN_009139-T1	474	1.5e-85	6	219	40	261	0.465066
CE4	130	FUN_009146-T1	297	7.7e-31	5	127	80	214	0.938462
CBM21	107	FUN_009177-T1	769	2.1e-32	1	107	321	430	0.990654
GH18	296	FUN_009194-T1	605	1.8e-34	4	158	416	604	0.520270
GH18	296	FUN_002326-T1	357	4.9e-57	2	284	18	342	0.952703
GH76	358	FUN_002342-T1	613	1.4e-56	18	329	63	488	0.868715
GH2	752	FUN_002357-T1	854	3.1e-91	26	572	3	760	0.726064
GT24	248	FUN_002415-T1	1486	2.1e-135	0	248	1170	1418	1.000000
GT48	739	FUN_002416-T1	1938	0.0	0	733	851	1631	0.991881
GT25	181	FUN_002418-T1	393	6.6e-26	1	168	82	293	0.922652
AA3_2	568	FUN_002525-T1	598	9.2e-175	0	568	11	593	1.000000
AA3	618	FUN_002525-T1	598	2.9e-90	85	404	9	597	0.516181
AA3_3	590	FUN_002525-T1	598	8.2e-80	2	461	13	490	0.777966
GH5_12	539	FUN_002554-T1	770	1.9e-223	0	539	14	548	1.000000
GH5	275	FUN_002554-T1	770	4.3e-31	3	238	14	549	0.854545
GH5_27	324	FUN_002554-T1	770	2.8e-18	0	193	47	253	0.595679
GH5_43	371	FUN_002554-T1	770	3.2e-18	0	207	14	253	0.557951
GH1	429	FUN_002570-T1	484	5.2e-160	3	427	5	477	0.988345
AA7	458	FUN_002604-T1	571	5.2e-50	18	204	128	325	0.406114
GT1	382	FUN_002607-T1	512	9.7e-19	127	382	218	509	0.667539
GH92	491	FUN_002617-T1	810	6.1e-156	3	490	261	762	0.991853
GH43_11	292	FUN_002623-T1	553	1.5e-147	0	292	3	295	1.000000
GH43_12	281	FUN_002623-T1	553	2.1e-92	0	280	4	294	0.996441
GH43_13	304	FUN_002623-T1	553	1.7e-80	0	303	3	294	0.996711
GH43_14	291	FUN_002623-T1	553	4.6e-78	1	290	4	294	0.993127
GH43	248	FUN_002623-T1	553	1.6e-63	0	247	3	295	0.995968
GH43_10	271	FUN_002623-T1	553	1.4e-51	0	270	4	294	0.996310
GH43_9	272	FUN_002623-T1	553	2.9e-49	0	272	4	295	1.000000
CBM91	200	FUN_002623-T1	553	1.3e-47	2	198	320	535	0.980000
GH43_8	281	FUN_002623-T1	553	6e-34	0	280	5	294	0.996441
GH43_34	280	FUN_002623-T1	553	1.1e-31	0	278	5	292	0.992857
GH43_15	274	FUN_002623-T1	553	7.3e-29	2	271	5	289	0.981752
GH43_3	299	FUN_002623-T1	553	2.1e-27	1	298	4	294	0.993311
GH43_36	266	FUN_002623-T1	553	1.6e-24	1	265	5	294	0.992481
GH43_30	265	FUN_002623-T1	553	3.2e-24	2	262	13	277	0.981132
GH43_31	268	FUN_002623-T1	553	1.5e-21	3	251	13	268	0.925373
GH43_4	310	FUN_002623-T1	553	1.7e-19	3	239	14	237	0.761290
GH43_29	278	FUN_002623-T1	553	2e-19	0	275	5	292	0.989209
GT20	475	FUN_002664-T1	536	6.2e-204	7	474	9	478	0.983158
GH16_18	158	FUN_002683-T1	432	1.4e-44	1	158	83	251	0.993671
GH16_19	174	FUN_002683-T1	432	1.3e-39	14	172	87	252	0.908046
GH16_21	206	FUN_002683-T1	432	7.2e-22	12	187	48	242	0.849515
GH16	189	FUN_002683-T1	432	1.3e-19	9	175	49	238	0.878307
GH47	446	FUN_002763-T1	1069	2.5e-168	1	446	235	1059	0.997758
GT69	239	FUN_002873-T1	554	3.8e-50	1	233	204	453	0.970711
GH18	296	FUN_002896-T1	432	1.9e-81	2	286	40	393	0.959459
CE9	373	FUN_003017-T1	437	1.7e-116	0	363	17	409	0.973190
GH3	216	FUN_003018-T1	929	1.5e-49	8	215	85	311	0.958333
AA7	458	FUN_003023-T1	502	1.6e-52	5	211	64	269	0.449782
GH5_9	303	FUN_003031-T1	762	3.5e-103	0	303	396	719	1.000000
GH5_45	299	FUN_003031-T1	762	9.9e-32	2	241	395	631	0.799331
GH5_14	277	FUN_003031-T1	762	1.8e-29	2	232	394	631	0.830325
GH5_50	283	FUN_003031-T1	762	1.8e-28	0	223	394	616	0.787986
GH5	275	FUN_003031-T1	762	1.8e-27	19	274	388	720	0.927273
GH5_44	302	FUN_003031-T1	762	6.5e-26	1	107	397	510	0.350993
GH5_15	300	FUN_003031-T1	762	1.8e-21	3	230	389	608	0.756667
GH5_46	257	FUN_003031-T1	762	6.7e-21	5	216	392	602	0.821012
GH5_22	286	FUN_003031-T1	762	4.7e-19	7	216	386	607	0.730769
GH115	697	FUN_003064-T1	984	1.2e-232	12	586	19	630	0.823529
GH81	622	FUN_003068-T1	839	9.8e-220	9	622	153	832	0.985531
GT50	262	FUN_003178-T1	417	8.1e-99	0	262	135	403	1.000000
GT2_Chitin_synth_1	163	FUN_003268-T1	906	1.2e-70	0	163	212	381	1.000000
GT2_Chitin_synth_2	527	FUN_003268-T1	906	2.4e-27	202	406	357	569	0.387097
GT62	268	FUN_003291-T1	404	1.4e-108	1	267	98	362	0.992537
GH72	312	FUN_003303-T1	456	6.2e-125	2	311	31	332	0.990385
GH43_34	280	FUN_003329-T1	503	6e-100	0	280	35	316	1.000000
GH43_29	278	FUN_003329-T1	503	5.2e-61	2	278	37	317	0.992806
GH43	248	FUN_003329-T1	503	8e-60	2	247	35	317	0.987903
GH43_3	299	FUN_003329-T1	503	5.5e-58	2	297	35	314	0.986622
GH43_33	315	FUN_003329-T1	503	1.5e-49	8	146	48	189	0.438095
GH43_16	311	FUN_003329-T1	503	1.1e-46	1	311	35	317	0.996785
GH43_2	273	FUN_003329-T1	503	3.8e-46	1	273	43	316	0.996337
GH43_31	268	FUN_003329-T1	503	1.2e-42	2	262	42	305	0.970149
GH43_32	267	FUN_003329-T1	503	4.8e-42	0	266	52	314	0.996255
GH43_30	265	FUN_003329-T1	503	1.3e-35	2	253	43	292	0.947170
GH43_9	272	FUN_003329-T1	503	6.8e-33	1	271	35	316	0.992647
GH43_19	233	FUN_003329-T1	503	1.6e-32	3	220	42	314	0.931330
GH43_1	310	FUN_003329-T1	503	3.5e-32	5	151	40	184	0.470968
GH43_10	271	FUN_003329-T1	503	3e-31	1	250	35	290	0.918819
CBM66	155	FUN_003329-T1	503	1.1e-30	1	155	331	495	0.993548
GH43_26	294	FUN_003329-T1	503	1.5e-29	2	293	35	316	0.989796
GH43_8	281	FUN_003329-T1	503	2.7e-29	1	262	36	298	0.928826
GH43_24	246	FUN_003329-T1	503	4.5e-27	4	238	51	287	0.951220
GH43_12	281	FUN_003329-T1	503	4.2e-25	1	257	35	295	0.911032
GH43_22	209	FUN_003329-T1	503	1.6e-24	3	208	42	292	0.980861
GH43_11	292	FUN_003329-T1	503	2.7e-22	2	289	35	314	0.982877
GH43_5	287	FUN_003329-T1	503	1.5e-21	2	285	44	315	0.986063
GH43_37	242	FUN_003329-T1	503	9.5e-21	18	236	57	272	0.900826
GH43_4	310	FUN_003329-T1	503	1.7e-20	3	228	44	255	0.725806
GH43_18	229	FUN_003329-T1	503	1.5e-19	4	228	43	276	0.978166
GH43_14	291	FUN_003329-T1	503	2.1e-19	2	226	35	258	0.769759
GH76	358	FUN_003334-T1	456	1.2e-98	10	344	24	390	0.932961
GH30_5	456	FUN_003339-T1	479	1.7e-147	1	456	24	471	0.997807
GH30	417	FUN_003339-T1	479	9e-58	7	413	14	440	0.973621
GH30_4	484	FUN_003339-T1	479	3.1e-33	1	442	22	420	0.911157
GT8	257	FUN_003376-T1	323	2.9e-40	23	256	6	287	0.906615
GT2_Chitin_synth_1	163	FUN_003424-T1	914	4.9e-75	0	163	244	407	1.000000
GT2_Chitin_synth_2	527	FUN_003424-T1	914	2.8e-24	203	408	384	595	0.388994
GH76	358	FUN_003479-T1	469	3.9e-102	9	351	30	408	0.955307
GH95	722	FUN_003493-T1	795	3.9e-189	4	715	2	772	0.984765
AA2	255	FUN_003505-T1	759	1.5e-38	18	114	80	177	0.376471
GH11	177	FUN_003520-T1	223	3.8e-76	0	177	43	221	1.000000
GH30_7	443	FUN_003559-T1	459	3e-178	1	442	19	456	0.995485
GH30	417	FUN_003559-T1	459	7.6e-75	10	415	16	457	0.971223
GH30_3	417	FUN_003559-T1	459	3.3e-41	2	400	18	415	0.954436
GH30_4	484	FUN_003559-T1	459	1.1e-39	1	483	21	456	0.995868
GH30_8	342	FUN_003559-T1	459	3e-36	1	338	21	414	0.985380
GH30_1	416	FUN_003559-T1	459	1.8e-31	1	253	19	278	0.605769
GH30_5	456	FUN_003559-T1	459	2.3e-29	0	456	22	456	1.000000
GH30_2	417	FUN_003559-T1	459	2e-20	1	400	22	414	0.956835
CE15	269	FUN_003560-T1	405	5.6e-93	0	268	54	376	0.996283
PL20	229	FUN_003561-T1	258	2.3e-106	0	229	22	257	1.000000
GH2	752	FUN_003563-T1	957	3e-72	27	542	25	814	0.684840
GH75	220	FUN_003587-T1	89	1.6e-37	139	219	2	85	0.363636
CE3	194	FUN_003631-T1	1568	5.5e-45	0	194	55	255	1.000000
CBM24	76	FUN_003631-T1	1568	1.9e-19	1	76	939	1013	0.986842
GT4	160	FUN_003673-T1	962	4e-37	8	158	230	408	0.937500
CBM66	155	FUN_003716-T1	638	3.7e-69	2	155	308	463	0.987097
GH18	296	FUN_003717-T1	1269	1.1e-38	3	279	505	842	0.932432
GT39	223	FUN_003782-T1	743	1.8e-72	1	223	67	306	0.995516
GH72	312	FUN_003829-T1	457	2.3e-106	3	291	18	295	0.923077
GT4	160	FUN_003866-T1	480	1.7e-35	5	148	213	354	0.893750
GH105	332	FUN_003917-T1	382	5.4e-18	10	283	46	331	0.822289
GT2_Chitin_synth_2	527	FUN_003977-T1	1859	3.9e-247	2	527	1207	1714	0.996205
GT2_Chitin_synth_2	527	FUN_003978-T1	1767	1.1e-227	2	524	1046	1553	0.990512
GT2_Glyco_trans_2_3	197	FUN_003978-T1	1767	1e-17	1	193	1237	1473	0.974619
GT62	268	FUN_003997-T1	468	3.3e-125	2	268	83	347	0.992537
GH125	402	FUN_004056-T1	541	2e-162	0	402	86	521	1.000000
GT2_Chitin_synth_1	163	FUN_004072-T1	1229	1.4e-78	0	163	538	701	1.000000
GT2_Chitin_synth_2	527	FUN_004072-T1	1229	1.9e-24	203	411	678	891	0.394687
GH27	229	FUN_004097-T1	499	7.7e-73	2	223	123	402	0.965066
GH27	229	FUN_004100-T1	476	3.5e-41	10	229	183	453	0.956332
GH92	491	FUN_004124-T1	781	2e-135	2	491	256	746	0.995927
GH54	316	FUN_004133-T1	510	2.1e-152	0	314	27	344	0.993671
CBM42	136	FUN_004133-T1	510	1.8e-58	1	136	364	505	0.992647
GH10	303	FUN_004138-T1	347	5.7e-104	1	301	50	343	0.990099
GT33	425	FUN_004178-T1	474	2.1e-142	1	424	53	467	0.995294
GT35	674	FUN_004192-T1	885	1.1e-278	1	674	162	878	0.998516
CE16	267	FUN_004200-T1	342	7.3e-63	0	266	27	327	0.996255
AA11	191	FUN_004202-T1	234	2.5e-62	11	188	40	213	0.926702
GH76	358	FUN_004206-T1	473	1.6e-96	8	351	25	399	0.958101
AA7	458	FUN_004237-T1	1150	2.5e-39	12	194	304	506	0.397380
GH16_1	229	FUN_004311-T1	765	9.7e-81	8	228	50	280	0.960699
GH16	189	FUN_004311-T1	765	4.3e-20	36	189	51	300	0.809524
GH76	358	FUN_004315-T1	409	2.6e-86	15	336	33	391	0.896648
GH132	303	FUN_004402-T1	499	7.9e-82	34	302	39	314	0.884488
AA4	522	FUN_004509-T1	653	1.5e-24	10	239	173	397	0.438697
AA7	458	FUN_004509-T1	653	2.2e-22	7	204	211	421	0.430131
AA3_2	568	FUN_004517-T1	604	7.2e-177	2	568	7	600	0.996479
AA3	618	FUN_004517-T1	604	1.3e-86	87	401	5	601	0.508091
AA3_3	590	FUN_004517-T1	604	8e-78	2	448	7	485	0.755932
AA1	358	FUN_004531-T1	597	3.9e-84	6	358	35	550	0.983240
AA1_2	337	FUN_004531-T1	597	2.2e-43	6	227	42	276	0.655786
AA1_1	303	FUN_004531-T1	597	1e-38	4	270	34	308	0.877888
AA1_3	312	FUN_004531-T1	597	1.4e-36	12	262	18	274	0.801282
GH128	224	FUN_004566-T1	292	2.3e-60	3	224	44	279	0.986607
