 -1.335798 0.000100 0.000100 0.000100
 -1.281731 0.000100 0.000100 0.000100
 -1.580640 0.000100 0.000100 0.000100
 -1.371792 0.000100 0.000100 0.000100
 -1.129384 -1.098613 -1.704747 -1.822530
 -1.558144 -1.372042 -1.492186 -1.167947
 -1.405839 -1.036093 -1.711220 -1.517064
 -1.668754 -1.281982 -1.340250 -1.301030
 -1.215023 -1.126470 -1.802808 -1.540445
 -1.235296 -1.454658 -1.618287 -1.281815
 -1.367832 -0.818726 -2.516450 -1.497885
 -1.471816 -1.571900 -1.448286 -1.115142
 -1.270155 -1.154323 -1.816697 -1.421386
 -1.372811 -1.287289 -1.901654 -1.135483
 -1.319849 -0.814756 -2.477296 -1.579360
 -1.550597 -1.210730 -1.396447 -1.417066
 -1.276732 -1.057370 -1.781287 -1.583462
 -1.345803 -1.299283 -1.933589 -1.132229
 -1.225364 -0.904458 -1.791758 -2.003066
 -1.212557 -1.422852 -1.341174 -1.609437
 -1.147166 -1.177471 -1.740939 -1.614188
 -1.587931 -1.343735 -1.587931 -1.107346
 -1.323556 -0.775592 -2.536572 -1.638636
 -1.303144 -1.439719 -1.303144 -1.515705
 -1.210730 -0.970780 -2.030169 -1.650680
 -1.749199 -1.430746 -1.700409 -0.905480
 -1.127186 -1.292266 -1.588531 -1.623622
 -1.220502 -1.520606 -1.380845 -1.448286
 -1.250254 -0.975817 -1.859316 -1.709785
 -1.704747 -1.372042 -1.604664 -1.011602
 -1.466337 -0.885308 -1.871800 -1.595548
 -1.230731 -1.752919 -1.118613 -1.570598
 -1.072226 -0.940650 -2.140064 -1.898903
 -1.689105 -1.510857 -1.641477 -0.914042
 -1.443818 -0.954271 -1.615668 -1.714108
 -1.402824 -1.448286 -1.202153 -1.520606
 -1.407801 -0.770535 -2.346067 -1.625523
 -1.596308 -1.435966 -1.898588 -0.892351
 -1.765783 -0.557974 -2.315826 -1.845825
 -1.218414 -1.488077 -1.313724 -1.562185
 -0.849227 -1.127940 -2.208850 -1.975236
 -1.909541 -1.591088 -1.987503 -0.671169
 -1.178656 -1.328187 -1.871800 -1.296438
 -1.292398 -1.573810 -1.370870 -1.330865
 -1.170072 -0.906487 -2.094328 -1.816697
 -1.375365 -1.143564 -1.707498 -1.397344
 -0.920365 -1.123306 -2.327273 -1.721141
 -1.070442 -1.530966 -1.550014 -1.475906
 -0.924590 -1.058121 -2.444412 -1.775365
 -1.216932 -1.340165 -1.622397 -1.407987
 -1.166435 -1.042822 -1.859580 -1.712977
 -1.615868 -1.199709 -1.615868 -1.199709
 -14.665663 -0.485509 -1.958812 -1.412270
 -14.669928 -1.348712 -1.115780 -0.884875
 -13.972518 -0.870355 -1.206826 -1.265667
 -14.328337 -1.205971 -1.007121 -1.092643
 -1.386294 -1.386294 -1.386294 -1.386294
 -14.927369 -0.000001 -14.927369 -14.927369
 -14.538218 -0.000002 -14.538218 -14.538218
 -14.703403 -0.000001 -14.703403 -14.703403
 -1.386294 -1.386294 -1.386294 -1.386294
 -1.482402 -1.330760 -1.647331 -1.151795
 -1.386294 -1.386294 -1.386294 -1.386294
 -1.386294 -1.386294 -1.386294 -1.386294
 -1.249843 -1.229641 -1.963608 -1.270463
 -1.709785 -0.936597 -1.926008 -1.267953
 -1.287855 -1.064711 -1.980999 -1.421386
 -1.540445 -1.065552 -1.665608 -1.377926
 -1.059611 -1.110041 -1.992428 -1.673976
 -1.668861 -1.049823 -1.609437 -1.341174
 -1.304949 -1.107124 -1.635189 -1.592630
 -2.115249 -0.898856 -1.401484 -1.486642
 -1.678000 -0.863494 -2.627075 -1.141696
 -1.569359 -1.020001 -1.682688 -1.405057
 -1.500704 -1.213023 -1.778335 -1.168571
 -2.091274 -0.946145 -1.552279 -1.285651
 -1.483024 -0.821627 -2.309698 -1.452252
 -1.513143 -1.229568 -1.839827 -1.113158
 -1.676689 -0.940985 -1.816450 -1.346449
 -2.178530 -0.999878 -1.643014 -1.122480
 -1.091496 -1.091496 -2.456730 -1.415282
 -1.723510 -0.979591 -1.788048 -1.277223
 -1.345136 -0.950483 -2.071070 -1.483286
 -2.197222 -1.009382 -1.484275 -1.211408
 -1.406362 -0.991929 -2.309226 -1.256080
 -1.559958 -1.166054 -1.708377 -1.213682
 -1.721141 -1.201267 -2.173123 -0.900163
 -2.605151 -1.050527 -1.702287 -0.931180
 -0.663296 -1.356441 -2.317848 -2.049586
 -1.055553 -1.650259 -1.032825 -2.263362
 -1.142673 -1.198243 -1.575536 -1.757856
 -1.398129 -1.278584 -1.159237 -1.827691
 -14.751606 -0.000001 -14.751606 -14.751606
 -14.446785 -0.000002 -14.446785 -14.446785
 -14.538218 -0.000002 -14.538218 -14.538218
 -13.854735 -0.000003 -13.854735 -13.854735
 -1.386294 -1.386294 -1.386294 -1.386294
 -0.000000 -15.834406 -15.834406 -15.834406
 -1.386294 -1.386294 -1.386294 -1.386294
 -1.386294 -1.386294 -1.386294 -1.386294
 -15.834406 -15.834406 -0.000000 -15.834406
 -1.386294 -1.386294 -1.386294 -1.386294
 -1.386294 -1.386294 -1.386294 -1.386294
 -1.386294 -1.386294 -1.386294 -1.386294
 -1.386294 -1.386294 -1.386294 -1.386294
 -1.386294 -1.386294 -1.386294 -1.386294
 -1.315798 -1.351066 -1.262773 -1.661220
 -1.386294 -1.386294 -1.386294 -1.386294
 -1.547067 -1.181134 -1.752919 -1.181134
 -1.776491 -1.265667 -1.321756 -1.265667
 -1.623622 -0.930476 -1.895555 -1.353959
 -1.967110 -0.803963 -1.407497 -1.784789
 -1.189585 -1.166054 -1.749199 -1.559957
 -1.331235 -1.289271 -1.590745 -1.360222
 -1.299283 -1.399366 -1.323381 -1.540445
 -2.020016 -0.934310 -1.564542 -1.326871
 -1.364778 0.000100 0.000100 0.000100
 -1.230450 0.000100 0.000100 0.000100
 -1.368374 0.000100 0.000100 0.000100
 -1.620089 0.000100 0.000100 0.000100
 -1.486682 -1.212316 -1.204970 -1.733472
 -1.543005 -1.195179 -1.255731 -1.615734
 -1.484852 -0.955471 -1.508088 -1.786769
 -2.182659 -0.947666 -1.289464 -1.495236
 -1.546571 -1.131988 -1.249968 -1.725314
 -1.468945 -1.174756 -1.266377 -1.719886
 -1.588577 -0.858338 -1.509740 -1.890803
 -2.124916 -0.941787 -1.211320 -1.645984
 -1.287726 -1.358979 -1.465227 -1.443272
 -1.253190 -1.390713 -1.326532 -1.608869
 -1.258643 -1.108686 -1.497387 -1.818591
 -1.786501 -1.085517 -1.292957 -1.512904
 -1.505144 -1.227777 -1.169921 -1.744799
 -1.514128 -1.225441 -1.283770 -1.563602
 -1.436436 -0.964927 -1.527367 -1.807225
 -2.129960 -0.959226 -1.296494 -1.493971
 -1.573506 -1.134593 -1.229516 -1.722070
 -1.475964 -1.172027 -1.265069 -1.717673
 -1.579535 -0.882735 -1.502947 -1.846392
 -2.141260 -0.961738 -1.245495 -1.548969
 -1.241952 -1.370886 -1.504854 -1.447113
 -1.244527 -1.409722 -1.367629 -1.546456
 -1.303897 -1.078387 -1.520096 -1.773761
 -1.812945 -1.125020 -1.279462 -1.452458
 -1.501449 -1.222996 -1.205924 -1.695918
 -1.498137 -1.165537 -1.342283 -1.592334
 -1.477376 -1.000389 -1.492191 -1.719541
 -2.125464 -0.947279 -1.307993 -1.502984
 -1.566156 -1.078706 -1.277572 -1.757908
 -1.467396 -1.160703 -1.275714 -1.731731
 -1.629684 -0.844091 -1.516390 -1.867188
 -2.209495 -0.916680 -1.228665 -1.620920
 -1.282991 -1.320768 -1.527269 -1.432400
 -1.280878 -1.421366 -1.299561 -1.569394
 -1.354258 -1.073462 -1.499301 -1.733006
 -1.873997 -1.127084 -1.238681 -1.457797
 -1.552020 -1.260510 -1.139866 -1.688432
 -1.567447 -1.231460 -1.254803 -1.539796
 -1.503572 -0.960338 -1.499032 -1.762847
 -2.178007 -0.939726 -1.272481 -1.533115
 -1.559466 -1.134921 -1.339342 -1.578490
 -1.471391 -1.153724 -1.350582 -1.630433
 -1.605404 -0.820530 -1.566817 -1.895223
 -2.203465 -0.928810 -1.281556 -1.528080
 -1.273003 -1.412297 -1.465290 -1.404799
 -1.242472 -1.516301 -1.254570 -1.576926
 -1.315900 -1.126369 -1.467768 -1.730930
 -1.835747 -1.199857 -1.191854 -1.445575
 -17.738276 -1.123048 -0.773883 -1.544145
 -17.770210 -1.268213 -0.846532 -1.238681
 -17.765408 -0.867987 -1.062864 -1.449281
 -17.545532 -0.978273 -1.027319 -1.323978
 -1.386294 -1.386294 -1.386294 -1.386294
 -18.043657 0.000000 -18.043657 -18.043657
 -18.179245 0.000000 -18.179245 -18.179245
 -17.711201 0.000000 -17.711201 -17.711201
 -1.386294 -1.386294 -1.386294 -1.386294
 -1.264135 -1.435197 -1.362190 -1.499022
 -1.386294 -1.386294 -1.386294 -1.386294
 -1.386294 -1.386294 -1.386294 -1.386294
 -1.347740 -1.529090 -1.068595 -1.715079
 -1.458594 -1.295155 -1.295155 -1.515373
 -1.427713 -0.957502 -1.552987 -1.803764
 -2.120644 -0.935865 -1.224323 -1.640709
 -1.565803 -1.102140 -1.222134 -1.805944
 -1.450963 -1.147231 -1.267714 -1.791759
 -1.691831 -0.746553 -1.612693 -1.948622
 -2.333576 -0.783232 -1.323242 -1.715609
 -1.231142 -1.385755 -1.436651 -1.513294
 -1.190477 -1.468075 -1.337374 -1.594445
 -1.386097 -1.073684 -1.453795 -1.745706
 -1.698942 -1.196759 -1.292903 -1.425125
 -1.605836 -1.289708 -1.085220 -1.681474
 -1.580000 -1.216859 -1.314176 -1.473289
 -1.509441 -0.967329 -1.472682 -1.774549
 -2.264550 -0.965702 -1.309775 -1.404349
 -1.632807 -1.042859 -1.311953 -1.698923
 -1.567904 -1.136305 -1.295935 -1.625194
 -1.587475 -0.770380 -1.620324 -2.003317
 -2.092136 -0.903511 -1.295333 -1.621381
 -1.238728 -1.429339 -1.387110 -1.509665
 -1.162063 -1.593760 -1.252166 -1.618910
 -1.357584 -1.156056 -1.352096 -1.776106
 -1.788030 -1.223028 -1.132524 -1.531764
 -1.711308 -1.295059 -0.894450 -1.990284
 -1.699751 -1.347582 -1.025421 -1.615668
 -1.590790 -1.071036 -1.190420 -1.900537
 -1.834252 -1.128325 -1.106346 -1.682401
 -17.399586 0.000000 -17.399586 -17.399586
 -17.889143 0.000000 -17.889143 -17.889143
 -18.049473 0.000000 -18.049473 -18.049473
 -17.298288 0.000000 -17.298288 -17.298288
 -1.386294 -1.386294 -1.386294 -1.386294
 0.000000 -19.095308 -19.095308 -19.095308
 -1.386294 -1.386294 -1.386294 -1.386294
 -1.386294 -1.386294 -1.386294 -1.386294
 -19.095308 -19.095308 0.000000 -19.095308
 -1.386294 -1.386294 -1.386294 -1.386294
 -1.386294 -1.386294 -1.386294 -1.386294
 -1.386294 -1.386294 -1.386294 -1.386294
 -1.386294 -1.386294 -1.386294 -1.386294
 -1.386294 -1.386294 -1.386294 -1.386294
 -1.621892 -0.749135 -1.672670 -1.952246
 -1.386294 -1.386294 -1.386294 -1.386294
 -1.390947 -1.299885 -1.378588 -1.484290
 -1.164401 -1.435990 -1.410944 -1.579404
 -1.285720 -1.087014 -1.596232 -1.694626
 -1.657959 -1.064747 -1.393135 -1.530804
 -1.430108 -1.318435 -1.167447 -1.703732
 -1.496155 -1.247383 -1.297639 -1.534429
 -1.480323 -0.967247 -1.536322 -1.730833
 -1.982169 -1.008720 -1.344922 -1.439761
