 -1.269238 0.000100 0.000100 0.000100
 -1.386294 0.000100 0.000100 0.000100
 -1.406097 0.000100 0.000100 0.000100
 -1.496751 0.000100 0.000100 0.000100
 -1.177203 -1.386294 -1.650986 -1.386294
 -1.180291 -1.246249 -1.316866 -1.985913
 -0.867502 -1.249436 -2.120261 -1.752538
 -1.975540 -1.518783 -1.028162 -1.256420
 -1.272181 -1.233715 -1.442806 -1.648658
 -1.104882 -1.491655 -1.464256 -1.548813
 -0.941428 -1.259881 -1.581463 -2.115544
 -1.815288 -1.248895 -1.170933 -1.425825
 -1.018570 -1.342809 -1.696448 -1.637608
 -1.068937 -1.240787 -1.816150 -1.585627
 -1.242747 -0.996614 -1.538210 -2.059505
 -1.717650 -1.296438 -1.206826 -1.394878
 -1.165304 -1.236763 -1.729238 -1.512174
 -1.196674 -1.515127 -1.677645 -1.233715
 -1.410200 -0.783745 -1.953813 -1.848453
 -1.928958 -1.048603 -1.235814 -1.543298
 -1.210204 -1.210204 -1.647416 -1.555043
 -1.057998 -1.185153 -1.930484 -1.599128
 -1.195605 -0.994935 -2.140062 -1.560247
 -1.567178 -1.196805 -1.638636 -1.220902
 -1.167606 -1.455287 -1.455287 -1.504077
 -1.255357 -1.391489 -1.350667 -1.573810
 -1.171184 -1.049823 -1.897117 -1.660730
 -1.567178 -1.408113 -1.379126 -1.220902
 -1.190420 -1.313022 -1.845825 -1.313022
 -1.043553 -1.634916 -1.542543 -1.431318
 -1.194627 -1.194627 -2.011386 -1.344909
 -1.609437 -1.645805 -1.304056 -1.091496
 -1.661025 -1.236142 -1.929288 -0.982694
 -1.435084 -1.326871 -2.100058 -0.983100
 -1.998093 -0.763353 -2.468093 -1.159767
 -1.945908 -1.211941 -1.627456 -1.013091
 -0.907160 -1.918757 -1.164988 -1.983295
 -1.471452 -2.444897 -1.103728 -1.044009
 -0.939549 -2.856455 -1.031922 -1.632694
 -1.116962 -2.828672 -0.693148 -2.174750
 -2.054122 -0.353020 -3.481225 -1.977161
 -1.446918 -0.887306 -2.322376 -1.366876
 -2.590263 -0.157630 -3.688864 -3.082736
 -1.198696 -0.793232 -1.945908 -2.271328
 -0.819029 -1.098613 -2.923146 -1.760009
 -3.555341 -3.475299 -4.248479 -0.076676
 -0.782764 -1.358124 -2.169040 -1.763583
 -1.760985 -1.386294 -1.961654 -0.826681
 -2.184796 -0.553388 -2.184796 -1.609437
 -0.938272 -1.289668 -1.526055 -2.154658
 -1.232146 -1.232146 -1.232146 -2.079425
 -0.527672 -2.993453 -1.135740 -3.251281
 -0.000001 -14.920769 -14.920769 -14.920769
 -0.000003 -13.753639 -13.753639 -13.753639
 -0.000002 -14.357838 -14.357838 -14.357838
 -0.000007 -12.994539 -12.994539 -12.994539
 -15.627073 -0.000001 -15.627073 -15.627073
 -1.386294 -1.386294 -1.386294 -1.386294
 -1.386294 -1.386294 -1.386294 -1.386294
 -1.386294 -1.386294 -1.386294 -1.386294
 -1.386294 -1.386294 -1.386294 -1.386294
 -0.996198 -1.292768 -1.997891 -1.511457
 -1.386294 -1.386294 -1.386294 -1.386294
 -1.386294 -1.386294 -1.386294 -1.386294
 -1.026086 -1.360092 -2.285038 -1.261652
 -1.153673 -1.317302 -1.865866 -1.339774
 -1.374318 -1.283347 -1.474401 -1.423108
 -1.814231 -1.321756 -1.294357 -1.216396
 -1.391960 -1.065277 -1.649788 -1.538563
 -1.504077 -1.175574 -1.720299 -1.237449
 -1.321756 -1.188225 -1.945907 -1.252763
 -2.233589 -1.192139 -1.172721 -1.273817
 -1.468986 -1.007641 -1.891841 -1.370546
 -1.242507 -1.033752 -1.900561 -1.578978
 -1.401798 -1.038894 -1.871800 -1.401798
 -1.791758 -1.237449 -1.303407 -1.303407
 -1.504077 -1.473305 -1.925289 -0.909371
 -1.466337 -1.260001 -1.576338 -1.277095
 -1.583004 -0.980830 -2.320598 -1.134981
 -2.106838 -1.236013 -1.629916 -0.936770
 -1.428495 -1.034591 -2.716340 -1.082219
 -1.808853 -1.133099 -1.592630 -1.168817
 -1.425515 -0.860203 -2.159480 -1.508896
 -1.881370 -1.203973 -1.518466 -1.113001
 -1.343735 -1.310945 -2.665482 -0.916292
 -1.749199 -1.070039 -1.806357 -1.143064
 -1.446919 -1.098613 -1.985912 -1.223776
 -2.403225 -0.945983 -1.572880 -1.158905
 -0.595293 -1.453953 -2.726908 -1.900238
 -1.167947 -1.513693 -1.051875 -2.123456
 -0.840307 -1.663504 -1.418383 -1.988924
 -1.160171 -1.453157 -1.113651 -2.084427
 -14.639688 -0.000001 -14.639688 -14.639688
 -14.122998 -0.000002 -14.122998 -14.122998
 -14.340241 -0.000002 -14.340241 -14.340241
 -13.579793 -0.000004 -13.579793 -13.579793
 -1.386294 -1.386294 -1.386294 -1.386294
 -0.000001 -15.627073 -15.627073 -15.627073
 -1.386294 -1.386294 -1.386294 -1.386294
 -1.386294 -1.386294 -1.386294 -1.386294
 -15.627073 -15.627073 -0.000000 -15.627073
 -1.386294 -1.386294 -1.386294 -1.386294
 -1.386294 -1.386294 -1.386294 -1.386294
 -1.386294 -1.386294 -1.386294 -1.386294
 -1.386294 -1.386294 -1.386294 -1.386294
 -1.386294 -1.386294 -1.386294 -1.386294
 -1.280934 -1.354137 -1.143733 -1.928095
 -1.386294 -1.386294 -1.386294 -1.386294
 -1.243978 -1.422226 -1.609437 -1.307157
 -1.628607 -1.324926 -1.373716 -1.255933
 -1.321756 -1.145866 -1.689480 -1.466337
 -1.780584 -0.962277 -1.192800 -1.923684
 -1.001449 -1.252763 -1.945908 -1.589235
 -1.426186 -1.162035 -1.690877 -1.337238
 -1.661883 -0.930998 -1.701104 -1.454245
 -1.602748 -1.132746 -1.507438 -1.366360
 -1.403728 0.000100 0.000100 0.000100
 -1.192589 0.000100 0.000100 0.000100
 -1.333252 0.000100 0.000100 0.000100
 -1.675217 0.000100 0.000100 0.000100
 -1.381852 -1.290418 -1.367767 -1.518427
 -1.348794 -1.321395 -1.400088 -1.482326
 -1.247796 -1.216499 -1.448788 -1.705163
 -1.664674 -1.183926 -1.390978 -1.363199
 -1.613795 -1.014431 -1.350424 -1.719641
 -1.607898 -1.107123 -1.257783 -1.687941
 -1.565063 -0.869791 -1.617477 -1.751649
 -2.144580 -0.920303 -1.247273 -1.623551
 -1.327420 -1.296512 -1.363954 -1.581300
 -1.228568 -1.426145 -1.254806 -1.704165
 -1.439512 -1.040039 -1.414732 -1.792609
 -1.811037 -1.136307 -1.201589 -1.538061
 -1.262008 -1.356081 -1.415643 -1.530272
 -1.315745 -1.450883 -1.224529 -1.592254
 -1.176443 -1.176443 -1.504077 -1.826161
 -1.838113 -1.109120 -1.364467 -1.364467
 -1.612779 -1.018506 -1.239918 -1.896286
 -1.546227 -1.108091 -1.361448 -1.607082
 -1.541305 -0.884972 -1.553427 -1.822316
 -2.133152 -0.967753 -1.193709 -1.616936
 -1.383998 -1.343543 -1.308908 -1.521469
 -1.199444 -1.354250 -1.447956 -1.582567
 -1.419250 -1.093637 -1.433092 -1.689896
 -1.783144 -1.154535 -1.138971 -1.626895
 -1.254932 -1.364014 -1.486469 -1.456278
 -1.272641 -1.351334 -1.443141 -1.492412
 -1.230932 -1.082612 -1.651038 -1.729239
 -1.811562 -1.101886 -1.325029 -1.433126
 -1.546892 -1.015801 -1.397251 -1.727640
 -1.655993 -1.103097 -1.334703 -1.541689
 -1.560785 -0.902484 -1.516134 -1.802362
 -2.089552 -0.890470 -1.344909 -1.583617
 -1.340415 -1.313865 -1.353959 -1.554630
 -1.244600 -1.372341 -1.254814 -1.752719
 -1.375786 -1.004583 -1.455539 -1.911304
 -1.756944 -1.083865 -1.260795 -1.581267
 -1.269379 -1.440651 -1.366543 -1.481778
 -1.290587 -1.511749 -1.303903 -1.457160
 -1.237309 -1.166435 -1.475394 -1.773887
 -1.744357 -1.196718 -1.348194 -1.334273
 -1.491655 -1.061798 -1.297063 -1.858968
 -1.357663 -0.956508 -1.424354 -2.138407
 -1.432158 -0.825694 -1.567237 -2.165826
 -2.109716 -0.864004 -1.271830 -1.731954
 -1.365071 -1.329704 -1.244625 -1.650090
 -1.187534 -1.587579 -1.099165 -1.848593
 -1.457040 -1.176905 -1.241444 -1.772678
 -2.042627 -0.972531 -1.153201 -1.734080
 -0.000000 -16.258728 -16.258728 -16.258728
 -0.000000 -16.319403 -16.319403 -16.319403
 -0.000000 -16.466639 -16.466639 -16.466639
 -0.000000 -15.869635 -15.869635 -15.869635
 -17.637827 0.000000 -17.637827 -17.637827
 -1.386294 -1.386294 -1.386294 -1.386294
 -1.386294 -1.386294 -1.386294 -1.386294
 -1.386294 -1.386294 -1.386294 -1.386294
 -1.386294 -1.386294 -1.386294 -1.386294
 -1.257368 -1.346619 -1.316791 -1.674049
 -1.386294 -1.386294 -1.386294 -1.386294
 -1.386294 -1.386294 -1.386294 -1.386294
 -1.232583 -1.575408 -1.183668 -1.632785
 -1.172785 -1.486156 -1.354020 -1.579610
 -1.157453 -1.252763 -1.454704 -1.792576
 -1.826184 -1.181284 -1.231977 -1.425562
 -1.687187 -1.004735 -1.255128 -1.809234
 -1.518957 -1.010516 -1.417175 -1.745081
 -1.643034 -0.788619 -1.578495 -1.925176
 -2.227377 -0.960143 -1.315177 -1.423273
 -1.197931 -1.308212 -1.463110 -1.627787
 -1.185219 -1.411098 -1.319531 -1.697259
 -1.366337 -1.076081 -1.383669 -1.874874
 -1.768545 -1.170346 -1.174338 -1.560000
 -1.280445 -1.463353 -1.331584 -1.484706
 -1.265527 -1.408837 -1.447303 -1.434316
 -1.201490 -1.163648 -1.598725 -1.688721
 -1.724682 -1.215200 -1.353350 -1.321457
 -1.597218 -0.958138 -1.433283 -1.740630
 -1.555499 -1.098612 -1.405217 -1.559368
 -1.661214 -0.775333 -1.680727 -1.812149
 -2.097003 -0.865844 -1.376670 -1.589332
 -1.405526 -1.435085 -1.308452 -1.400683
 -1.147182 -1.441833 -1.217292 -1.897488
 -1.428854 -1.059610 -1.363822 -1.844249
 -1.747459 -1.320015 -1.061001 -1.548608
 -1.411071 -1.418016 -1.083537 -1.739960
 -1.553868 -1.387111 -1.037652 -1.690161
 -1.362554 -1.193022 -1.213023 -1.942163
 -1.521723 -1.231282 -1.218962 -1.638816
 -16.185755 -0.000000 -16.185755 -16.185755
 -16.332401 -0.000000 -16.332401 -16.332401
 -16.507431 -0.000000 -16.507431 -16.507431
 -15.877297 -0.000000 -15.877297 -15.877297
 -1.386294 -1.386294 -1.386294 -1.386294
 0.000000 -17.637827 -17.637827 -17.637827
 -1.386294 -1.386294 -1.386294 -1.386294
 -1.386294 -1.386294 -1.386294 -1.386294
 -17.637827 -17.637827 0.000000 -17.637827
 -1.386294 -1.386294 -1.386294 -1.386294
 -1.386294 -1.386294 -1.386294 -1.386294
 -1.386294 -1.386294 -1.386294 -1.386294
 -1.386294 -1.386294 -1.386294 -1.386294
 -1.386294 -1.386294 -1.386294 -1.386294
 -1.590154 -0.712364 -1.874979 -1.882137
 -1.386294 -1.386294 -1.386294 -1.386294
 -1.332001 -1.202543 -1.394915 -1.672547
 -1.222884 -1.343512 -1.341804 -1.696530
 -1.300235 -0.961521 -1.807575 -1.708321
 -1.640075 -1.052288 -1.303603 -1.685537
 -1.216497 -1.467420 -1.402661 -1.481604
 -1.318853 -1.430878 -1.430878 -1.369003
 -1.295129 -1.130332 -1.549706 -1.656000
 -1.875967 -1.093873 -1.319680 -1.407904
