 -1.344133 0.000100 0.000100 0.000100
 -1.247990 0.000100 0.000100 0.000100
 -1.440361 0.000100 0.000100 0.000100
 -1.535672 0.000100 0.000100 0.000100
 -1.194841 -1.359143 -1.472472 -1.555853
 -1.420196 -1.491655 -1.232144 -1.420196
 -1.193923 -1.650680 -1.376244 -1.376244
 -1.727219 -1.455287 -1.065824 -1.408767
 -1.591088 -1.044546 -1.386294 -1.637608
 -1.152680 -1.462834 -1.295781 -1.720662
 -1.319603 -0.946929 -1.709067 -1.809149
 -1.704747 -1.068760 -1.299283 -1.599387
 -1.524077 -1.570597 -1.619387 -0.977536
 -1.150285 -1.323556 -1.889950 -1.323556
 -1.247825 -1.088761 -1.724747 -1.619387
 -1.635754 -1.299283 -1.348073 -1.299283
 -1.299283 -1.368276 -1.564986 -1.333185
 -1.013817 -1.469291 -1.682864 -1.508512
 -1.073612 -1.037245 -1.971549 -1.804496
 -1.534714 -1.386294 -1.287855 -1.352393
 -1.346449 -1.516347 -1.479980 -1.228666
 -1.243795 -1.713796 -1.765090 -1.020652
 -1.330414 -0.939549 -1.575535 -1.980998
 -1.396657 -2.272120 -0.963794 -1.316615
 -1.413693 -1.451433 -1.618487 -1.126012
 -1.419817 -1.677645 -2.025949 -0.821982
 -1.489478 -0.961413 -1.985912 -1.366876
 -1.478101 -1.335001 -1.440361 -1.302212
 -1.001450 -1.289131 -1.694594 -1.751752
 -1.540444 -2.415907 -1.422662 -0.786675
 -1.226446 -1.373049 -1.484274 -1.484274
 -1.176778 -1.999975 -1.129150 -1.456362
 -1.201267 -0.962038 -1.816450 -1.867743
 -1.531476 -2.001475 -1.213024 -1.045970
 -1.358124 -0.576425 -2.256060 -2.574510
 -1.015922 -2.045537 -0.992391 -1.980999
 -1.307514 -0.629636 -3.012248 -1.913647
 -1.984823 -1.617100 -2.795746 -0.505751
 -1.568615 -0.421216 -2.618428 -2.772576
 -1.400893 -1.343735 -1.143065 -1.749197
 -1.386294 -0.739669 -1.912384 -2.079437
 -2.011998 -2.151760 -1.969439 -0.493536
 -1.196252 -1.122145 -1.815285 -1.563974
 -0.737601 -2.179979 -1.377636 -1.854558
 -0.423325 -13.937732 -2.162434 -1.469291
 -1.054650 -13.698981 -1.655422 -0.775066
 -0.735114 -13.500805 -1.651400 -1.112407
 -0.474210 -14.173188 -1.299283 -2.254791
 -0.848755 -1.064275 -2.600505 -1.878373
 -1.386294 -1.386294 -1.386294 -1.386294
 -0.755281 -1.585626 -1.933930 -1.710788
 -1.527944 -2.265538 -1.166932 -0.999879
 -1.984129 -0.411736 -2.436112 -2.184799
 -0.983951 -1.176322 -1.782455 -1.900238
 -1.293922 -0.908261 -2.181216 -1.562184
 -1.269761 -1.397594 -1.192800 -1.780584
 -0.000003 -13.854735 -13.854735 -13.854735
 -0.000002 -14.436090 -14.436090 -14.436090
 -0.000005 -13.400002 -13.400002 -13.400002
 -0.000005 -13.337481 -13.337481 -13.337481
 -15.245823 -0.804373 -1.653455 -1.018202
 -1.386294 -1.386294 -1.386294 -1.386294
 -1.386294 -1.386294 -1.386294 -1.386294
 -1.386294 -1.386294 -1.386294 -1.386294
 -1.386294 -1.386294 -1.386294 -1.386294
 -1.205757 -1.299283 -1.517536 -1.567547
 -1.491654 -0.916293 -1.548812 -1.817075
 -2.184063 -1.303708 -1.167133 -1.188639
 -1.332806 -1.143565 -1.802807 -1.375365
 -1.419084 -1.236763 -1.562184 -1.354546
 -1.219974 -1.358124 -1.658227 -1.358124
 -2.282377 -1.058608 -1.252763 -1.326871
 -1.609437 -1.119891 -1.845824 -1.152680
 -1.791758 -1.052093 -1.468986 -1.370546
 -1.397594 -1.269761 -1.716046 -1.230541
 -2.043071 -1.314836 -1.216396 -1.185624
 -1.335001 -1.152681 -2.538962 -1.072638
 -1.363305 -1.458615 -1.458615 -1.276294
 -1.749198 -1.225952 -1.688574 -1.056054
 -1.851350 -1.240443 -1.240443 -1.330055
 -1.432814 -1.110042 -1.992426 -1.219241
 -1.534714 -1.457753 -1.757856 -0.969402
 -1.481604 -1.181501 -1.704746 -1.258461
 -2.003066 -1.370546 -1.252763 -1.122711
 -1.240787 -1.374318 -2.221610 -1.051546
 -1.412727 -1.310945 -1.911716 -1.081371
 -1.486377 -1.063522 -1.945907 -1.252764
 -2.427743 -1.151455 -1.693778 -0.887304
 -0.612181 -1.374318 -2.472921 -2.116250
 -1.131403 -1.419084 -1.106710 -2.255328
 -0.965083 -1.098614 -1.840546 -2.063687
 -1.147065 -1.531476 -1.026921 -2.224620
 -14.260199 -0.000002 -14.260199 -14.260199
 -13.854735 -0.000003 -13.854735 -13.854735
 -13.919874 -0.000003 -13.919874 -13.919874
 -13.060496 -0.000006 -13.060496 -13.060496
 -1.386294 -1.386294 -1.386294 -1.386294
 -0.000001 -15.245823 -15.245823 -15.245823
 -1.386294 -1.386294 -1.386294 -1.386294
 -1.386294 -1.386294 -1.386294 -1.386294
 -15.245823 -15.245823 -0.000001 -15.245823
 -1.386294 -1.386294 -1.386294 -1.386294
 -1.386294 -1.386294 -1.386294 -1.386294
 -1.386294 -1.386294 -1.386294 -1.386294
 -1.386294 -1.386294 -1.386294 -1.386294
 -1.386294 -1.386294 -1.386294 -1.386294
 -1.325951 -1.281891 -1.223297 -1.815973
 -1.386294 -1.386294 -1.386294 -1.386294
 -1.665007 -1.243795 -1.765090 -1.045970
 -1.352393 -1.457753 -1.662547 -1.142673
 -1.516347 -1.201267 -1.634130 -1.256837
 -2.022278 -1.084015 -1.223776 -1.446919
 -1.133705 -1.374866 -2.163318 -1.170072
 -1.090245 -1.688080 -1.411828 -1.446919
 -1.498212 -1.264598 -1.184556 -1.670061
 -1.410200 -1.059998 -1.799663 -1.410200
 -1.381468 0.000100 0.000100 0.000100
 -1.262718 0.000100 0.000100 0.000100
 -1.421698 0.000100 0.000100 0.000100
 -1.493423 0.000100 0.000100 0.000100
 -1.587220 -1.317638 -1.120866 -1.600764
 -1.429562 -1.161198 -1.305000 -1.735551
 -1.507424 -0.938005 -1.438719 -1.897916
 -2.050132 -1.011729 -1.240530 -1.521145
 -1.260224 -1.348702 -1.355332 -1.614597
 -1.252069 -1.487730 -1.241206 -1.613610
 -1.263692 -1.193635 -1.356393 -1.853513
 -1.791140 -1.230993 -1.185342 -1.445680
 -1.298113 -1.335792 -1.415695 -1.508477
 -1.350235 -1.401529 -1.405044 -1.389323
 -1.291551 -1.100693 -1.523813 -1.745051
 -1.849197 -1.156050 -1.280459 -1.386294
 -1.646426 -1.228161 -1.098612 -1.708713
 -1.441830 -1.249966 -1.249966 -1.658228
 -1.469655 -0.961302 -1.498885 -1.806539
 -2.019858 -1.010041 -1.217241 -1.574670
 -1.266604 -1.346986 -1.389737 -1.565185
 -1.307142 -1.434034 -1.259092 -1.574310
 -1.285229 -1.143689 -1.388318 -1.862545
 -1.707236 -1.224894 -1.149579 -1.569859
 -1.382729 -1.370351 -1.361602 -1.431964
 -1.348198 -1.375910 -1.401016 -1.421565
 -1.303790 -1.139487 -1.504288 -1.680179
 -1.951298 -1.154472 -1.290171 -1.318775
 -1.476391 -1.254943 -1.175031 -1.728008
 -1.485758 -1.207093 -1.271631 -1.638712
 -1.549470 -0.945524 -1.433877 -1.827714
 -2.026452 -1.007988 -1.260280 -1.515627
 -1.312513 -1.405914 -1.325334 -1.514128
 -1.192057 -1.502005 -1.262841 -1.656155
 -1.284177 -1.169564 -1.425665 -1.758688
 -1.809700 -1.257064 -1.137367 -1.464703
 -1.278047 -1.344684 -1.483270 -1.452850
 -1.397296 -1.309252 -1.386732 -1.457478
 -1.339203 -1.093593 -1.532787 -1.676636
 -1.809852 -1.114939 -1.308969 -1.434275
 -1.594846 -1.197200 -1.161729 -1.703327
 -1.449541 -1.129736 -1.347492 -1.702036
 -1.506737 -0.922831 -1.468270 -1.892784
 -2.094101 -0.873807 -1.278028 -1.709959
 -0.967615 -16.665640 -1.130940 -1.213075
 -1.001718 -17.248207 -0.975675 -1.363305
 -0.916504 -16.969528 -1.040174 -1.399614
 -1.336058 -16.532850 -0.818222 -1.217717
 -1.302057 -1.264012 -1.416467 -1.594844
 -1.386294 -1.386294 -1.386294 -1.386294
 -1.256340 -1.109538 -1.481667 -1.843036
 -1.743214 -1.028248 -1.362564 -1.553972
 -1.626120 -1.129887 -1.103219 -1.907591
 -1.360725 -1.153699 -1.200382 -2.063738
 -1.457753 -0.951878 -1.409551 -1.987970
 -2.332327 -0.835966 -1.141650 -1.895900
 -0.000000 -16.698074 -16.698074 -16.698074
 0.000000 -17.248207 -17.248207 -17.248207
 0.000000 -17.070526 -17.070526 -17.070526
 -0.000000 -16.307062 -16.307062 -16.307062
 -18.279348 -1.030818 -1.145297 -1.123452
 -1.386294 -1.386294 -1.386294 -1.386294
 -1.386294 -1.386294 -1.386294 -1.386294
 -1.386294 -1.386294 -1.386294 -1.386294
 -1.386294 -1.386294 -1.386294 -1.386294
 -1.524959 -1.124452 -1.218173 -1.821583
 -1.417926 -0.953920 -1.459122 -1.965286
 -2.000135 -1.173620 -1.093313 -1.512615
 -1.254504 -1.343735 -1.424704 -1.544899
 -1.226770 -1.373801 -1.342094 -1.648591
 -1.296226 -1.188387 -1.330379 -1.849294
 -1.782531 -1.173536 -1.173536 -1.545313
 -1.305112 -1.334478 -1.521446 -1.397693
 -1.405025 -1.330557 -1.418562 -1.393329
 -1.300581 -1.021267 -1.591443 -1.808764
 -1.806412 -1.176083 -1.419569 -1.253672
 -1.608494 -1.246409 -1.131733 -1.661775
 -1.430149 -1.200243 -1.305746 -1.667939
 -1.472656 -0.929400 -1.463787 -1.934232
 -2.026861 -1.091210 -1.127250 -1.567725
 -1.338534 -1.342882 -1.455775 -1.412809
 -1.310025 -1.448417 -1.295767 -1.507076
 -1.329716 -1.084660 -1.410265 -1.875019
 -1.813320 -1.208584 -1.157396 -1.496266
 -1.298041 -1.411780 -1.398484 -1.442850
 -1.226316 -1.572880 -1.344622 -1.433204
 -1.228665 -1.097742 -1.544518 -1.830841
 -1.813145 -1.130289 -1.266781 -1.460231
 -1.679281 -1.252763 -0.975552 -1.891843
 -1.597306 -1.296201 -1.042156 -1.764360
 -1.545853 -0.990897 -1.285661 -1.972141
 -1.819336 -1.244795 -0.958503 -1.793361
 -16.630322 -0.000000 -16.630322 -16.630322
 -17.089252 0.000000 -17.089252 -17.089252
 -17.220036 0.000000 -17.220036 -17.220036
 -16.427050 -0.000000 -16.427050 -16.427050
 -1.386294 -1.386294 -1.386294 -1.386294
 0.000000 -18.279348 -18.279348 -18.279348
 -1.386294 -1.386294 -1.386294 -1.386294
 -1.386294 -1.386294 -1.386294 -1.386294
 -18.279348 -18.279348 0.000000 -18.279348
 -1.386294 -1.386294 -1.386294 -1.386294
 -1.386294 -1.386294 -1.386294 -1.386294
 -1.386294 -1.386294 -1.386294 -1.386294
 -1.386294 -1.386294 -1.386294 -1.386294
 -1.386294 -1.386294 -1.386294 -1.386294
 -1.330519 -1.036972 -1.491373 -1.857450
 -1.386294 -1.386294 -1.386294 -1.386294
 -1.341559 -1.365168 -1.315241 -1.537979
 -1.313022 -1.356212 -1.459753 -1.422686
 -1.199208 -1.131914 -1.648045 -1.694311
 -1.670293 -1.065228 -1.446366 -1.462164
 -1.466924 -1.324842 -1.164560 -1.653070
 -1.412483 -1.370268 -1.205050 -1.595800
 -1.550034 -1.004470 -1.375494 -1.779008
 -1.970314 -1.070704 -1.251192 -1.462501
