 -1.320129 0.000100 0.000100 0.000100
 -1.389557 0.000100 0.000100 0.000100
 -1.436388 0.000100 0.000100 0.000100
 -1.402715 0.000100 0.000100 0.000100
 -1.293204 -1.436305 -1.603358 -1.249719
 -1.079195 -1.564702 -1.772340 -1.269238
 -1.428258 -1.245937 -1.457246 -1.428258
 -1.461932 -1.210618 -1.490919 -1.406362
 -1.226174 -1.380324 -1.684006 -1.311332
 -1.373716 -1.695298 -1.507247 -1.073612
 -1.476891 -1.082988 -1.666132 -1.410200
 -1.720299 -1.450010 -1.237449 -1.216396
 -1.301553 -1.464072 -1.524696 -1.276861
 -1.262681 -1.622682 -1.691675 -1.092056
 -1.231102 -1.423473 -1.661883 -1.282395
 -1.492904 -1.626435 -1.087440 -1.420583
 -1.404871 -1.142507 -1.761545 -1.332550
 -1.271884 -1.838278 -1.887068 -0.893819
 -1.320045 -0.824725 -1.987872 -1.848111
 -1.464412 -1.415622 -1.324650 -1.346629
 -1.178655 -1.288656 -1.584120 -1.553348
 -1.426186 -1.820089 -2.009330 -0.768546
 -1.440361 -1.125281 -1.440361 -1.600703
 -1.417066 -1.417066 -1.299283 -1.417066
 -1.255933 -1.233954 -1.971551 -1.255933
 -1.745849 -1.538210 -1.602748 -0.893073
 -1.325670 -0.863047 -2.079438 -1.673975
 -1.255560 -1.549799 -1.236142 -1.549799
 -1.265667 -1.098613 -1.914360 -1.438938
 -1.839960 -1.877700 -1.916921 -0.614011
 -1.123931 -1.003303 -2.222538 -1.609437
 -1.153673 -1.791758 -1.172721 -1.568615
 -1.309561 -0.737043 -2.896517 -1.628014
 -1.832580 -1.514127 -2.014901 -0.720177
 -1.469291 -0.856188 -2.019335 -1.549333
 -0.973763 -2.191917 -1.344622 -1.386294
 -1.011602 -1.299283 -1.887068 -1.550597
 -1.696448 -1.825660 -1.934859 -0.671169
 -1.006240 -1.274503 -1.760009 -1.699385
 -1.238659 -1.769286 -1.076140 -1.615135
 -1.518222 -0.670925 -2.542721 -1.655422
 -1.341174 -1.871800 -1.823010 -0.860203
 -1.233270 -0.685306 -2.359275 -2.205126
 -1.076513 -1.449716 -1.549799 -1.549799
 -0.851205 -1.081221 -2.433609 -1.922786
 -1.618697 -2.161019 -2.084059 -0.575877
 -0.859134 -1.498212 -2.245420 -1.398129
 -1.311174 -1.581463 -1.311174 -1.365241
 -1.315199 -0.804374 -2.762111 -1.509354
 -1.113998 -1.542992 -1.984823 -1.137528
 -1.269761 -1.156433 -1.655422 -1.544197
 -0.840784 -1.734600 -1.654558 -1.604548
 -0.623190 -14.543061 -2.036880 -1.098613
 -0.899484 -14.386493 -1.742162 -0.872086
 -0.740777 -13.664692 -1.746295 -1.053151
 -1.568615 -14.180157 -1.473305 -0.575366
 -14.747676 -14.747676 -14.747676 -0.000001
 -1.386294 -1.386294 -1.386294 -1.386294
 -13.873783 -13.873783 -13.873783 -0.000003
 -14.747676 -14.747676 -14.747676 -0.000001
 -1.386294 -1.386294 -1.386294 -1.386294
 -1.386294 -1.386294 -1.386294 -1.386294
 -1.386294 -1.386294 -1.386294 -1.386294
 -1.814824 -1.485521 -1.326245 -1.063409
 -1.309334 -0.891600 -2.302579 -1.514127
 -1.500486 -1.323556 -2.226420 -0.909123
 -1.142507 -1.309561 -1.835652 -1.380178
 -2.412144 -1.262242 -1.331235 -1.012781
 -1.527607 -1.031172 -1.969438 -1.248895
 -1.738270 -1.076873 -1.836710 -1.126470
 -1.537334 -1.238842 -1.581786 -1.238842
 -1.812378 -1.270782 -1.366092 -1.200578
 -1.377636 -1.189585 -2.260020 -1.081371
 -1.554286 -1.156985 -1.712509 -1.224807
 -1.223776 -0.907924 -2.140062 -1.688080
 -2.335371 -1.131403 -1.293921 -1.182696
 -1.201267 -1.148623 -2.104131 -1.346449
 -1.556919 -1.347828 -1.791758 -1.014055
 -1.673975 -1.134981 -1.774058 -1.134981
 -2.220344 -1.121735 -1.403586 -1.139435
 -1.420196 -1.232144 -2.302580 -1.003303
 -1.556794 -1.413693 -1.754619 -0.986250
 -1.413693 -1.275543 -1.665007 -1.243795
 -2.243742 -1.068760 -1.481604 -1.129384
 -1.386294 -1.421386 -2.674139 -0.821766
 -1.576467 -1.198402 -2.191651 -0.967879
 -1.564986 -1.011602 -1.867265 -1.299283
 -2.084236 -0.899684 -1.975037 -1.108228
 -0.540241 -1.412727 -3.135478 -2.036879
 -1.173836 -1.504077 -1.015231 -2.241674
 -0.902870 -1.213024 -1.470851 -2.694613
 -1.241361 -1.800975 -0.977776 -1.773576
 -14.621988 -0.000001 -14.621988 -14.621988
 -14.093145 -0.000002 -14.093145 -14.093145
 -14.397729 -0.000002 -14.397729 -14.397729
 -13.579793 -0.000004 -13.579793 -13.579793
 -1.386294 -1.386294 -1.386294 -1.386294
 -0.000001 -15.630336 -15.630336 -15.630336
 -1.386294 -1.386294 -1.386294 -1.386294
 -1.386294 -1.386294 -1.386294 -1.386294
 -15.630336 -15.630336 -0.000000 -15.630336
 -1.386294 -1.386294 -1.386294 -1.386294
 -1.386294 -1.386294 -1.386294 -1.386294
 -1.386294 -1.386294 -1.386294 -1.386294
 -1.386294 -1.386294 -1.386294 -1.386294
 -1.386294 -1.386294 -1.386294 -1.386294
 -1.284196 -1.507340 -1.131728 -1.719514
 -1.386294 -1.386294 -1.386294 -1.386294
 -1.701810 -1.374598 -1.552279 -1.041455
 -1.777159 -1.275069 -1.616817 -1.041455
 -1.550597 -1.083575 -1.677348 -1.337023
 -1.867265 -1.145133 -1.266494 -1.404643
 -1.591893 -0.835569 -1.894172 -1.549333
 -1.520606 -1.338285 -1.495914 -1.220502
 -1.784153 -0.963175 -1.542992 -1.441210
 -1.797120 -1.153572 -1.359908 -1.339288
 -1.391442 0.000100 0.000100 0.000100
 -1.263248 0.000100 0.000100 0.000100
 -1.372272 0.000100 0.000100 0.000100
 -1.537028 0.000100 0.000100 0.000100
 -1.376451 -1.297850 -1.342947 -1.544899
 -1.369412 -1.308787 -1.372392 -1.504645
 -1.344157 -1.082291 -1.522602 -1.702220
 -1.953401 -1.138191 -1.246316 -1.385300
 -1.383523 -1.276872 -1.438513 -1.456213
 -1.347019 -1.349773 -1.372090 -1.482320
 -1.436435 -1.046455 -1.454324 -1.728856
 -1.863659 -1.160973 -1.322004 -1.327595
 -1.365086 -1.306610 -1.400373 -1.481045
 -1.244029 -1.403994 -1.308154 -1.630423
 -1.351471 -1.116050 -1.455164 -1.713647
 -1.860411 -1.188971 -1.207958 -1.422750
 -1.486886 -1.258707 -1.277428 -1.555186
 -1.378439 -1.373978 -1.317727 -1.481980
 -1.370903 -1.096981 -1.444269 -1.735418
 -1.923176 -1.138222 -1.262003 -1.384763
 -1.362697 -1.287258 -1.385340 -1.524339
 -1.406010 -1.366960 -1.281368 -1.503535
 -1.459906 -1.036092 -1.452986 -1.720189
 -1.871553 -1.121787 -1.294976 -1.400337
 -1.355797 -1.383915 -1.344768 -1.465068
 -1.295739 -1.411093 -1.347647 -1.502481
 -1.432775 -1.107737 -1.448468 -1.629034
 -1.806797 -1.276169 -1.222383 -1.338689
 -1.424867 -1.333651 -1.248493 -1.565378
 -1.456287 -1.258803 -1.334069 -1.516391
 -1.374884 -1.135344 -1.399496 -1.719820
 -2.043209 -1.229849 -1.134244 -1.361071
 -1.406749 -1.241713 -1.375000 -1.544899
 -1.369512 -1.332576 -1.332576 -1.522457
 -1.395967 -1.076525 -1.492211 -1.677963
 -1.868322 -1.206300 -1.226468 -1.374413
 -1.393799 -1.328202 -1.365942 -1.461985
 -1.315677 -1.355218 -1.329136 -1.564893
 -1.388795 -1.067462 -1.436668 -1.777704
 -1.847811 -1.188240 -1.188240 -1.457130
 -1.336551 -1.336551 -1.304152 -1.594074
 -1.298916 -1.347102 -1.330318 -1.595599
 -1.388726 -1.100233 -1.459344 -1.685104
 -1.908265 -1.073857 -1.229007 -1.526056
 -1.491805 -1.261105 -1.309816 -1.505875
 -1.331621 -1.252943 -1.402271 -1.588407
 -1.382647 -1.025810 -1.566912 -1.704342
 -1.975570 -1.108759 -1.265328 -1.389488
 -1.329715 -1.315505 -1.505261 -1.405889
 -1.278887 -1.335684 -1.474797 -1.470330
 -1.206409 -1.126477 -1.673261 -1.666420
 -2.052507 -1.102157 -1.214817 -1.416055
 -1.161174 -16.961817 -0.954652 -1.197542
 -1.039637 -17.129333 -1.136800 -1.122169
 -1.009753 -16.889591 -1.014843 -1.297435
 -1.448341 -16.865257 -1.053687 -0.876132
 -17.211361 -17.211361 -17.211361 -0.000000
 -1.386294 -1.386294 -1.386294 -1.386294
 -17.311110 -17.311110 -17.311110 -0.000000
 -17.238796 -17.238796 -17.238796 -0.000000
 -1.386294 -1.386294 -1.386294 -1.386294
 -1.386294 -1.386294 -1.386294 -1.386294
 -1.386294 -1.386294 -1.386294 -1.386294
 -1.786638 -1.148623 -1.262113 -1.459514
 -1.867342 -0.913740 -1.807204 -1.271781
 -1.409504 -1.386294 -1.331162 -1.420615
 -1.473924 -1.275506 -1.149786 -1.743077
 -2.096155 -1.155446 -1.225065 -1.315217
 -1.441631 -1.194412 -1.548270 -1.394485
 -1.392041 -1.217919 -1.437738 -1.522695
 -1.400706 -1.025811 -1.662909 -1.582383
 -1.870667 -1.084626 -1.342297 -1.399558
 -1.328604 -1.240388 -1.504077 -1.497633
 -1.295768 -1.357977 -1.412044 -1.489493
 -1.420098 -1.044545 -1.482935 -1.717651
 -1.764373 -1.152758 -1.307157 -1.417360
 -1.440509 -1.391184 -1.233221 -1.500315
 -1.338442 -1.449427 -1.284016 -1.486698
 -1.405547 -1.147225 -1.359603 -1.712092
 -1.866432 -1.184423 -1.271289 -1.351186
 -1.438179 -1.283184 -1.403292 -1.428366
 -1.402850 -1.258055 -1.404441 -1.494352
 -1.420556 -0.987692 -1.593308 -1.699728
 -1.983298 -1.076172 -1.324052 -1.364798
 -1.350276 -1.436944 -1.354057 -1.406547
 -1.341450 -1.420000 -1.257966 -1.548400
 -1.381372 -1.069432 -1.480797 -1.725372
 -1.768552 -1.199352 -1.254922 -1.414972
 -1.549315 -1.329984 -1.063320 -1.726997
 -1.460461 -1.434316 -1.131825 -1.574320
 -1.387505 -1.190218 -1.244728 -1.844349
 -1.699127 -1.271566 -1.123930 -1.552280
 -16.845161 0.000000 -16.845161 -16.845161
 -17.048290 0.000000 -17.048290 -17.048290
 -17.211695 0.000000 -17.211695 -17.211695
 -16.682842 -0.000000 -16.682842 -16.682842
 -1.386294 -1.386294 -1.386294 -1.386294
 0.000000 -18.353258 -18.353258 -18.353258
 -1.386294 -1.386294 -1.386294 -1.386294
 -1.386294 -1.386294 -1.386294 -1.386294
 -18.353258 -18.353258 0.000000 -18.353258
 -1.386294 -1.386294 -1.386294 -1.386294
 -1.386294 -1.386294 -1.386294 -1.386294
 -1.386294 -1.386294 -1.386294 -1.386294
 -1.386294 -1.386294 -1.386294 -1.386294
 -1.386294 -1.386294 -1.386294 -1.386294
 -1.447615 -0.928182 -1.628663 -1.752119
 -1.386294 -1.386294 -1.386294 -1.386294
 -1.339195 -1.344417 -1.367366 -1.502941
 -1.235591 -1.368856 -1.442800 -1.520174
 -1.254673 -1.168618 -1.571455 -1.628151
 -1.663951 -1.160317 -1.304024 -1.488165
 -1.399282 -1.368708 -1.311726 -1.472133
 -1.363024 -1.452919 -1.293127 -1.444702
 -1.401494 -1.175112 -1.430746 -1.580577
 -1.795226 -1.189090 -1.266701 -1.395731
