 -1.259543 0.000100 0.000100 0.000100
 -1.438695 0.000100 0.000100 0.000100
 -1.484010 0.000100 0.000100 0.000100
 -1.377326 0.000100 0.000100 0.000100
 -1.349927 -1.198696 -1.528175 -1.504077
 -1.170775 -1.349023 -1.596859 -1.479076
 -1.125460 -1.066037 -1.881784 -1.721442
 -1.513046 -1.211941 -1.410392 -1.435084
 -1.171885 -1.477266 -1.430746 -1.501364
 -1.347074 -1.237875 -1.609437 -1.386294
 -1.282395 -1.309063 -1.485993 -1.485993
 -2.086359 -1.263162 -1.006443 -1.480226
 -1.392373 -1.174120 -2.061421 -1.154702
 -1.211492 -1.747795 -1.685275 -1.070910
 -1.192139 -1.116631 -1.597603 -1.791758
 -1.609437 -1.459906 -1.214784 -1.305756
 -1.299283 -1.258461 -1.456912 -1.559566
 -1.369102 -1.415622 -1.857453 -1.058948
 -1.530543 -1.047693 -1.496642 -1.565635
 -1.571900 -1.625967 -1.050604 -1.402824
 -1.355332 -1.117661 -1.701607 -1.457986
 -1.451214 -1.475906 -1.668278 -1.053913
 -1.303407 -1.155771 -1.561235 -1.591088
 -1.398129 -1.351609 -1.285651 -1.524880
 -1.046427 -1.273817 -1.689976 -1.689976
 -1.567547 -1.493439 -1.620190 -0.997003
 -1.466337 -0.973861 -1.967110 -1.379326
 -1.339774 -1.791758 -1.098613 -1.435084
 -1.358124 -0.945279 -1.730798 -1.730798
 -1.380463 -1.428091 -1.740465 -1.098613
 -1.332227 -0.842680 -1.878769 -1.878769
 -1.200192 -1.386294 -1.200192 -1.912386
 -1.217094 -1.028503 -1.661025 -1.855180
 -1.478818 -1.681758 -1.541996 -0.988612
 -1.301737 -0.818312 -1.968214 -1.916921
 -1.275069 -1.545359 -1.151455 -1.654557
 -1.081806 -0.899484 -2.403557 -1.808853
 -1.651772 -1.478500 -1.796953 -0.880664
 -1.242255 -0.812694 -1.911303 -2.122611
 -0.976510 -1.399366 -1.481604 -1.901457
 -1.073423 -1.103728 -2.639052 -1.366092
 -1.883389 -1.508696 -1.716335 -0.805187
 -1.243194 -1.312187 -1.754017 -1.312187
 -1.091924 -1.868451 -1.175305 -1.602748
 -1.222665 -0.902498 -2.014901 -1.791758
 -1.168041 -1.634130 -1.129575 -1.767661
 -0.701733 -1.626679 -1.584119 -2.277262
 -0.738043 -2.104132 -1.164127 -2.432635
 -1.256617 -0.807092 -2.852626 -1.553348
 -1.138618 -1.596450 -1.939394 -1.098613
 -1.277304 -0.628610 -2.540991 -2.215571
 -1.838277 -1.299283 -1.219241 -1.299283
 -1.625967 -0.827460 -2.319111 -1.317666
 -2.155629 -1.549495 -2.337950 -0.552883
 -1.386294 -1.072638 -2.028143 -1.286211
 -2.599311 -1.236013 -1.333651 -0.989880
 -13.774693 -13.774693 -0.000003 -13.774693
 -14.528462 -14.528462 -0.000001 -14.528462
 -13.732133 -13.732133 -0.000003 -13.732133
 -14.823470 -14.823470 -0.000001 -14.823470
 -1.386294 -1.386294 -1.386294 -1.386294
 -1.386294 -1.386294 -1.386294 -1.386294
 -0.963956 -1.359626 -2.023952 -1.470852
 -1.386294 -1.386294 -1.386294 -1.386294
 -2.071597 -0.533389 -2.136135 -1.776133
 -1.558144 -1.357474 -1.403994 -1.249843
 -1.704746 -1.043351 -1.481604 -1.432814
 -2.465483 -1.292769 -1.159238 -1.118415
 -1.396657 -1.207416 -1.741496 -1.278875
 -1.239691 -1.424613 -1.472622 -1.424613
 -1.157453 -1.330725 -1.722765 -1.415282
 -1.797912 -1.567389 -1.309561 -1.033308
 -1.087052 -1.409825 -1.851656 -1.340832
 -1.228666 -1.293204 -1.698668 -1.386294
 -1.435084 -1.161792 -1.464072 -1.524696
 -2.164961 -0.946807 -1.571900 -1.239195
 -1.303407 -1.398717 -1.791758 -1.155771
 -1.821611 -1.098613 -1.629240 -1.174986
 -1.146241 -1.196251 -1.527607 -1.815288
 -2.369071 -1.530745 -1.014530 -1.116312
 -1.184268 -1.260254 -1.853316 -1.371479
 -1.718427 -1.225952 -1.631416 -1.104062
 -1.342674 -1.124421 -1.878190 -1.342674
 -2.116777 -1.174736 -1.668754 -0.961815
 -1.316336 -1.120592 -2.981332 -1.035434
 -1.416447 -1.213923 -2.130212 -1.074162
 -1.466337 -1.265667 -1.717650 -1.178656
 -1.876597 -1.152680 -1.558144 -1.137642
 -0.714055 -1.542746 -1.680896 -2.204142
 -1.128466 -1.734600 -1.027661 -1.950823
 -0.900788 -1.473305 -1.232144 -2.618428
 -1.372811 -1.548015 -0.865564 -2.179285
 -14.657080 -0.000001 -14.657080 -14.657080
 -14.122998 -0.000002 -14.122998 -14.122998
 -14.608505 -0.000001 -14.608505 -14.608505
 -13.554151 -0.000004 -13.554151 -13.554151
 -1.386294 -1.386294 -1.386294 -1.386294
 -0.000001 -15.711631 -15.711631 -15.711631
 -1.386294 -1.386294 -1.386294 -1.386294
 -1.386294 -1.386294 -1.386294 -1.386294
 -15.711631 -15.711631 -0.000000 -15.711631
 -1.386294 -1.386294 -1.386294 -1.386294
 -1.386294 -1.386294 -1.386294 -1.386294
 -1.386294 -1.386294 -1.386294 -1.386294
 -1.386294 -1.386294 -1.386294 -1.386294
 -1.386294 -1.386294 -1.386294 -1.386294
 -1.243794 -1.330806 -1.249016 -1.828460
 -1.386294 -1.386294 -1.386294 -1.386294
 -1.519825 -1.345472 -1.890198 -0.994816
 -1.506922 -1.386294 -1.559566 -1.145133
 -1.514603 -1.077887 -1.786537 -1.301030
 -1.964776 -1.009268 -1.376992 -1.414732
 -1.316336 -1.189585 -1.708377 -1.400893
 -1.574695 -1.177394 -1.574695 -1.280934
 -1.362578 -1.021652 -1.394326 -1.995098
 -1.739490 -1.005522 -1.609437 -1.352718
 -1.333169 0.000100 0.000100 0.000100
 -1.304697 0.000100 0.000100 0.000100
 -1.406627 0.000100 0.000100 0.000100
 -1.513506 0.000100 0.000100 0.000100
 -1.504077 -1.231198 -1.190452 -1.705116
 -1.595765 -1.176869 -1.247147 -1.601070
 -1.447315 -0.944094 -1.540775 -1.822927
 -2.203856 -0.979142 -1.248805 -1.482177
 -1.498264 -1.300524 -1.153424 -1.668451
 -1.342709 -1.392185 -1.156555 -1.738620
 -1.515482 -1.019115 -1.277609 -1.961265
 -1.971208 -1.164312 -1.060003 -1.598896
 -1.212721 -1.373096 -1.516667 -1.470331
 -1.314739 -1.441326 -1.302016 -1.501216
 -1.209288 -1.134807 -1.500110 -1.851507
 -1.803554 -1.181521 -1.300214 -1.362569
 -1.612541 -1.210739 -1.100254 -1.772804
 -1.605099 -1.103144 -1.311590 -1.619928
 -1.491897 -0.960545 -1.542358 -1.723202
 -2.204188 -0.953524 -1.224933 -1.558260
 -1.555044 -1.318268 -1.099389 -1.670532
 -1.356104 -1.371982 -1.138735 -1.780763
 -1.543885 -1.072758 -1.257840 -1.831840
 -2.029953 -1.125496 -1.066928 -1.608923
 -1.220819 -1.430539 -1.473347 -1.441070
 -1.328165 -1.425469 -1.315797 -1.485536
 -1.278398 -1.146378 -1.439529 -1.791606
 -1.795352 -1.167408 -1.290859 -1.395440
 -1.571663 -1.187521 -1.162588 -1.744983
 -1.593638 -1.123419 -1.315693 -1.592777
 -1.492943 -0.925016 -1.579017 -1.756854
 -2.178760 -0.932905 -1.296786 -1.514128
 -1.522702 -1.286805 -1.138067 -1.685839
 -1.360619 -1.392783 -1.140484 -1.740397
 -1.548093 -1.039505 -1.276446 -1.866332
 -2.086039 -1.134137 -1.031848 -1.620628
 -1.265646 -1.353689 -1.519858 -1.423314
 -1.329537 -1.494283 -1.303228 -1.429882
 -1.229932 -1.164410 -1.474297 -1.791913
 -1.777268 -1.194198 -1.284521 -1.381623
 -1.549055 -1.174471 -1.205714 -1.719864
 -1.564646 -1.110041 -1.333050 -1.621405
 -1.502806 -0.903651 -1.578607 -1.794895
 -2.217830 -0.920957 -1.273821 -1.545260
 -1.542305 -1.226872 -1.129756 -1.773180
 -1.392274 -1.362726 -1.076501 -1.865992
 -1.647698 -1.028289 -1.224145 -1.858668
 -2.012974 -1.111044 -1.009993 -1.754620
 -1.204288 -1.395301 -1.568521 -1.410657
 -1.235734 -1.412026 -1.408099 -1.509043
 -1.153047 -1.204709 -1.543245 -1.766905
 -1.741639 -1.226364 -1.345941 -1.305212
 -1.405382 -1.258970 -1.321412 -1.589527
 -1.520133 -1.092546 -1.513607 -1.487924
 -1.360427 -0.946214 -1.760143 -1.697064
 -2.464802 -0.955199 -1.240564 -1.422885
 -17.563602 -17.563602 0.000000 -17.563602
 -18.076357 -18.076357 0.000000 -18.076357
 -17.705696 -17.705696 0.000000 -17.705696
 -17.598791 -17.598791 0.000000 -17.598791
 -1.386294 -1.386294 -1.386294 -1.386294
 -1.386294 -1.386294 -1.386294 -1.386294
 -1.266288 -1.110320 -1.536234 -1.751689
 -1.386294 -1.386294 -1.386294 -1.386294
 -1.585131 -1.175477 -1.106038 -1.860851
 -1.614308 -1.078645 -1.335914 -1.619499
 -1.529759 -0.819588 -1.773669 -1.753944
 -1.991964 -0.856472 -1.423024 -1.619836
 -1.404495 -1.320379 -1.205310 -1.671974
 -1.389202 -1.405210 -1.093873 -1.769058
 -1.546474 -0.992163 -1.317352 -1.907947
 -1.911087 -1.219757 -1.026885 -1.616172
 -1.215901 -1.388493 -1.521019 -1.445547
 -1.244050 -1.455121 -1.395505 -1.466615
 -1.238012 -1.133715 -1.523749 -1.770129
 -1.713182 -1.175092 -1.345696 -1.384057
 -1.666512 -1.282362 -1.026200 -1.740984
 -1.660281 -1.235716 -1.267445 -1.436587
 -1.532876 -0.964252 -1.524276 -1.687187
 -2.226588 -1.033485 -1.240834 -1.397574
 -1.576218 -1.217963 -1.180905 -1.658569
 -1.441031 -1.366332 -1.122519 -1.699271
 -1.531539 -1.001504 -1.344574 -1.859052
 -2.056661 -1.132117 -1.038042 -1.631570
 -1.235433 -1.509480 -1.544765 -1.291332
 -1.255514 -1.536059 -1.318621 -1.459557
 -1.294853 -1.169723 -1.442541 -1.718794
 -1.747779 -1.253576 -1.219074 -1.407094
 -1.754101 -1.292663 -0.878721 -1.987155
 -1.757633 -1.287901 -0.989057 -1.716071
 -1.607322 -0.998831 -1.250744 -1.931194
 -1.932527 -1.164007 -1.066209 -1.616090
 -17.392061 0.000000 -17.392061 -17.392061
 -17.963554 0.000000 -17.963554 -17.963554
 -18.110071 0.000000 -18.110071 -18.110071
 -17.336859 0.000000 -17.336859 -17.336859
 -1.386294 -1.386294 -1.386294 -1.386294
 0.000000 -19.144308 -19.144308 -19.144308
 -1.386294 -1.386294 -1.386294 -1.386294
 -1.386294 -1.386294 -1.386294 -1.386294
 -19.144308 -19.144308 0.000000 -19.144308
 -1.386294 -1.386294 -1.386294 -1.386294
 -1.386294 -1.386294 -1.386294 -1.386294
 -1.386294 -1.386294 -1.386294 -1.386294
 -1.386294 -1.386294 -1.386294 -1.386294
 -1.386294 -1.386294 -1.386294 -1.386294
 -1.558569 -0.903233 -1.428241 -1.933954
 -1.386294 -1.386294 -1.386294 -1.386294
 -1.314923 -1.255764 -1.458684 -1.541290
 -1.256720 -1.417410 -1.364982 -1.524693
 -1.263645 -1.093567 -1.619196 -1.691185
 -1.631827 -1.090261 -1.371973 -1.538546
 -1.483380 -1.310816 -1.127264 -1.716953
 -1.561445 -1.234681 -1.241674 -1.559032
 -1.509628 -0.935540 -1.534993 -1.765059
 -2.095149 -0.995278 -1.273564 -1.480628
