 -1.427470 0.000100 0.000100 0.000100
 -1.310671 0.000100 0.000100 0.000100
 -1.463510 0.000100 0.000100 0.000100
 -1.350837 0.000100 0.000100 0.000100
 -1.360092 -1.549333 -1.360092 -1.293401
 -1.130616 -1.708692 -1.476891 -1.317827
 -1.194841 -1.324052 -1.695614 -1.395511
 -1.585145 -1.508184 -1.193104 -1.307514
 -1.325670 -1.593933 -1.484734 -1.188469
 -1.376633 -1.801514 -1.638996 -0.945851
 -1.526056 -0.916292 -1.526056 -1.800491
 -1.650259 -1.461018 -1.427116 -1.090645
 -1.053763 -1.646824 -1.433251 -1.513294
 -1.512588 -1.336698 -1.635189 -1.133099
 -1.277095 -0.883192 -2.246490 -1.599868
 -1.722765 -1.330725 -1.252763 -1.304056
 -1.107124 -1.304949 -1.726161 -1.512588
 -1.356441 -1.550597 -1.448815 -1.219241
 -1.049823 -1.108664 -2.040217 -1.660730
 -1.299283 -2.023199 -1.184873 -1.240443
 -1.098613 -1.187560 -1.953025 -1.514772
 -1.257361 -1.600305 -1.746907 -1.080431
 -1.098613 -1.128466 -1.916920 -1.629239
 -1.521026 -1.560247 -1.223776 -1.282616
 -1.289668 -1.263692 -1.631416 -1.400893
 -1.444888 -1.516347 -1.816450 -0.962038
 -1.353142 -0.877720 -2.003726 -1.655422
 -1.576914 -1.576914 -1.299283 -1.158205
 -1.007264 -1.449095 -2.179979 -1.248425
 -1.418043 -1.556193 -1.961656 -0.900788
 -1.430746 -0.938271 -1.688574 -1.688574
 -1.301737 -2.022280 -1.000633 -1.478667
 -1.386294 -1.011602 -2.110210 -1.327454
 -1.248145 -1.974078 -2.043071 -0.810932
 -1.366092 -1.088461 -1.812377 -1.406914
 -1.306830 -1.845825 -1.226788 -1.279431
 -0.978167 -1.190728 -1.995098 -1.692818
 -1.360977 -2.123113 -2.123113 -0.684638
 -1.803591 -0.753774 -1.552279 -1.877699
 -1.332227 -1.834317 -1.119666 -1.386294
 -1.170933 -0.947790 -2.294858 -1.601715
 -1.854558 -2.179979 -1.749198 -0.586051
 -1.268512 -0.953432 -2.367117 -1.428854
 -1.291679 -1.617100 -1.348837 -1.319849
 -1.240443 -1.058122 -1.905417 -1.537694
 -1.468986 -2.128228 -2.271328 -0.602177
 -1.286211 -0.804375 -2.251285 -1.765782
 -1.085190 -1.819157 -1.283641 -1.500704
 -1.076634 -0.954032 -2.602683 -1.609437
 -1.609437 -1.854558 -2.036879 -0.667396
 -1.290985 -0.885521 -2.302577 -1.548812
 -1.259881 -1.813264 -1.120119 -1.483024
 -1.068536 -0.867865 -3.776555 -1.542992
 -2.003066 -1.339774 -1.945908 -0.775840
 -0.935462 -1.073612 -2.423528 -1.730388
 -1.055128 -1.727220 -1.321756 -1.573070
 -0.971351 -0.798509 -2.862191 -2.169050
 -1.323556 -1.567178 -1.798978 -1.022452
 -1.214445 -1.268512 -1.519825 -1.593932
 -1.163151 -1.907589 -1.114361 -1.556193
 -1.112127 -0.943504 -2.924495 -1.477586
 -1.248895 -1.815288 -1.815288 -0.947790
 -1.170072 -1.330414 -1.900956 -1.287855
 -1.296144 -1.367602 -1.444563 -1.444563
 -1.400479 -0.878291 -2.557925 -1.344909
 -1.333452 -1.458615 -1.724317 -1.122144
 -1.565634 -0.985819 -1.719784 -1.432104
 -1.799305 -1.306830 -1.335001 -1.201470
 -1.562917 -0.990400 -2.256060 -1.157454
 -1.321756 -1.181994 -1.643339 -1.455287
 -1.027155 -1.450010 -1.909539 -1.349927
 -2.014900 -1.121086 -1.216396 -1.408767
 -1.395511 -1.290151 -1.858132 -1.136001
 -1.413693 -1.308333 -1.819157 -1.126012
 -1.430746 -1.056054 -1.813736 -1.386294
 -1.668526 -1.140460 -1.277661 -1.545924
 -13.892475 -13.892475 -13.892475 -0.000003
 -14.159103 -14.159103 -14.159103 -0.000002
 -13.710155 -13.710155 -13.710155 -0.000003
 -14.093145 -14.093145 -14.093145 -0.000002
 -1.386294 -1.386294 -1.386294 -1.386294
 -1.386294 -1.386294 -1.386294 -1.386294
 -1.386294 -1.386294 -1.386294 -1.386294
 -2.242834 -1.054992 -1.409926 -1.199031
 -13.122372 -13.122372 -13.122372 -0.000006
 -14.310209 -14.310209 -14.310209 -0.000002
 -13.955276 -13.955276 -13.955276 -0.000003
 -14.166170 -14.166170 -14.166170 -0.000002
 -1.386294 -1.386294 -1.386294 -1.386294
 -1.386294 -1.386294 -1.386294 -1.386294
 -1.386294 -1.386294 -1.386294 -1.386294
 -1.427470 -1.111433 -1.500898 -1.569890
 -13.937732 -13.937732 -13.937732 -0.000003
 -14.253768 -14.253768 -14.253768 -0.000002
 -13.864305 -13.864305 -13.864305 -0.000003
 -13.795312 -13.795312 -13.795312 -0.000003
 -1.386294 -1.386294 -1.386294 -1.386294
 -1.386294 -1.386294 -1.386294 -1.386294
 -1.386294 -1.386294 -1.386294 -1.386294
 -0.000001 -15.365199 -15.365199 -15.365199
 -15.365199 -15.365199 -0.000001 -15.365199
 -1.386294 -1.386294 -1.386294 -1.386294
 -1.386294 -1.386294 -1.386294 -1.386294
 -1.386294 -1.386294 -1.386294 -1.386294
 -1.386294 -1.386294 -1.386294 -1.386294
 -1.386294 -1.386294 -1.386294 -1.386294
 -1.257018 -1.580147 -1.264509 -1.482029
 -1.386294 -1.386294 -1.386294 -1.386294
 -1.639742 -1.047693 -2.499938 -0.985818
 -1.439216 -1.316615 -1.530188 -1.278875
 -1.424613 -1.019149 -1.999975 -1.335001
 -2.187917 -1.207094 -1.453953 -1.035244
 -1.036093 -1.536867 -2.134699 -1.165305
 -1.533930 -1.533930 -1.392852 -1.138618
 -1.098614 -1.139435 -1.484274 -2.120258
 -1.832580 -1.399717 -1.576648 -0.950193
 -1.429078 0.000100 0.000100 0.000100
 -1.426015 0.000100 0.000100 0.000100
 -1.352344 0.000100 0.000100 0.000100
 -1.341044 0.000100 0.000100 0.000100
 -1.298261 -1.552791 -1.417449 -1.298261
 -1.136000 -1.555853 -1.433251 -1.472472
 -1.228902 -1.309754 -1.519826 -1.519826
 -1.764056 -1.655423 -1.183583 -1.104246
 -1.226573 -1.576468 -1.380723 -1.391897
 -1.430444 -1.444430 -1.473004 -1.218474
 -1.360394 -1.155599 -1.431011 -1.663343
 -1.708935 -1.298355 -1.340028 -1.258350
 -1.224382 -1.417066 -1.468359 -1.455287
 -1.306909 -1.584120 -1.429969 -1.255616
 -1.444683 -1.292342 -1.348222 -1.470325
 -1.609438 -1.526056 -1.238374 -1.228424
 -1.243978 -1.472237 -1.472237 -1.374598
 -1.265382 -1.654317 -1.310844 -1.358472
 -1.295448 -1.139795 -1.545259 -1.644632
 -1.477669 -1.697730 -1.237389 -1.208679
 -1.205806 -1.502705 -1.490435 -1.375365
 -1.504077 -1.408767 -1.489893 -1.177862
 -1.343246 -1.177922 -1.527817 -1.541423
 -1.788831 -1.321023 -1.278006 -1.246915
 -1.364985 -1.521145 -1.364985 -1.306488
 -1.294586 -1.426646 -1.438480 -1.391960
 -1.285915 -1.210204 -1.555044 -1.540445
 -1.681411 -1.504077 -1.301137 -1.141172
 -1.273816 -1.673976 -1.435084 -1.221992
 -1.316499 -1.474401 -1.514675 -1.261840
 -1.319506 -1.173414 -1.559647 -1.545462
 -1.609438 -1.321756 -1.431757 -1.222665
 -1.363305 -1.352005 -1.523153 -1.318853
 -1.357138 -1.269169 -1.618353 -1.334410
 -1.278994 -1.128171 -1.590206 -1.638996
 -1.754619 -1.213023 -1.569697 -1.134380
 -1.219477 -1.493366 -1.466337 -1.389376
 -1.487714 -1.433056 -1.303522 -1.331960
 -1.379227 -1.077559 -1.467520 -1.729883
 -1.775230 -1.595644 -1.241713 -1.082083
 -1.402193 -1.569247 -1.402193 -1.205025
 -1.295323 -1.447663 -1.435084 -1.374460
 -1.441946 -1.216395 -1.406439 -1.504077
 -1.673043 -1.560247 -1.262615 -1.141538
 -1.519826 -1.398873 -1.563628 -1.123930
 -1.361903 -1.374024 -1.518064 -1.303407
 -1.400893 -1.321756 -1.499739 -1.332685
 -1.775759 -1.323774 -1.500053 -1.074707
 -1.444430 -1.389622 -1.430444 -1.288270
 -1.331032 -1.397723 -1.374995 -1.444790
 -1.340385 -1.340385 -1.366360 -1.507439
 -1.889022 -1.401037 -1.271225 -1.133355
 -1.412963 -1.728043 -1.347580 -1.142317
 -1.354546 -1.501149 -1.462435 -1.246915
 -1.268511 -1.469182 -1.494183 -1.331032
 -1.692461 -1.502705 -1.205806 -1.224325
 -1.462280 -1.327106 -1.516347 -1.260414
 -1.442647 -1.400088 -1.616310 -1.144155
 -1.403787 -1.183000 -1.528950 -1.464412
 -1.688426 -1.425009 -1.435591 -1.088537
 -1.524078 -1.396245 -1.307014 -1.331706
 -1.301137 -1.479385 -1.431757 -1.342809
 -1.622906 -1.257792 -1.396379 -1.305995
 -1.740466 -1.435084 -1.270463 -1.184941
 -1.285724 -1.490518 -1.537038 -1.261332
 -1.298295 -1.438056 -1.354175 -1.463374
 -1.224906 -1.326002 -1.438480 -1.592631
 -1.698138 -1.525526 -1.327075 -1.095963
 -1.292562 -1.427598 -1.569772 -1.282091
 -1.380102 -1.320204 -1.631416 -1.252763
 -1.480408 -1.176412 -1.577034 -1.356794
 -1.678629 -1.452505 -1.501296 -1.031292
 -1.370742 -1.322540 -1.461126 -1.395743
 -1.230540 -1.505483 -1.397594 -1.432279
 -1.386294 -1.194627 -1.358515 -1.659990
 -1.553801 -1.269064 -1.589733 -1.192431
 -15.042224 -15.042224 -15.042224 -0.000001
 -15.104744 -15.104744 -15.104744 -0.000001
 -14.969243 -14.969243 -14.969243 -0.000001
 -15.039288 -15.039288 -15.039288 -0.000001
 -1.386294 -1.386294 -1.386294 -1.386294
 -1.386294 -1.386294 -1.386294 -1.386294
 -1.386294 -1.386294 -1.386294 -1.386294
 -1.512192 -1.469772 -1.395892 -1.197382
 -14.914124 -14.914124 -14.914124 -0.000001
 -14.956545 -14.956545 -14.956545 -0.000001
 -15.030424 -15.030424 -15.030424 -0.000001
 -15.228934 -15.228934 -15.228934 -0.000001
 -1.386294 -1.386294 -1.386294 -1.386294
 -1.386294 -1.386294 -1.386294 -1.386294
 -1.386294 -1.386294 -1.386294 -1.386294
 -1.327097 -1.190109 -1.718807 -1.381164
 -15.099219 -15.099219 -15.099219 -0.000001
 -15.236207 -15.236207 -15.236207 -0.000001
 -14.707510 -14.707510 -14.707510 -0.000001
 -15.045153 -15.045153 -15.045153 -0.000001
 -1.386294 -1.386294 -1.386294 -1.386294
 -1.386294 -1.386294 -1.386294 -1.386294
 -1.386294 -1.386294 -1.386294 -1.386294
 -0.000000 -16.426315 -16.426315 -16.426315
 -16.426315 -16.426315 -0.000000 -16.426315
 -1.386294 -1.386294 -1.386294 -1.386294
 -1.386294 -1.386294 -1.386294 -1.386294
 -1.386294 -1.386294 -1.386294 -1.386294
 -1.386294 -1.386294 -1.386294 -1.386294
 -1.386294 -1.386294 -1.386294 -1.386294
 -1.102293 -1.170970 -1.769238 -1.674711
 -1.386294 -1.386294 -1.386294 -1.386294
 -1.285369 -1.301498 -1.528715 -1.450243
 -1.232821 -1.429885 -1.545195 -1.362874
 -1.272350 -1.212631 -1.891388 -1.303603
 -1.351609 -1.382380 -1.570971 -1.264598
 -1.264707 -1.674856 -1.437726 -1.228006
 -1.233345 -1.560247 -1.423388 -1.355947
 -1.250953 -1.509527 -1.250953 -1.577349
 -1.377735 -1.696188 -1.333283 -1.201112
