 -1.369200 0.000100 0.000100 0.000100
 -1.227230 0.000100 0.000100 0.000100
 -1.514912 0.000100 0.000100 0.000100
 -1.457753 0.000100 0.000100 0.000100
 -1.284330 -1.205858 -1.512588 -1.592630
 -1.467972 -1.329136 -1.310787 -1.446919
 -1.159238 -1.223776 -1.629240 -1.629240
 -1.829498 -1.374024 -1.098613 -1.374024
 -1.058262 -1.580450 -1.734600 -1.307157
 -1.202248 -1.549118 -1.255357 -1.599128
 -1.087440 -1.397594 -1.544197 -1.598264
 -1.459906 -1.642227 -1.111600 -1.405839
 -1.171638 -1.202409 -1.647720 -1.623622
 -1.455287 -1.160488 -1.544899 -1.427116
 -1.207812 -1.188764 -1.662547 -1.575536
 -1.701607 -1.307704 -1.177084 -1.431318
 -1.143564 -1.353859 -1.593088 -1.515127
 -1.173836 -1.272276 -1.749199 -1.440898
 -1.236763 -1.036093 -1.711220 -1.747587
 -1.805003 -1.173733 -1.497520 -1.195240
 -1.473305 -1.179958 -1.890198 -1.163151
 -1.238374 -1.325386 -1.362427 -1.669157
 -1.349927 -0.879924 -2.014900 -1.647177
 -1.909541 -1.062245 -1.621860 -1.175574
 -1.181728 -1.142507 -1.761545 -1.597242
 -1.342998 -1.342998 -1.528714 -1.342998
 -1.219241 -0.857451 -1.938361 -1.992428
 -1.553868 -1.194494 -1.272966 -1.581267
 -1.195005 -1.349155 -1.723847 -1.349155
 -1.159521 -1.522426 -1.632427 -1.299283
 -1.757857 -0.916292 -1.841238 -1.313172
 -1.848111 -1.199417 -1.294727 -1.320045
 -1.110241 -1.415622 -1.857453 -1.303144
 -1.177394 -1.677348 -2.197222 -0.931559
 -0.891424 -1.567178 -2.161882 -1.323556
 -1.488077 -1.488077 -1.464546 -1.148210
 -1.428654 -1.945909 -2.244401 -0.670368
 -1.678430 -1.226446 -1.576648 -1.160488
 -1.424035 -1.591088 -1.974078 -0.875470
 -1.526961 -1.591500 -1.427871 -1.080675
 -0.976510 -1.992428 -0.976510 -2.203736
 -1.242255 -3.009905 -0.812694 -1.521839
 -0.852779 -3.012248 -0.932821 -2.031430
 -1.052911 -2.919566 -0.685979 -2.369522
 -14.723771 -0.000001 -14.723771 -14.723771
 -13.102169 -0.000006 -13.102169 -13.102169
 -14.943683 -0.000001 -14.943683 -14.943683
 -13.710155 -0.000003 -13.710155 -13.710155
 -1.386294 -1.386294 -1.386294 -1.386294
 -2.467811 -2.538015 -3.367292 -0.220991
 -1.386294 -1.386294 -1.386294 -1.386294
 -1.386294 -1.386294 -1.386294 -1.386294
 -1.512587 -0.781704 -1.679640 -1.998090
 -1.116963 -1.609436 -1.704745 -1.234746
 -0.875475 -0.875475 -1.791751 -12.388411
 -0.416276 -3.279832 -1.333926 -3.233313
 -0.000001 -15.224056 -15.224056 -15.224056
 -0.000004 -13.444452 -13.444452 -13.444452
 -0.000002 -14.357838 -14.357838 -14.357838
 -0.000006 -13.038990 -13.038990 -13.038990
 -2.502297 -0.350945 -3.326471 -1.725068
 -1.386294 -1.386294 -1.386294 -1.386294
 -1.386294 -1.386294 -1.386294 -1.386294
 -1.386294 -1.386294 -1.386294 -1.386294
 -1.645154 -0.710850 -2.433600 -1.478101
 -0.968659 -1.374124 -1.812378 -1.589235
 -1.272967 -1.272967 -1.832572 -1.272967
 -1.452986 -1.293921 -1.524444 -1.293921
 -1.292156 -1.261384 -1.813451 -1.276651
 -1.088303 -1.311447 -1.679171 -1.573810
 -1.457753 -0.903444 -1.662547 -1.757856
 -1.778855 -0.942609 -1.426035 -1.602965
 -1.419817 -1.397344 -1.836710 -1.045124
 -1.427116 -1.445808 -1.524280 -1.181994
 -1.489151 -1.061709 -2.182295 -1.152680
 -2.105414 -1.412270 -1.024505 -1.288656
 -1.229233 -1.326871 -1.694595 -1.352847
 -1.397344 -1.375365 -2.068510 -0.984500
 -1.290375 -1.153799 -1.785069 -1.420427
 -1.858133 -1.555853 -1.273621 -1.040690
 -1.482832 -1.243603 -1.797912 -1.142507
 -1.747795 -1.156432 -1.655422 -1.138733
 -1.357307 -1.062508 -2.079439 -1.301737
 -2.130973 -1.126392 -1.751485 -0.958256
 -1.563975 -1.304465 -1.915371 -0.988612
 -1.613973 -1.208508 -1.996964 -1.003714
 -1.709067 -0.946929 -1.980999 -1.227230
 -2.004091 -1.019239 -1.566878 -1.218572
 -0.717841 -1.444888 -1.921810 -2.039593
 -1.102989 -1.541901 -1.051696 -2.255666
 -0.649852 -1.636344 -1.636344 -2.424796
 -1.222910 -1.472126 -0.976510 -2.306921
 -14.782495 -0.000001 -14.782495 -14.782495
 -14.240781 -0.000002 -14.240781 -14.240781
 -14.543061 -0.000002 -14.543061 -14.543061
 -13.500805 -0.000004 -13.500805 -13.500805
 -1.386294 -1.386294 -1.386294 -1.386294
 -0.000001 -15.755691 -15.755691 -15.755691
 -1.386294 -1.386294 -1.386294 -1.386294
 -1.386294 -1.386294 -1.386294 -1.386294
 -15.755691 -15.755691 -0.000000 -15.755691
 -1.386294 -1.386294 -1.386294 -1.386294
 -1.386294 -1.386294 -1.386294 -1.386294
 -1.386294 -1.386294 -1.386294 -1.386294
 -1.386294 -1.386294 -1.386294 -1.386294
 -1.386294 -1.386294 -1.386294 -1.386294
 -1.262146 -1.514912 -1.133704 -1.741328
 -1.386294 -1.386294 -1.386294 -1.386294
 -1.545534 -1.257852 -1.882005 -1.049098
 -1.852383 -1.269238 -1.316866 -1.223776
 -1.192139 -1.221992 -1.800727 -1.441354
 -2.095968 -0.997360 -1.193104 -1.585145
 -1.420427 -1.112127 -2.231354 -1.132746
 -1.219973 -1.475906 -1.540445 -1.339774
 -1.287855 -1.064711 -1.542746 -1.798679
 -1.890198 -1.197053 -1.407348 -1.197053
 -1.371859 0.000100 0.000100 0.000100
 -1.209295 0.000100 0.000100 0.000100
 -1.474292 0.000100 0.000100 0.000100
 -1.518607 0.000100 0.000100 0.000100
 -1.525692 -1.094073 -1.230715 -1.860492
 -1.457610 -1.289790 -1.301089 -1.515746
 -1.370294 -0.954303 -1.538431 -1.922989
 -2.035127 -0.983291 -1.279460 -1.527533
 -1.326955 -1.217898 -1.381937 -1.672522
 -1.278063 -1.315615 -1.251395 -1.789708
 -1.263692 -1.068632 -1.542186 -1.832581
 -1.757610 -1.082612 -1.289406 -1.544589
 -1.282371 -1.308602 -1.551881 -1.424725
 -1.258792 -1.335753 -1.466838 -1.503326
 -1.249185 -1.079970 -1.628434 -1.729239
 -1.707342 -1.032214 -1.530991 -1.401960
 -1.511516 -1.295512 -1.099485 -1.756638
 -1.476865 -1.212953 -1.359828 -1.524984
 -1.396029 -0.956373 -1.587085 -1.810228
 -2.358755 -0.945062 -1.234548 -1.487927
 -1.349107 -1.212814 -1.476337 -1.538533
 -1.321931 -1.329836 -1.301151 -1.626375
 -1.389678 -0.987609 -1.456253 -1.929159
 -2.007860 -1.130931 -1.164330 -1.465945
 -1.213202 -1.250305 -1.581294 -1.557652
 -1.374530 -1.207925 -1.431688 -1.563893
 -1.273345 -1.070663 -1.604137 -1.735783
 -1.779868 -1.195239 -1.335001 -1.325951
 -1.540142 -1.323802 -1.055939 -1.762227
 -1.456894 -1.238262 -1.269761 -1.628342
 -1.544197 -0.964953 -1.393470 -1.849579
 -2.168236 -1.026140 -1.180290 -1.513930
 -1.435085 -1.228665 -1.444888 -1.454790
 -1.288488 -1.315085 -1.426152 -1.534194
 -1.339845 -0.952399 -1.554837 -1.958459
 -1.931149 -1.058534 -1.255244 -1.500367
 -1.272691 -1.366284 -1.428561 -1.490693
 -1.422715 -1.434655 -1.321219 -1.370680
 -1.294148 -1.120077 -1.649817 -1.572484
 -1.904902 -1.151130 -1.349761 -1.288872
 -1.658709 -1.239866 -1.038893 -1.793684
 -1.567292 -1.369874 -1.130575 -1.539893
 -1.642547 -1.040018 -1.323194 -1.677815
 -1.885342 -1.224352 -0.986932 -1.706190
 -15.907375 -0.000000 -15.907375 -15.907375
 -16.367296 -0.000000 -16.367296 -16.367296
 -16.471565 -0.000000 -16.471565 -16.471565
 -15.914756 -0.000000 -15.914756 -15.914756
 -1.386294 -1.386294 -1.386294 -1.386294
 -1.229608 -1.303291 -1.396734 -1.668376
 -1.386294 -1.386294 -1.386294 -1.386294
 -1.386294 -1.386294 -1.386294 -1.386294
 -1.201608 -1.330277 -1.087623 -2.324125
 -1.212791 -1.141135 -1.308673 -2.180375
 -1.408937 -0.784919 -1.620695 -2.285933
 -2.457143 -0.660634 -1.285104 -2.110519
 -0.000000 -16.179192 -16.179192 -16.179192
 -0.000000 -16.601755 -16.601755 -16.601755
 -0.000000 -16.286150 -16.286150 -16.286150
 -0.000001 -15.352379 -15.352379 -15.352379
 -1.243117 -1.346701 -1.439618 -1.539907
 -1.386294 -1.386294 -1.386294 -1.386294
 -1.386294 -1.386294 -1.386294 -1.386294
 -1.386294 -1.386294 -1.386294 -1.386294
 -1.496109 -1.304899 -1.046399 -1.873403
 -1.458970 -1.186673 -1.175112 -1.874023
 -1.347149 -0.991598 -1.466337 -1.978570
 -1.958911 -1.050284 -1.188662 -1.587085
 -1.340548 -1.218259 -1.434234 -1.588384
 -1.293540 -1.217746 -1.367043 -1.743278
 -1.240596 -1.100144 -1.410299 -2.010704
 -1.902394 -1.117440 -1.194927 -1.509833
 -1.268211 -1.351732 -1.522276 -1.420227
 -1.230454 -1.357138 -1.441019 -1.542914
 -1.286727 -1.026376 -1.722045 -1.677593
 -1.733293 -1.141400 -1.456784 -1.305849
 -1.679800 -1.225694 -1.077069 -1.717900
 -1.506039 -1.170071 -1.334374 -1.586965
 -1.427649 -1.008939 -1.473112 -1.793894
 -2.273156 -1.052326 -1.154742 -1.457791
 -1.359882 -1.278018 -1.345764 -1.587776
 -1.267726 -1.373645 -1.321933 -1.615823
 -1.265666 -1.026739 -1.564777 -1.892855
 -1.861257 -1.134587 -1.218606 -1.481369
 -1.212856 -1.549944 -1.330255 -1.487293
 -1.253911 -1.523000 -1.329051 -1.461757
 -1.215829 -1.145003 -1.559052 -1.743099
 -1.704146 -1.195973 -1.398416 -1.314254
 -1.786670 -1.164512 -0.917142 -2.114047
 -1.518932 -1.290091 -1.145260 -1.673083
 -1.393785 -1.026639 -1.314321 -2.079441
 -1.829738 -1.089339 -1.098612 -1.773297
 -15.970756 -0.000000 -15.970756 -15.970756
 -16.443073 -0.000000 -16.443073 -16.443073
 -16.479958 -0.000000 -16.479958 -16.479958
 -15.687313 -0.000001 -15.687313 -15.687313
 -1.386294 -1.386294 -1.386294 -1.386294
 0.000000 -17.584356 -17.584356 -17.584356
 -1.386294 -1.386294 -1.386294 -1.386294
 -1.386294 -1.386294 -1.386294 -1.386294
 -17.584356 -17.584356 0.000000 -17.584356
 -1.386294 -1.386294 -1.386294 -1.386294
 -1.386294 -1.386294 -1.386294 -1.386294
 -1.386294 -1.386294 -1.386294 -1.386294
 -1.386294 -1.386294 -1.386294 -1.386294
 -1.386294 -1.386294 -1.386294 -1.386294
 -1.367320 -0.983217 -1.545303 -1.846057
 -1.386294 -1.386294 -1.386294 -1.386294
 -1.273354 -1.357721 -1.386294 -1.547110
 -1.212854 -1.374641 -1.490901 -1.493645
 -1.222910 -1.131619 -1.658228 -1.646928
 -1.668145 -1.064126 -1.422012 -1.491005
 -1.511234 -1.315067 -1.178026 -1.594450
 -1.363749 -1.299012 -1.323182 -1.583713
 -1.537733 -0.960002 -1.505096 -1.713441
 -1.976447 -0.975473 -1.291082 -1.563260
