 -1.282476 0.000100 0.000100 0.000100
 -1.333769 0.000100 0.000100 0.000100
 -1.444995 0.000100 0.000100 0.000100
 -1.498699 0.000100 0.000100 0.000100
 -1.082084 -1.115420 -1.637608 -1.974079
 -1.209838 -1.081221 -1.845825 -1.586315
 -1.023106 -0.952901 -1.939394 -2.197221
 -1.885689 -0.969402 -1.393215 -1.510998
 -0.937683 -1.309922 -1.630828 -1.945909
 -1.035699 -1.268031 -1.753538 -1.658228
 -0.744442 -1.261132 -1.791758 -2.590259
 -1.695614 -1.194841 -1.555853 -1.194841
 -0.732540 -1.954530 -1.924677 -1.462054
 -0.865682 -1.625967 -2.376269 -1.239195
 -0.430785 -1.791758 -2.222538 -2.590259
 -1.782947 -1.360092 -1.469291 -1.063827
 -14.866334 -14.866334 -0.000001 -14.866334
 -13.981029 -13.981029 -0.000003 -13.981029
 -13.710155 -13.710155 -0.000003 -13.710155
 -14.253768 -14.253768 -0.000002 -14.253768
 -1.386294 -1.386294 -1.386294 -1.386294
 -1.386294 -1.386294 -1.386294 -1.386294
 -15.685774 -15.685774 -0.000000 -15.685774
 -1.386294 -1.386294 -1.386294 -1.386294
 -1.386294 -1.386294 -1.386294 -1.386294
 -1.386294 -1.386294 -1.386294 -1.386294
 -15.685774 -15.685774 -15.685774 -0.000000
 -1.386294 -1.386294 -1.386294 -1.386294
 -1.386294 -1.386294 -1.386294 -1.386294
 -1.386294 -1.386294 -1.386294 -1.386294
 -1.386294 -1.386294 -1.386294 -1.386294
 -0.000001 -15.685774 -15.685774 -15.685774
 -0.903279 -1.478220 -2.414989 -1.282476
 -1.386294 -1.386294 -1.386294 -1.386294
 -1.386294 -1.386294 -1.386294 -1.386294
 -1.386294 -1.386294 -1.386294 -1.386294
 -14.782495 -14.782495 -0.000001 -14.782495
 -14.207556 -14.207556 -0.000002 -14.207556
 -13.270790 -13.270790 -0.000005 -13.270790
 -14.403299 -14.403299 -0.000002 -14.403299
 -1.386294 -1.386294 -1.386294 -1.386294
 -1.386294 -1.386294 -1.386294 -1.386294
 -15.685774 -0.000001 -15.685774 -15.685774
 -1.386294 -1.386294 -1.386294 -1.386294
 -1.386294 -1.386294 -1.386294 -1.386294
 -1.304949 -1.351469 -1.942833 -1.118847
 -1.386294 -1.386294 -1.386294 -1.386294
 -1.386294 -1.386294 -1.386294 -1.386294
 -1.341843 -1.258461 -1.586965 -1.386294
 -1.172721 -1.410392 -1.722766 -1.317302
 -1.131403 -0.921683 -1.967647 -1.967647
 -1.693024 -1.245713 -1.405343 -1.262242
 -1.333804 -1.226174 -2.026949 -1.166751
 -1.147403 -1.098613 -1.909541 -1.604160
 -1.579360 -0.780854 -2.102605 -1.542992
 -2.197222 -1.136353 -1.504077 -1.062245
 -1.132746 -1.366360 -1.912902 -1.290375
 -1.945909 -0.857770 -1.722766 -1.368595
 -1.680533 -0.796333 -1.580450 -1.852382
 -2.325838 -0.882390 -1.632694 -1.227230
 -1.198243 -1.257083 -1.863216 -1.352393
 -1.465010 -1.262773 -1.764252 -1.156005
 -1.543298 -0.830350 -1.871800 -1.626679
 -1.927890 -1.062895 -1.810107 -1.062895
 -1.632252 0.000100 0.000100 0.000100
 -1.158650 0.000100 0.000100 0.000100
 -1.327884 0.000100 0.000100 0.000100
 -1.489152 0.000100 0.000100 0.000100
 -1.553348 -1.089044 -1.243194 -1.811176
 -1.429114 -1.429114 -1.023650 -1.822156
 -1.337842 -1.164571 -1.311174 -1.857716
 -1.742968 -1.386294 -1.098613 -1.420196
 -1.203973 -1.261132 -1.529395 -1.609437
 -1.448598 -1.340385 -1.477586 -1.290375
 -1.339774 -1.153673 -1.435084 -1.689976
 -2.251286 -1.152680 -1.152680 -1.335001
 -2.055722 -1.164753 -1.139435 -1.427116
 -1.717651 -1.336284 -1.466337 -1.118031
 -1.256617 -1.060873 -1.823010 -1.571697
 -1.962575 -1.361803 -1.212272 -1.184873
 -13.795312 -13.795312 -0.000003 -13.795312
 -14.260199 -14.260199 -0.000002 -14.260199
 -14.100693 -14.100693 -0.000002 -14.100693
 -14.187077 -14.187077 -0.000002 -14.187077
 -1.386294 -1.386294 -1.386294 -1.386294
 -1.386294 -1.386294 -1.386294 -1.386294
 -15.486984 -15.486984 -0.000001 -15.486984
 -1.386294 -1.386294 -1.386294 -1.386294
 -1.386294 -1.386294 -1.386294 -1.386294
 -1.386294 -1.386294 -1.386294 -1.386294
 -15.486984 -15.486984 -15.486984 -0.000001
 -1.386294 -1.386294 -1.386294 -1.386294
 -1.386294 -1.386294 -1.386294 -1.386294
 -1.386294 -1.386294 -1.386294 -1.386294
 -1.386294 -1.386294 -1.386294 -1.386294
 -0.000001 -15.486985 -15.486985 -15.486985
 -1.788007 -1.045535 -1.603814 -1.272697
 -1.386294 -1.386294 -1.386294 -1.386294
 -1.386294 -1.386294 -1.386294 -1.386294
 -1.386294 -1.386294 -1.386294 -1.386294
 -13.698981 -13.698981 -0.000003 -13.698981
 -14.441451 -14.441451 -0.000002 -14.441451
 -13.883173 -13.883173 -0.000003 -13.883173
 -14.214290 -14.214290 -0.000002 -14.214290
 -1.386294 -1.386294 -1.386294 -1.386294
 -1.386294 -1.386294 -1.386294 -1.386294
 -15.486985 -0.000001 -15.486985 -15.486985
 -1.386294 -1.386294 -1.386294 -1.386294
 -1.386294 -1.386294 -1.386294 -1.386294
 -1.464459 -1.371369 -1.356663 -1.356663
 -1.386294 -1.386294 -1.386294 -1.386294
 -1.386294 -1.386294 -1.386294 -1.386294
 -1.228666 -1.410987 -1.098613 -2.039593
 -1.609437 -1.216396 -1.378914 -1.378914
 -1.336462 -1.206409 -1.182312 -2.029607
 -1.784485 -1.256420 -1.158781 -1.454245
 -1.508184 -1.625966 -1.166435 -1.307514
 -0.985284 -1.643339 -1.272966 -1.875139
 -1.641186 -0.885520 -1.437587 -1.856296
 -1.609437 -1.021652 -1.272966 -1.832579
 -1.314321 -1.371479 -1.496642 -1.371479
 -1.577689 -1.305756 -1.172225 -1.546917
 -1.428258 -1.222407 -1.222407 -1.764730
 -1.630271 -1.048352 -1.316615 -1.684338
 -1.585145 -1.166435 -1.140460 -1.808287
 -1.180291 -1.419520 -1.138618 -2.034703
 -1.524696 -1.001449 -1.589235 -1.556445
 -2.135527 -0.871840 -1.333185 -1.609437
