 -1.145280 0.000100 0.000100 0.000100
 -1.456028 0.000100 0.000100 0.000100
 -1.563860 0.000100 0.000100 0.000100
 -1.429710 0.000100 0.000100 0.000100
 -1.054019 -1.507340 -1.422783 -1.666404
 -1.167606 -1.950363 -1.338563 -1.257218
 -1.088760 -1.045588 -1.940970 -1.781906
 -1.728845 -1.165752 -1.252763 -1.491174
 -0.902402 -1.630640 -1.528857 -1.704748
 -0.949767 -1.398717 -1.731861 -1.664420
 -0.886052 -1.239691 -1.537525 -2.484903
 -1.576338 -1.163151 -1.367246 -1.487390
 -1.061833 -1.738450 -1.492616 -1.371988
 -1.139941 -1.558144 -1.771718 -1.205324
 -0.632239 -1.643839 -1.931520 -2.036880
 -1.767661 -1.488948 -1.271225 -1.129575
 -1.777031 -1.709209 -0.843350 -1.516018
 -1.636106 -1.583462 -1.258040 -1.152680
 -1.270782 -1.493925 -0.896089 -2.444897
 -2.780883 -1.825375 -0.561685 -1.576914
 -14.310209 -14.310209 -0.000002 -14.310209
 -14.419828 -14.419828 -0.000002 -14.419828
 -15.243427 -15.243427 -0.000001 -15.243427
 -14.513647 -14.513647 -0.000001 -14.513647
 -1.386294 -1.386294 -1.386294 -1.386294
 -1.386294 -1.386294 -1.386294 -1.386294
 -16.082468 -16.082468 -16.082468 -0.000000
 -1.386294 -1.386294 -1.386294 -1.386294
 -1.386294 -1.386294 -1.386294 -1.386294
 -1.386294 -1.386294 -1.386294 -1.386294
 -1.386294 -1.386294 -1.386294 -1.386294
 -16.082468 -16.082468 -0.000000 -16.082468
 -1.386294 -1.386294 -1.386294 -1.386294
 -1.386294 -1.386294 -1.386294 -1.386294
 -0.447259 -1.319169 -3.375618 -2.829076
 -1.386294 -1.386294 -1.386294 -1.386294
 -15.635210 -15.635210 -0.000000 -15.635210
 -14.763302 -14.763302 -0.000001 -14.763302
 -12.706860 -12.706860 -0.000009 -12.706860
 -13.253399 -13.253399 -0.000005 -13.253399
 -1.386294 -1.386294 -1.386294 -1.386294
 -1.386294 -1.386294 -1.386294 -1.386294
 -16.082468 -16.082468 -16.082468 -0.000000
 -1.386294 -1.386294 -1.386294 -1.386294
 -1.386294 -1.386294 -1.386294 -1.386294
 -1.386294 -1.386294 -1.386294 -1.386294
 -1.386294 -1.386294 -1.386294 -1.386294
 -1.473965 -1.370870 -1.635686 -1.132335
 -1.842814 -1.164057 -1.548015 -1.149668
 -1.630057 -1.550014 -1.475906 -1.012622
 -1.365241 -1.002336 -1.547562 -1.802454
 -2.407586 -1.645448 -1.251157 -0.841954
 -1.177084 -1.137079 -2.178530 -1.355332
 -1.378326 -1.177656 -2.813406 -0.967585
 -1.242045 -0.914139 -2.227859 -1.596589
 -2.067170 -1.349927 -1.504077 -0.936557
 -1.609437 -1.174120 -1.680055 -1.188935
 -1.515619 -1.135345 -1.788486 -1.231676
 -1.129866 -0.860203 -2.159481 -1.977160
 -2.240063 -1.101844 -1.392767 -1.161862
 -1.182696 -1.333927 -1.858450 -1.293921
 -1.606356 -1.027154 -1.829499 -1.269884
 -1.302913 -0.910872 -1.919097 -1.718427
 -2.269912 -1.159468 -1.397426 -1.091260
 -1.549420 0.000100 0.000100 0.000100
 -1.336033 0.000100 0.000100 0.000100
 -1.237164 0.000100 0.000100 0.000100
 -1.450146 0.000100 0.000100 0.000100
 -1.425903 -1.626574 -1.217002 -1.320543
 -1.285651 -1.515912 -1.257677 -1.515912
 -1.283424 -1.174224 -1.413299 -1.768931
 -1.843631 -1.419817 -1.014352 -1.438166
 -1.485029 -1.250629 -1.185624 -1.705817
 -1.523125 -1.494688 -1.156881 -1.413926
 -1.625381 -1.145384 -1.225887 -1.652532
 -2.103195 -1.372308 -0.979266 -1.391000
 -1.813381 -1.424446 -1.188058 -1.232908
 -1.493753 -1.563347 -1.113822 -1.436595
 -1.459906 -1.146516 -1.531880 -1.452986
 -2.060392 -1.455974 -0.924740 -1.415565
 -1.187313 -1.367897 -1.641785 -1.399646
 -1.344745 -1.352528 -1.477170 -1.376244
 -1.312430 -1.245126 -1.546711 -1.469750
 -2.512304 -1.263212 -1.045969 -1.255886
 -15.299386 -15.299386 -0.000001 -15.299386
 -15.481330 -15.481330 -0.000001 -15.481330
 -15.384128 -15.384128 -0.000001 -15.384128
 -15.404747 -15.404747 -0.000001 -15.404747
 -1.386294 -1.386294 -1.386294 -1.386294
 -1.386294 -1.386294 -1.386294 -1.386294
 -16.780785 -16.780785 -16.780785 -0.000000
 -1.386294 -1.386294 -1.386294 -1.386294
 -1.386294 -1.386294 -1.386294 -1.386294
 -1.386294 -1.386294 -1.386294 -1.386294
 -1.386294 -1.386294 -1.386294 -1.386294
 -16.780785 -16.780785 -0.000000 -16.780785
 -1.386294 -1.386294 -1.386294 -1.386294
 -1.386294 -1.386294 -1.386294 -1.386294
 -1.928536 -1.113674 -1.312776 -1.357837
 -1.386294 -1.386294 -1.386294 -1.386294
 -14.852249 -14.852249 -0.000001 -14.852249
 -15.667110 -15.667110 -0.000000 -15.667110
 -15.468009 -15.468009 -0.000001 -15.468009
 -15.422947 -15.422947 -0.000001 -15.422947
 -1.386294 -1.386294 -1.386294 -1.386294
 -1.386294 -1.386294 -1.386294 -1.386294
 -16.780785 -16.780785 -16.780785 -0.000000
 -1.386294 -1.386294 -1.386294 -1.386294
 -1.386294 -1.386294 -1.386294 -1.386294
 -1.386294 -1.386294 -1.386294 -1.386294
 -1.386294 -1.386294 -1.386294 -1.386294
 -1.777430 -1.301347 -1.046881 -1.571507
 -1.618626 -1.350362 -1.516347 -1.129575
 -1.577748 -1.653976 -1.016823 -1.424909
 -1.567735 -1.353078 -1.220258 -1.435966
 -2.214746 -1.521600 -1.116135 -1.064463
 -1.504077 -1.321756 -1.270984 -1.467263
 -1.678430 -1.408767 -1.265061 -1.249435
 -1.296491 -1.302644 -1.578056 -1.393028
 -1.675225 -1.460114 -1.060040 -1.452082
 -1.568148 -1.311852 -1.204754 -1.502907
 -1.370165 -1.644602 -1.142233 -1.453547
 -1.463852 -1.125079 -1.565635 -1.447852
 -1.994493 -1.293800 -1.096553 -1.363867
 -1.512778 -1.468815 -1.213923 -1.376442
 -1.452252 -1.460551 -1.224163 -1.427761
 -1.282724 -1.238553 -1.391676 -1.691420
 -1.897119 -1.386294 -1.043630 -1.395028
