 -1.397680 0.000100 0.000100 0.000100
 -1.338403 0.000100 0.000100 0.000100
 -1.405343 0.000100 0.000100 0.000100
 -1.405343 0.000100 0.000100 0.000100
 -1.186319 -1.186319 -1.542992 -1.739702
 -1.002649 -1.500486 -1.350955 -1.889950
 -0.975715 -1.203973 -1.823010 -1.823010
 -1.689480 -1.017388 -1.500238 -1.466337
 -0.910213 -1.665878 -1.516347 -1.665878
 -0.765788 -1.529885 -1.472727 -2.417184
 -0.886052 -1.368903 -1.239691 -3.126744
 -1.720662 -1.088142 -1.418383 -1.418383
 -0.631076 -2.017367 -1.879218 -1.702287
 -0.924260 -1.578185 -2.063690 -1.309922
 -0.603537 -1.633154 -2.367118 -1.807506
 -1.112407 -1.294728 -1.805550 -1.457246
 -2.197223 -2.197223 -0.411436 -2.162132
 -1.540444 -1.812377 -0.974051 -1.406914
 -1.490090 -1.218158 -0.766175 -4.262586
 -3.592706 -1.472472 -0.457244 -2.206437
 -13.429854 -13.429854 -0.000004 -13.429854
 -13.710155 -13.710155 -0.000003 -13.710155
 -14.933927 -14.933927 -0.000001 -14.933927
 -13.400002 -13.400002 -0.000005 -13.400002
 -1.386294 -1.386294 -1.386294 -1.386294
 -1.386294 -1.386294 -1.386294 -1.386294
 -15.483218 -15.483218 -15.483218 -0.000001
 -1.386294 -1.386294 -1.386294 -1.386294
 -1.386294 -1.386294 -1.386294 -1.386294
 -1.386294 -1.386294 -1.386294 -1.386294
 -1.386294 -1.386294 -1.386294 -1.386294
 -15.483218 -15.483218 -0.000001 -15.483218
 -1.386294 -1.386294 -1.386294 -1.386294
 -1.386294 -1.386294 -1.386294 -1.386294
 -0.501436 -1.452595 -2.360853 -2.717527
 -1.386294 -1.386294 -1.386294 -1.386294
 -14.981783 -14.981783 -0.000001 -14.981783
 -14.030625 -14.030625 -0.000002 -14.030625
 -13.122372 -13.122372 -0.000006 -13.122372
 -12.765699 -12.765699 -0.000009 -12.765699
 -1.386294 -1.386294 -1.386294 -1.386294
 -1.386294 -1.386294 -1.386294 -1.386294
 -1.197703 -0.596124 -1.916168 -15.483218
 -1.386294 -1.386294 -1.386294 -1.386294
 -1.313974 -1.361602 -1.386294 -1.491655
 -1.091787 -1.222407 -1.784933 -1.599216
 -1.178656 -1.178656 -1.312187 -2.159478
 -1.386294 -1.386294 -1.386294 -1.386294
 -1.321756 -1.550597 -1.579584 -1.154702
 -1.406362 -1.210618 -1.490919 -1.461932
 -1.609437 -0.939282 -1.266494 -2.061419
 -1.599868 -1.312187 -1.699951 -1.060873
 -1.131403 -1.323774 -1.562184 -1.601405
 -1.328400 -1.146079 -1.881784 -1.328400
 -1.304949 -0.920538 -1.512588 -2.205731
 -2.355027 -0.912649 -1.661883 -1.158781
 -1.244795 -1.272966 -1.570217 -1.496109
 -1.359339 -1.066352 -1.712978 -1.520606
 -1.282916 -1.247825 -1.282916 -1.842530
 -1.905417 -1.240443 -1.212272 -1.330055
 -1.304465 -1.333452 -1.864078 -1.170933
 -1.868719 -0.868090 -1.686398 -1.424035
 -1.444888 -0.962038 -1.634130 -1.676689
 -1.662547 -1.015922 -1.495493 -1.495493
 -1.471771 0.000100 0.000100 0.000100
 -1.296972 0.000100 0.000100 0.000100
 -1.247752 0.000100 0.000100 0.000100
 -1.560774 0.000100 0.000100 0.000100
 -1.503083 -1.278152 -1.168657 -1.670137
 -1.496754 -1.402801 -1.094278 -1.632420
 -1.445251 -1.093853 -1.318660 -1.820803
 -2.000437 -1.184873 -1.032146 -1.596044
 -1.406220 -1.365899 -1.177012 -1.652436
 -1.446997 -1.455019 -1.120466 -1.583768
 -1.432358 -1.124802 -1.269900 -1.859964
 -1.877475 -1.228706 -1.104038 -1.501376
 -1.491064 -1.358442 -1.234310 -1.483817
 -1.504900 -1.437588 -1.225026 -1.399540
 -1.410514 -1.124953 -1.491163 -1.578890
 -1.991629 -1.291465 -1.198064 -1.248687
 -1.373951 -1.255980 -1.451318 -1.479124
 -1.558145 -1.243701 -1.180311 -1.640023
 -1.415439 -0.964705 -1.491135 -1.890683
 -2.515774 -1.321852 -0.833795 -1.522523
 -16.890055 -16.890055 -0.000000 -16.890055
 -17.333008 -17.333008 -0.000000 -17.333008
 -17.305328 -17.305328 -0.000000 -17.305328
 -16.877499 -16.877499 -0.000000 -16.877499
 -1.386294 -1.386294 -1.386294 -1.386294
 -1.386294 -1.386294 -1.386294 -1.386294
 -18.511343 -18.511343 -18.511343 0.000000
 -1.386294 -1.386294 -1.386294 -1.386294
 -1.386294 -1.386294 -1.386294 -1.386294
 -1.386294 -1.386294 -1.386294 -1.386294
 -1.386294 -1.386294 -1.386294 -1.386294
 -18.511343 -18.511343 0.000000 -18.511343
 -1.386294 -1.386294 -1.386294 -1.386294
 -1.386294 -1.386294 -1.386294 -1.386294
 -1.475758 -1.082486 -1.363272 -1.732624
 -1.386294 -1.386294 -1.386294 -1.386294
 -17.035585 -17.035585 -0.000000 -17.035585
 -17.428858 -17.428858 -0.000000 -17.428858
 -17.148071 -17.148071 -0.000000 -17.148071
 -16.778719 -16.778719 -0.000000 -16.778719
 -1.386294 -1.386294 -1.386294 -1.386294
 -1.386294 -1.386294 -1.386294 -1.386294
 -1.272222 -0.843136 -1.239832 -18.511343
 -1.386294 -1.386294 -1.386294 -1.386294
 -1.505219 -1.344169 -1.173372 -1.570443
 -1.407745 -1.512817 -1.159423 -1.508011
 -1.354309 -1.067238 -1.523031 -1.715535
 -1.386294 -1.386294 -1.386294 -1.386294
 -1.349281 -1.528699 -1.167686 -1.548015
 -1.397284 -1.483793 -1.190853 -1.505103
 -1.254850 -1.124276 -1.583479 -1.688839
 -1.907989 -1.320535 -1.063690 -1.429414
 -1.478044 -1.321282 -1.164898 -1.644190
 -1.463886 -1.456339 -1.068574 -1.649851
 -1.400442 -1.095743 -1.314835 -1.892448
 -1.869872 -1.253407 -1.004435 -1.639512
 -1.363153 -1.374657 -1.266655 -1.563279
 -1.427387 -1.506190 -1.124930 -1.543480
 -1.369277 -1.112728 -1.384009 -1.792904
 -1.945910 -1.277809 -1.126769 -1.368781
 -1.360858 -1.362404 -1.287854 -1.552808
 -1.457345 -1.486501 -1.204754 -1.422055
 -1.397637 -1.166666 -1.452338 -1.573137
 -1.983119 -1.258123 -1.107112 -1.395692
