 -1.343339 0.000100 0.000100 0.000100
 -1.347895 0.000100 0.000100 0.000100
 -1.522031 0.000100 0.000100 0.000100
 -1.343339 0.000100 0.000100 0.000100
 -1.024180 -1.145133 -1.501807 -2.302583
 -1.085007 -1.311534 -1.400088 -1.923335
 -1.056053 -1.225952 -1.343735 -2.324561
 -1.959639 -0.893819 -1.350576 -1.655957
 -0.751256 -1.581603 -1.524444 -2.255330
 -0.890974 -1.466337 -1.566420 -1.895899
 -0.860202 -1.405712 -1.487390 -2.246493
 -2.028145 -1.072638 -1.403994 -1.270463
 -0.568694 -2.116254 -2.278773 -1.556639
 -0.673730 -1.852383 -2.273595 -1.467972
 -0.571787 -1.858450 -1.967648 -1.967648
 -1.428495 -1.394593 -1.751267 -1.082219
 -15.264781 -15.264781 -0.000001 -15.264781
 -14.085541 -14.085541 -0.000002 -14.085541
 -13.835317 -13.835317 -0.000003 -13.835317
 -14.425279 -14.425279 -0.000002 -14.425279
 -1.386294 -1.386294 -1.386294 -1.386294
 -1.386294 -1.386294 -1.386294 -1.386294
 -15.947308 -15.947308 -0.000000 -15.947308
 -1.386294 -1.386294 -1.386294 -1.386294
 -1.386294 -1.386294 -1.386294 -1.386294
 -1.386294 -1.386294 -1.386294 -1.386294
 -15.947308 -15.947308 -15.947308 -0.000000
 -1.386294 -1.386294 -1.386294 -1.386294
 -1.386294 -1.386294 -1.386294 -1.386294
 -1.386294 -1.386294 -1.386294 -1.386294
 -1.386294 -1.386294 -1.386294 -1.386294
 -0.443548 -2.204367 -1.884937 -2.342517
 -0.995102 -1.106034 -2.250367 -1.639459
 -0.748412 -1.488077 -1.824547 -1.967647
 -0.960211 -1.633154 -1.188469 -2.143976
 -1.621859 -1.686397 -0.839103 -1.686397
 -0.770497 -1.402608 -14.943683 -1.233532
 -0.855667 -1.275946 -14.690981 -1.217959
 -1.245937 -0.809221 -14.193950 -1.320045
 -1.045969 -2.001478 -14.207556 -0.666480
 -1.636345 -1.371653 -1.337364 -1.241033
 -1.579198 -1.579198 -1.403994 -1.072637
 -1.386294 -1.386294 -1.386294 -1.386294
 -1.882730 -1.749199 -1.302913 -0.910871
 -1.259236 -1.432507 -1.609437 -1.282225
 -1.087624 -1.369856 -1.797299 -1.414307
 -1.543480 -1.234745 -1.299283 -1.501807
 -1.469827 -1.328749 -1.500599 -1.265033
 -1.670922 -1.040690 -1.600305 -1.359143
 -1.669502 -1.264037 -1.535970 -1.158677
 -1.177305 -1.061473 -1.459156 -2.175831
 -2.084059 -1.221015 -1.618697 -0.961057
 -1.652257 -1.289353 -1.267846 -1.380324
 -1.401332 -1.102351 -1.547935 -1.565635
 -1.492904 -0.992130 -1.570865 -1.626435
 -1.749199 -1.233387 -1.343735 -1.294945
 -1.230540 -1.444114 -1.626435 -1.289963
 -1.513449 -0.985817 -1.583653 -1.602003
 -1.069199 -1.333013 -1.565635 -1.692386
 -1.844126 -1.183770 -1.406914 -1.235064
 -1.291415 -1.192975 -1.638286 -1.480657
 -1.691115 -1.171816 -1.552279 -1.223776
 -1.609437 -1.082084 -1.479385 -1.455287
 -1.849215 -0.992745 -1.645617 -1.275871
 -1.436392 0.000100 0.000100 0.000100
 -1.194378 0.000100 0.000100 0.000100
 -1.450315 0.000100 0.000100 0.000100
 -1.492424 0.000100 0.000100 0.000100
 -1.504936 -1.181868 -1.153689 -1.859230
 -1.454700 -1.232711 -1.191471 -1.764606
 -1.540231 -0.991732 -1.328698 -1.897700
 -2.096308 -1.082307 -1.040053 -1.688255
 -1.211792 -1.345425 -1.467725 -1.553727
 -1.161986 -1.503084 -1.332897 -1.604548
 -1.388874 -1.138025 -1.293843 -1.858040
 -1.850812 -1.263852 -1.248814 -1.296519
 -1.176058 -1.433980 -1.682328 -1.319726
 -1.418199 -1.389081 -1.920634 -1.016023
 -1.158637 -1.178269 -2.171600 -1.330747
 -2.350041 -1.185002 -1.333059 -1.092968
 -18.568497 -18.568497 0.000000 -18.568497
 -18.660877 -18.660877 0.000000 -18.660877
 -18.197662 -18.197662 0.000000 -18.197662
 -18.773378 -18.773378 0.000000 -18.773378
 -1.386294 -1.386294 -1.386294 -1.386294
 -1.386294 -1.386294 -1.386294 -1.386294
 -19.958364 -19.958364 0.000000 -19.958364
 -1.386294 -1.386294 -1.386294 -1.386294
 -1.386294 -1.386294 -1.386294 -1.386294
 -1.386294 -1.386294 -1.386294 -1.386294
 -19.958364 -19.958364 -19.958364 0.000000
 -1.386294 -1.386294 -1.386294 -1.386294
 -1.386294 -1.386294 -1.386294 -1.386294
 -1.386294 -1.386294 -1.386294 -1.386294
 -1.386294 -1.386294 -1.386294 -1.386294
 -1.870503 -1.172069 -1.040004 -1.699497
 -1.720565 -1.158836 -1.402182 -1.342759
 -1.319867 -1.645030 -1.068005 -1.628984
 -1.609681 -1.221286 -1.108510 -1.742127
 -1.886905 -1.169614 -1.159818 -1.494192
 -1.070090 -1.041385 -18.391459 -1.190541
 -1.283701 -0.992422 -18.645662 -1.043239
 -1.090745 -0.909664 -18.813669 -1.341802
 -1.647458 -0.779038 -18.368229 -1.053789
 -1.587194 -1.287009 -1.117909 -1.647953
 -1.484316 -1.399266 -1.133585 -1.586270
 -1.386294 -1.386294 -1.386294 -1.386294
 -2.106833 -1.211911 -1.006902 -1.535256
 -1.270233 -1.513179 -1.356799 -1.420714
 -1.350425 -1.518118 -1.173263 -1.549331
 -1.394812 -1.271755 -1.168535 -1.826605
 -1.847404 -1.343402 -1.112795 -1.375320
 -1.350042 -1.334191 -1.376082 -1.492396
 -1.451773 -1.316904 -1.396812 -1.384308
 -1.275311 -1.140389 -1.572397 -1.642923
 -2.010641 -1.098201 -1.354687 -1.292445
 -1.594423 -1.306628 -1.082326 -1.674315
 -1.465974 -1.378492 -1.125739 -1.646225
 -1.530712 -1.036411 -1.341757 -1.786732
 -2.035155 -1.249020 -1.031380 -1.487046
 -1.320154 -1.381847 -1.376666 -1.472407
 -1.317822 -1.472204 -1.202016 -1.598124
 -1.377741 -1.203525 -1.248577 -1.827561
 -1.766503 -1.286868 -1.172087 -1.413805
 -1.397902 -1.279050 -1.398616 -1.479967
 -1.520404 -1.264041 -1.445503 -1.334693
 -1.309190 -1.119539 -1.600465 -1.600834
 -1.984353 -1.133859 -1.345188 -1.272071
