 -1.308656 0.000100 0.000100 0.000100
 -1.409159 0.000100 0.000100 0.000100
 -1.206488 0.000100 0.000100 0.000100
 -1.680817 0.000100 0.000100 0.000100
 -1.366570 -1.398319 -1.248787 -1.555161
 -1.347413 -1.364507 -1.297816 -1.553749
 -1.453234 -0.992893 -1.584570 -1.657329
 -2.157557 -1.127940 -1.221466 -1.324650
 -1.386294 -1.386294 -1.210404 -1.599868
 -1.287406 -1.382717 -1.200395 -1.760010
 -1.537694 -0.967150 -1.463586 -1.751267
 -1.801809 -1.272966 -1.139435 -1.448170
 -1.191589 -1.358643 -1.652403 -1.395684
 -1.191703 -1.487548 -1.471287 -1.424035
 -1.176777 -1.252763 -1.349390 -1.919934
 -1.721649 -0.953280 -1.786187 -1.316185
 -0.920130 -1.437386 -14.774862 -1.010644
 -1.000173 -1.195073 -14.774862 -1.110173
 -0.977535 -0.938821 -14.518610 -1.458120
 -1.634130 -0.892194 -14.533352 -0.928562
 -14.966084 -14.966084 -0.000001 -14.966084
 -14.927369 -14.927369 -0.000001 -14.927369
 -1.386294 -1.386294 -1.386294 -1.386294
 -14.943683 -14.943683 -0.000001 -14.943683
 -1.386294 -1.386294 -1.386294 -1.386294
 -1.386294 -1.386294 -1.386294 -1.386294
 -16.044449 -16.044449 -16.044449 -0.000000
 -1.386294 -1.386294 -1.386294 -1.386294
 -1.386294 -1.386294 -1.386294 -1.386294
 -1.386294 -1.386294 -1.386294 -1.386294
 -1.386294 -1.386294 -1.386294 -1.386294
 -1.202897 -1.387371 -1.387371 -1.608362
 -1.236763 -1.165304 -1.847021 -1.426519
 -1.319603 -1.514912 -1.457753 -1.272350
 -1.170072 -1.242045 -1.212631 -2.268681
 -2.006869 -1.397105 -1.165304 -1.182696
 -0.958851 -1.098613 -14.690981 -1.261131
 -1.014594 -1.131004 -14.735795 -1.156005
 -0.927465 -1.112036 -14.626443 -1.288966
 -1.391000 -1.017487 -14.571634 -0.942452
 -1.317917 -1.427116 -1.364985 -1.440020
 -1.232144 -1.324163 -1.632129 -1.399198
 -1.386294 -1.386294 -1.386294 -1.386294
 -1.744928 -1.428259 -1.282305 -1.176944
 -1.583574 -1.562521 -1.259335 -1.199616
 -1.472126 -1.658228 -1.085709 -1.417066
 -1.373049 -1.059392 -1.464857 -1.778513
 -1.419631 -1.471816 -1.277661 -1.386294
 -1.248144 -1.297741 -1.568616 -1.463255
 -1.508512 -1.246148 -1.549334 -1.277400
 -1.338048 -1.072345 -1.429019 -1.858581
 -1.722766 -1.627456 -1.134980 -1.192139
 -1.355111 -1.287289 -1.446919 -1.466337
 -1.348267 -1.409825 -1.378572 -1.409825
 -1.302211 -1.085541 -1.497520 -1.791759
 -1.876316 -1.259543 -1.308333 -1.228290
 -1.250493 -1.442384 -1.333185 -1.543480
 -1.219241 -1.417066 -1.271884 -1.704747
 -1.351808 -1.209838 -1.386294 -1.645155
 -1.642227 -1.390913 -1.319454 -1.236763
 -1.284245 -1.499954 -1.361803 -1.411400
 -1.313388 -1.297884 -1.394733 -1.560247
 -1.218929 -1.152680 -1.484036 -1.820508
 -1.752919 -1.197394 -1.479626 -1.213923
 -1.365908 0.000100 0.000100 0.000100
 -1.315269 0.000100 0.000100 0.000100
 -1.383841 0.000100 0.000100 0.000100
 -1.487951 0.000100 0.000100 0.000100
 -1.470048 -1.240473 -1.288117 -1.584508
 -1.542627 -1.154009 -1.366821 -1.532961
 -1.455287 -0.983946 -1.536134 -1.728097
 -2.023133 -1.022569 -1.322869 -1.419976
 -1.448772 -1.234036 -1.226547 -1.710793
 -1.422380 -1.325219 -1.156440 -1.723101
 -1.614184 -1.100792 -1.324283 -1.597778
 -1.970027 -1.136698 -1.076766 -1.614578
 -1.346331 -1.283001 -1.439164 -1.489539
 -1.324333 -1.358795 -1.389310 -1.479277
 -1.406592 -1.070372 -1.467275 -1.706008
 -1.574991 -1.216141 -1.464219 -1.326667
 -1.121471 -1.006673 -19.699669 -1.175168
 -1.308753 -0.846341 -19.875265 -1.201105
 -1.206853 -0.770602 -19.660097 -1.434946
 -2.143851 -0.693459 -19.584768 -0.959842
 -19.738724 -19.738724 0.000000 -19.738724
 -20.269026 -20.269026 0.000000 -20.269026
 -1.386294 -1.386294 -1.386294 -1.386294
 -19.912888 -19.912888 0.000000 -19.912888
 -1.386294 -1.386294 -1.386294 -1.386294
 -1.386294 -1.386294 -1.386294 -1.386294
 -21.097055 -21.097055 -21.097055 0.000000
 -1.386294 -1.386294 -1.386294 -1.386294
 -1.386294 -1.386294 -1.386294 -1.386294
 -1.386294 -1.386294 -1.386294 -1.386294
 -1.386294 -1.386294 -1.386294 -1.386294
 -1.949212 -0.891035 -1.456547 -1.540177
 -1.827075 -0.880080 -1.839772 -1.326091
 -1.354856 -1.556372 -1.090094 -1.635110
 -1.678851 -1.135393 -1.140369 -1.757852
 -2.132614 -1.157932 -1.197328 -1.326752
 -1.027199 -1.106513 -19.475689 -1.167058
 -1.074329 -1.068256 -19.851494 -1.155609
 -1.049497 -0.909211 -19.892303 -1.398187
 -1.418950 -0.906695 -19.559122 -1.037963
 -1.485060 -1.241271 -1.311225 -1.537094
 -1.529089 -1.216358 -1.387795 -1.438285
 -1.386294 -1.386294 -1.386294 -1.386294
 -2.044522 -1.048486 -1.303222 -1.392574
 -1.435860 -1.346696 -1.232367 -1.558794
 -1.396055 -1.434867 -1.148070 -1.624385
 -1.460670 -1.124021 -1.273602 -1.813227
 -1.956223 -1.236432 -1.085928 -1.467064
 -1.276785 -1.372460 -1.518154 -1.392438
 -1.362615 -1.386245 -1.378930 -1.418201
 -1.280437 -1.176205 -1.490130 -1.669752
 -1.836375 -1.168217 -1.362492 -1.295858
 -1.473739 -1.232128 -1.287858 -1.592580
 -1.512988 -1.193927 -1.373439 -1.498408
 -1.413349 -0.997693 -1.571617 -1.713495
 -1.997399 -1.051501 -1.329798 -1.384820
 -1.483404 -1.269864 -1.259445 -1.568034
 -1.383980 -1.380622 -1.194871 -1.633446
 -1.481791 -1.063125 -1.356813 -1.772458
 -1.884295 -1.198034 -1.167053 -1.448195
 -1.306242 -1.340524 -1.522581 -1.389068
 -1.363294 -1.408052 -1.400276 -1.374227
 -1.312139 -1.145159 -1.513782 -1.647622
 -1.786069 -1.227040 -1.331124 -1.290828
