#                                                                            --- full sequence --- -------------- this domain -------------   hmm coord   ali coord   env coord
# target name        accession   tlen query name           accession   qlen   E-value  score  bias   #  of  c-Evalue  i-Evalue  score  bias  from    to  from    to  from    to  acc description of target
#------------------- ---------- ----- -------------------- ---------- ----- --------- ------ ----- --- --- --------- --------- ------ ----- ----- ----- ----- ----- ----- ----- ---- ---------------------
GT90                 -            250 FUN_002920-T1        -            684   1.1e-65  217.2   0.1   1   1   2.8e-68     2e-65  216.3   0.1     2   248   408   676   407   677 0.93 -
GT15                 -            273 FUN_002931-T1        -            394    8e-118  388.3  10.9   1   1  1.3e-120  9.4e-118  388.0  10.9     3   272    76   352    74   353 0.99 -
AA6                  -            195 FUN_002934-T1        -            202     5e-84  276.0   0.1   1   1   8.8e-87   6.2e-84  275.7   0.1     1   193     3   198     3   199 0.98 -
AA5                  -           1281 FUN_002986-T1        -            162   2.7e-20   67.0   6.3   1   1   4.8e-23   3.4e-20   66.7   6.3    52   145    33   138    25   146 0.80 -
CBM66                -            155 FUN_003003-T1        -            476   2.6e-29   98.0   4.7   1   1   6.6e-32   4.6e-29   97.2   4.7     2   155   313   471   312   471 0.94 -
GH18                 -            296 FUN_003005-T1        -           1279   4.1e-53  176.5   4.6   1   1   1.2e-55   8.5e-53  175.4   4.6     4   284   502   857   500   865 0.78 -
GT20                 -            475 FUN_003028-T1        -            913  3.8e-158  522.3   0.1   1   1  7.1e-161    5e-158  521.9   0.1    33   475   162   615   132   615 0.94 -
GH5_27               -            324 FUN_003074-T1        -            465  1.7e-140  463.3   2.0   1   1    2e-142    2e-140  463.1   2.0     1   324    23   354    23   354 0.98 -
GH5                  -            275 FUN_003074-T1        -            465   3.7e-37  123.8   3.2   1   1   5.4e-39   5.4e-37  123.2   3.2     1   239    13   362    13   381 0.74 -
GH5_28               -            336 FUN_003074-T1        -            465   2.3e-35  117.4   1.3   1   2   1.6e-34   1.6e-32  108.0   1.1    24   225    44   273    15   278 0.81 -
GH5_28               -            336 FUN_003074-T1        -            465   2.3e-35  117.4   1.3   2   2       0.1        10    0.1   0.0   134   156   354   378   350   391 0.73 -
GH5_29               -            342 FUN_003074-T1        -            465   5.3e-31  103.1   2.6   1   1   3.5e-32   3.5e-30  100.4   2.6     1   329    14   350    14   366 0.77 -
GH5_22               -            286 FUN_003074-T1        -            465   1.8e-20   69.1   0.2   1   2   1.4e-05    0.0014   13.7   0.0    25    87    49   109    46   126 0.88 -
GH5_22               -            286 FUN_003074-T1        -            465   1.8e-20   69.1   0.2   2   2   1.1e-16   1.1e-14   50.2   0.1   112   215   187   309   176   357 0.81 -
GH5_46               -            257 FUN_003074-T1        -            465   5.1e-20   67.3   0.7   1   2   1.8e-05    0.0018   13.1   0.0    17    80    50   109    45   117 0.86 -
GH5_46               -            257 FUN_003074-T1        -            465   5.1e-20   67.3   0.7   2   2   1.8e-17   1.8e-15   52.5   0.2   107   255   190   356   172   358 0.77 -
GH5_12               -            539 FUN_003074-T1        -            465   5.7e-16   53.5   2.1   1   4   3.4e-13   3.4e-11   37.8   0.0    57   130    54   126    50   134 0.94 -
GH5_12               -            539 FUN_003074-T1        -            465   5.7e-16   53.5   2.1   2   4    0.0016      0.16    5.8   0.0   211   240   190   221   184   227 0.86 -
GH5_12               -            539 FUN_003074-T1        -            465   5.7e-16   53.5   2.1   3   4      0.01         1    3.2   0.0   373   422   243   292   235   319 0.91 -
GH5_12               -            539 FUN_003074-T1        -            465   5.7e-16   53.5   2.1   4   4     0.024       2.4    2.0   0.8   509   534   330   355   325   359 0.92 -
GT41                 -            705 FUN_003139-T1        -            623   1.2e-27   92.2  11.0   1   3     1e-11   7.2e-09   30.1   0.9    30   219    77   245    54   275 0.75 -
GT41                 -            705 FUN_003139-T1        -            623   1.2e-27   92.2  11.0   2   3     4e-14   2.8e-11   38.0   0.0    32   191   350   499   293   501 0.68 -
GT41                 -            705 FUN_003139-T1        -            623   1.2e-27   92.2  11.0   3   3   1.9e-12   1.3e-09   32.5   1.2    85   191   471   574   465   598 0.87 -
GT17                 -            284 FUN_003164-T1        -            366   6.3e-71  234.2   0.0   1   1   1.2e-73   8.3e-71  233.8   0.0     4   276    54   347    52   353 0.94 -
GH27                 -            229 FUN_003175-T1        -            545   3.9e-57  188.8   0.1   1   1   8.8e-60   6.2e-57  188.2   0.1     4   227   124   380    96   382 0.89 -
GH35                 -            307 FUN_003176-T1        -            631   5.4e-96  317.2   0.0   1   1   9.4e-99   6.6e-96  316.9   0.0     1   306    34   355    34   356 0.91 -
GH109                -            399 FUN_003196-T1        -            413   5.7e-16   53.5   0.1   1   1   1.2e-18   8.4e-16   52.9   0.1    45   162    68   182    49   192 0.87 -
CE5                  -            189 FUN_003197-T1        -            174   1.6e-24   82.5   0.0   1   1   2.4e-27   1.7e-24   82.4   0.0    36   189     9   173     1   173 0.87 -
AA11                 -            191 FUN_003224-T1        -            236   4.2e-65  214.7   0.2   1   1   7.6e-68   5.3e-65  214.3   0.2     1   188    21   225    21   228 0.91 -
GH16_4               -            316 FUN_003237-T1        -            476  8.3e-118  388.5   5.3   1   1  8.3e-120  1.2e-117  388.0   5.3     1   316   130   465   130   465 0.95 -
GH16_3               -            230 FUN_003237-T1        -            476   4.8e-47  156.2   3.3   1   1   2.8e-48   3.8e-46  153.2   3.3     2   208   129   415   128   427 0.83 -
GH16                 -            189 FUN_003237-T1        -            476   3.3e-41  137.3   9.3   1   1   3.8e-43   5.3e-41  136.6   9.3     3   189   129   465   127   465 0.82 -
GH16_5               -            238 FUN_003237-T1        -            476   1.2e-26   88.7   0.9   1   2   2.2e-25     3e-23   77.5   1.4     6   189   133   351   129   358 0.80 -
GH16_5               -            238 FUN_003237-T1        -            476   1.2e-26   88.7   0.9   2   2   0.00059     0.083    7.4   0.0   193   215   392   414   382   426 0.79 -
GH16_6               -            274 FUN_003237-T1        -            476   4.4e-21   70.8   0.6   1   2      0.65        90   -2.4   0.1     9   205   134   156   128   200 0.45 -
GH16_6               -            274 FUN_003237-T1        -            476   4.4e-21   70.8   0.6   2   2   3.1e-23   4.4e-21   70.8   0.6    74   226   229   366   226   422 0.77 -
GH3                  -            216 FUN_003272-T1        -            734   1.3e-58  193.5   0.1   1   1   5.3e-61   1.8e-58  193.0   0.1     2   215   197   447   196   448 0.95 -
AA5                  -           1281 FUN_003272-T1        -            734   2.8e-16   53.7   4.1   1   1   1.3e-18   4.5e-16   53.0   4.1   142   230    14   105     9   109 0.88 -
CBM50                -             40 FUN_003335-T1        -            712   4.6e-28   92.8   0.2   1   5   1.6e-09   1.1e-06   24.3   0.0     1    39   215   258   215   259 0.77 -
CBM50                -             40 FUN_003335-T1        -            712   4.6e-28   92.8   0.2   2   5   1.3e-07   9.3e-05   18.2   0.0     1    32   265   296   265   304 0.81 -
CBM50                -             40 FUN_003335-T1        -            712   4.6e-28   92.8   0.2   3   5   0.00016      0.11    8.3   0.0     1    28   353   383   353   393 0.83 -
CBM50                -             40 FUN_003335-T1        -            712   4.6e-28   92.8   0.2   4   5   0.00015      0.11    8.4   0.0     9    34   569   601   569   603 0.79 -
CBM50                -             40 FUN_003335-T1        -            712   4.6e-28   92.8   0.2   5   5   3.7e-10   2.6e-07   26.4   0.0     1    33   666   695   666   706 0.84 -
GH18                 -            296 FUN_003336-T1        -           1111   1.2e-73  243.9   1.8   1   1   2.6e-76   1.8e-73  243.3   1.8     3   287   164   515   162   522 0.90 -
GH3                  -            216 FUN_003382-T1        -            774     4e-59  195.2   0.0   1   2     5e-61   3.5e-58  192.1   0.0     2   201    84   297    83   316 0.90 -
GH3                  -            216 FUN_003382-T1        -            774     4e-59  195.2   0.0   2   2     0.023        16    0.4   0.0    98   146   668   720   664   727 0.86 -
AA7                  -            458 FUN_003417-T1        -            523     1e-22   76.8   1.5   1   2   1.8e-24   1.3e-21   73.2   0.3     6   204    30   223    26   239 0.91 -
AA7                  -            458 FUN_003417-T1        -            523     1e-22   76.8   1.5   2   2    0.0045       3.2    2.7   0.0   428   452   461   484   404   487 0.85 -
AA5                  -           1281 FUN_003458-T1        -            635  7.5e-174  575.7  16.8   1   2   1.3e-27     3e-25   83.4   3.6   145   249     4   113     2   119 0.86 -
AA5                  -           1281 FUN_003458-T1        -            635  7.5e-174  575.7  16.8   2   2  7.3e-153  1.7e-150  498.3   5.3   558  1039   124   629   117   634 0.94 -
AA5_1                -            563 FUN_003458-T1        -            635  3.8e-140  463.1   0.0   1   1  2.8e-142  6.4e-140  462.3   0.0     6   552   127   627   123   634 0.95 -
AA5_2                -            588 FUN_003458-T1        -            635   2.7e-23   77.7   0.1   1   2    0.0024      0.57    4.1   0.0   176   246   184   269   151   278 0.61 -
AA5_2                -            588 FUN_003458-T1        -            635   2.7e-23   77.7   0.1   2   2   8.4e-24     2e-21   71.6   0.0   382   588   406   614   375   614 0.85 -
GH89                 -            663 FUN_003471-T1        -            754  8.2e-211  697.0  23.4   1   1  1.4e-213  9.6e-211  696.8  23.4     2   656    69   739    68   746 0.95 -
GT1                  -            382 FUN_003495-T1        -            364   5.4e-16   55.0   1.5   1   1   1.3e-18   8.9e-16   54.3   1.5   183   379   103   333    45   336 0.79 -
GH92                 -            491 FUN_003496-T1        -            804    3e-158  523.1   0.0   1   1  5.8e-161  4.1e-158  522.6   0.0     3   489   264   782   263   784 0.96 -
GT50                 -            262 FUN_003512-T1        -            445   6.2e-98  322.9  11.0   1   1  1.1e-100   7.7e-98  322.6  11.0     1   262   151   429   151   429 0.97 -
GT25                 -            181 FUN_003557-T1        -            399   1.5e-27   92.1   0.0   1   1   7.2e-30     5e-27   90.4   0.0     1   180    68   321    68   322 0.80 -
GH3                  -            216 FUN_003558-T1        -            541   6.1e-59  194.6   0.1   1   1   1.5e-61     1e-58  193.8   0.1     7   215    68   292    62   293 0.93 -
AA11                 -            191 FUN_003607-T1        -            231   4.4e-64  211.3   0.1   1   1   8.1e-67   5.6e-64  211.0   0.1     1   187    20   212    20   215 0.93 -
GT71                 -            264 FUN_003622-T1        -            483   5.3e-54  179.0   0.0   1   1   1.1e-56   7.5e-54  178.5   0.0     1   253   117   356   117   398 0.89 -
GH63                 -            570 FUN_003623-T1        -            810   6.6e-36  119.4   0.6   1   2     9e-06    0.0063   10.5   0.2   353   507   400   574   371   580 0.70 -
GH63                 -            570 FUN_003623-T1        -            810   6.6e-36  119.4   0.6   2   2   5.8e-35   4.1e-32  106.8   0.0   319   565   585   796   579   800 0.91 -
CE3                  -            194 FUN_003645-T1        -            915   1.3e-41  138.0   0.0   1   1   3.4e-44   2.4e-41  137.2   0.0     1   193    47   259    47   260 0.90 -
GH18                 -            296 FUN_003684-T1        -           1064   2.7e-63  209.9   1.5   1   1   5.4e-66   3.8e-63  209.4   1.5     5   287    86   432    82   440 0.87 -
CBM50                -             40 FUN_003685-T1        -            596   3.9e-21   70.6   0.8   1   5    0.0072         5    3.1   0.0     8    19   225   236   225   262 0.80 -
CBM50                -             40 FUN_003685-T1        -            596   3.9e-21   70.6   0.8   2   5     0.008       5.6    2.9   0.1    16    31   285   300   277   307 0.74 -
CBM50                -             40 FUN_003685-T1        -            596   3.9e-21   70.6   0.8   3   5     0.015        11    2.0   0.0     8    28   380   404   379   421 0.71 -
CBM50                -             40 FUN_003685-T1        -            596   3.9e-21   70.6   0.8   4   5   4.8e-11   3.3e-08   29.2   0.0     4    34   467   507   465   512 0.83 -
CBM50                -             40 FUN_003685-T1        -            596   3.9e-21   70.6   0.8   5   5   2.9e-10     2e-07   26.7   0.0     4    35   549   590   547   595 0.84 -
CBM66                -            155 FUN_003748-T1        -            334   1.3e-27   92.5   0.1   1   1   2.7e-30   1.9e-27   91.9   0.1     3   155   133   292   131   292 0.91 -
AA11                 -            191 FUN_003749-T1        -            226   2.4e-65  215.4   2.4   1   1   4.5e-68   3.1e-65  215.1   2.4     1   187    20   215    20   218 0.87 -
GH16_1               -            229 FUN_003756-T1        -            346   1.5e-70  232.4   3.3   1   1   5.6e-73     2e-70  232.1   3.3     3   228    70   308    68   309 0.93 -
GH16                 -            189 FUN_003756-T1        -            346   7.7e-20   67.6   3.9   1   1   3.2e-22   1.1e-19   67.1   3.9     4   176    34   310    25   328 0.66 -
GH13_40              -            359 FUN_003765-T1        -            596  2.9e-166  548.2   0.1   1   1  1.4e-167  3.6e-166  547.9   0.1     1   359    41   402    41   402 0.99 -
GH13_31              -            349 FUN_003765-T1        -            596  3.2e-129  426.7   0.1   1   1  1.7e-130  4.3e-129  426.2   0.1     1   349    41   402    41   402 0.96 -
GH13_29              -            344 FUN_003765-T1        -            596  1.1e-113  375.3   0.1   1   1  5.6e-115  1.4e-113  374.9   0.1     2   343    41   401    40   402 0.94 -
GH13_23              -            344 FUN_003765-T1        -            596  8.1e-107  353.1   1.3   1   1  4.9e-108  1.2e-106  352.5   1.3     1   342    41   401    41   403 0.91 -
GH13_30              -            365 FUN_003765-T1        -            596   4.9e-80  264.8   3.9   1   1   5.9e-81   1.5e-79  263.2   3.9     1   364    41   400    41   401 0.85 -
GH13_17              -            350 FUN_003765-T1        -            596   2.3e-79  262.5   4.7   1   1   7.5e-80   1.9e-78  259.5   4.7     1   349    41   401    41   402 0.83 -
GH13_36              -            314 FUN_003765-T1        -            596   4.4e-70  231.9   0.0   1   1   2.4e-71     6e-70  231.5   0.0     1   313    41   401    41   402 0.86 -
GH13                 -            299 FUN_003765-T1        -            596   5.3e-70  232.4   6.4   1   2   2.1e-71   5.3e-70  232.4   6.4    12   291    40   401    33   406 0.79 -
GH13                 -            299 FUN_003765-T1        -            596   5.3e-70  232.4   6.4   2   2       3.5        87   -1.4   0.1   184   253   452   526   400   549 0.53 -
GH13_16              -            353 FUN_003765-T1        -            596     9e-67  221.0   1.6   1   2   7.1e-67   1.8e-65  216.8   1.5     1   241    41   305    41   355 0.84 -
GH13_16              -            353 FUN_003765-T1        -            596     9e-67  221.0   1.6   2   2      0.17       4.2    1.7   0.0   335   351   383   399   369   401 0.84 -
GH13_35              -            351 FUN_003765-T1        -            596   3.2e-57  189.8   1.1   1   2   3.2e-56     8e-55  181.9   0.5     1   194    41   237    41   273 0.92 -
GH13_35              -            351 FUN_003765-T1        -            596   3.2e-57  189.8   1.1   2   2    0.0061      0.15    6.6   0.0   292   351   333   401   284   401 0.81 -
GH13_21              -            308 FUN_003765-T1        -            596   1.2e-50  168.1   1.8   1   1   5.5e-51   1.4e-49  164.6   1.8     1   305    41   400    41   402 0.82 -
GH13_20              -            300 FUN_003765-T1        -            596   5.6e-43  142.8   0.8   1   2   7.4e-39   1.8e-37  124.7   0.7     1   166    41   225    41   242 0.89 -
GH13_20              -            300 FUN_003765-T1        -            596   5.6e-43  142.8   0.8   2   2   8.1e-06    0.0002   16.2   0.0   230   295   329   400   254   403 0.77 -
GH13_4               -            400 FUN_003765-T1        -            596   3.5e-34  113.6   1.0   1   2   3.9e-35   9.8e-34  112.1   0.7     2   187    41   226    40   231 0.94 -
GH13_4               -            400 FUN_003765-T1        -            596   3.5e-34  113.6   1.0   2   2       1.2        31   -1.5   0.0   382   400   383   401   364   401 0.84 -
GH13_2               -            310 FUN_003765-T1        -            596   2.1e-28   95.1   0.1   1   2   1.4e-27   3.4e-26   87.8   0.1     2   176    41   224    40   245 0.81 -
GH13_2               -            310 FUN_003765-T1        -            596   2.1e-28   95.1   0.1   2   2     0.025      0.63    4.8   0.0   250   307   330   396   294   398 0.77 -
GH13_14              -            289 FUN_003765-T1        -            596     4e-28   93.9   0.6   1   2   9.3e-25   2.3e-23   78.3   0.4     2   155    51   224    50   243 0.78 -
GH13_14              -            289 FUN_003765-T1        -            596     4e-28   93.9   0.6   2   2   4.6e-05    0.0011   13.7   0.0   239   289   340   396   302   396 0.83 -
GH13_39              -            316 FUN_003765-T1        -            596   1.8e-26   88.6   1.0   1   2   2.2e-24   5.4e-23   77.2   1.3     1   167    41   225    41   241 0.83 -
GH13_39              -            316 FUN_003765-T1        -            596   1.8e-26   88.6   1.0   2   2    0.0013     0.032    9.0   0.0   255   311   350   401   328   404 0.85 -
GH13_1               -            306 FUN_003765-T1        -            596   2.2e-26   88.0   0.0   1   1   1.7e-27   4.3e-26   87.1   0.0     2   298    41   399    40   404 0.78 -
GH13_10              -            313 FUN_003765-T1        -            596     1e-22   76.3   0.1   1   2   2.2e-22   5.4e-21   70.6   0.1     5   148    41   227    39   242 0.94 -
GH13_10              -            313 FUN_003765-T1        -            596     1e-22   76.3   0.1   2   2     0.082         2    3.0   0.0   263   313   347   398   318   398 0.85 -
GH13_32              -            269 FUN_003765-T1        -            596   2.7e-21   71.7   1.4   1   1   8.7e-22   2.2e-20   68.7   1.4     1   246    57   358    57   387 0.64 -
GH13_41              -            294 FUN_003765-T1        -            596   3.5e-20   68.0   0.3   1   2   5.1e-19   1.3e-17   59.6   0.3     1   160    41   223    41   236 0.84 -
GH13_41              -            294 FUN_003765-T1        -            596   3.5e-20   68.0   0.3   2   2     0.011      0.27    6.0   0.0   240   290   344   399   324   402 0.74 -
GH13_18              -            343 FUN_003765-T1        -            596   1.3e-19   65.8   0.6   1   2     1e-20   2.6e-19   64.8   0.6     3   157    60   226    58   237 0.84 -
GH13_18              -            343 FUN_003765-T1        -            596   1.3e-19   65.8   0.6   2   2       6.5   1.6e+02   -3.6   0.0   166   216   252   304   248   307 0.61 -
GH13_3               -            210 FUN_003765-T1        -            596   1.5e-17   59.2   1.7   1   1   1.6e-17   4.1e-16   54.5   1.7     4   148    49   222    46   250 0.74 -
GH13_6               -            289 FUN_003765-T1        -            596   1.8e-17   59.2   2.0   1   1   7.1e-19   1.8e-17   59.2   2.0     2   158    51   226    50   263 0.83 -
GH13_37              -            320 FUN_003765-T1        -            596   2.7e-17   58.0   0.3   1   2   8.8e-15   2.2e-13   45.2   0.0     8    98    40   119    34   136 0.91 -
GH13_37              -            320 FUN_003765-T1        -            596   2.7e-17   58.0   0.3   2   2   0.00065     0.016    9.5   0.1   193   320   273   398   171   398 0.70 -
GH13_19              -            360 FUN_003765-T1        -            596   4.4e-17   57.6   3.5   1   2   1.1e-15   2.7e-14   48.4   0.6     1   119    41   144    41   180 0.74 -
GH13_19              -            360 FUN_003765-T1        -            596   4.4e-17   57.6   3.5   2   2    0.0012     0.031    8.7   0.1   193   227   189   223   176   228 0.81 -
GH13_9               -            301 FUN_003765-T1        -            596   1.2e-16   56.2   0.3   1   3     2e-14     5e-13   44.3   0.1     2    71    52   120    51   137 0.92 -
GH13_9               -            301 FUN_003765-T1        -            596   1.2e-16   56.2   0.3   2   3     0.002     0.049    8.2   0.0   116   137   203   223   184   266 0.79 -
GH13_9               -            301 FUN_003765-T1        -            596   1.2e-16   56.2   0.3   3   3      0.76        19   -0.3   0.0   270   300   370   398   352   399 0.81 -
GH13_13              -            361 FUN_003765-T1        -            596   1.2e-16   56.1   2.0   1   3       1.1        26   -0.9   0.0     5    20    53    68    50    74 0.86 -
GH13_13              -            361 FUN_003765-T1        -            596   1.2e-16   56.1   2.0   2   3     8e-17     2e-15   52.1   1.5    60   185    73   225    67   232 0.79 -
GH13_13              -            361 FUN_003765-T1        -            596   1.2e-16   56.1   2.0   3   3      0.31       7.8    0.8   0.0   307   360   347   396   334   397 0.73 -
GH13_42              -            421 FUN_003765-T1        -            596   8.5e-16   53.4   3.9   1   3   3.8e-11   9.4e-10   33.5   0.1     2    83    41   119    40   151 0.86 -
GH13_42              -            421 FUN_003765-T1        -            596   8.5e-16   53.4   3.9   2   3     3e-07   7.5e-06   20.6   0.2   169   230   161   225   129   244 0.75 -
GH13_42              -            421 FUN_003765-T1        -            596   8.5e-16   53.4   3.9   3   3       3.8        96   -2.8   0.0   366   416   344   397   340   399 0.58 -
AA1_3                -            312 FUN_003773-T1        -            562  4.6e-128  422.2   5.6   1   1  5.3e-130  9.3e-128  421.2   5.6     1   311    44   354    44   355 0.98 -
AA1                  -            358 FUN_003773-T1        -            562  1.4e-115  382.0   7.2   1   1    1e-117  1.8e-115  381.7   7.2     8   358    74   518    64   518 0.87 -
AA1_1                -            303 FUN_003773-T1        -            562   2.6e-66  219.2   1.3   1   1   2.3e-68   4.1e-66  218.5   1.3     2   290    69   357    68   368 0.90 -
AA1_2                -            337 FUN_003773-T1        -            562   4.3e-58  192.3   2.2   1   2   2.5e-60   4.3e-58  192.3   2.2     5   332    78   412    74   417 0.80 -
AA1_2                -            337 FUN_003773-T1        -            562   4.3e-58  192.3   2.2   2   2     0.082        14   -0.1   0.2    68    99   490   520   423   536 0.64 -
GH36                 -            688 FUN_003823-T1        -            619   1.3e-17   59.0   1.0   1   1   2.9e-20     2e-17   58.4   1.0   300   383    78   169    48   172 0.89 -
AA1_2                -            337 FUN_003840-T1        -            630  2.8e-156  515.1   2.9   1   2  1.5e-157  2.6e-155  512.0   0.1     2   336    42   377    41   378 0.99 -
AA1_2                -            337 FUN_003840-T1        -            630  2.8e-156  515.1   2.9   2   2     0.013       2.2    2.6   0.6    20   101   395   493   383   505 0.53 -
AA1                  -            358 FUN_003840-T1        -            630  2.5e-111  368.1   0.4   1   1  1.8e-113  3.1e-111  367.8   0.4     7   357    40   488    28   489 0.86 -
AA1_1                -            303 FUN_003840-T1        -            630   9.1e-64  210.8   0.0   1   2   1.4e-65   2.5e-63  209.4   0.0     2   295    35   325    34   333 0.86 -
AA1_1                -            303 FUN_003840-T1        -            630   9.1e-64  210.8   0.0   2   2      0.37        65   -2.1   0.0    84   111   467   493   456   495 0.82 -
AA1_3                -            312 FUN_003840-T1        -            630   6.8e-62  204.8   0.0   1   3   5.2e-62   9.2e-60  197.8   0.0    11   297    20   304    14   314 0.87 -
AA1_3                -            312 FUN_003840-T1        -            630   6.8e-62  204.8   0.0   2   3      0.33        57   -1.9   0.0    52   226   397   420   360   428 0.65 -
AA1_3                -            312 FUN_003840-T1        -            630   6.8e-62  204.8   0.0   3   3    0.0075       1.3    3.5   0.0    94   128   457   491   453   501 0.88 -
GH18                 -            296 FUN_003864-T1        -            401   4.8e-28   94.2   3.1   1   2   2.2e-28   1.5e-25   85.9   0.5     3   201    30   284    28   292 0.78 -
GH18                 -            296 FUN_003864-T1        -            401   4.8e-28   94.2   3.1   2   2   4.9e-05     0.034    9.3   0.1   251   284   287   321   284   330 0.86 -
GH15                 -            361 FUN_003914-T1        -            676   1.1e-77  257.0   0.0   1   1   2.2e-80   1.6e-77  256.6   0.0     3   360   289   664   287   665 0.89 -
GH2                  -            752 FUN_003935-T1        -            692   3.3e-93  308.9   3.6   1   1   6.5e-96   4.5e-93  308.5   3.6    28   414    20   577    13   680 0.75 -
GH105                -            332 FUN_003948-T1        -            401     3e-47  156.9   0.0   1   1   5.5e-50   3.8e-47  156.5   0.0    16   332    45   398    36   398 0.82 -
GH5_15               -            300 FUN_004017-T1        -            431  8.4e-116  381.7   3.8   1   1  1.6e-117  1.1e-115  381.3   3.8     3   299    98   402    96   403 0.96 -
GH5_9                -            303 FUN_004017-T1        -            431   4.8e-38  126.9   6.1   1   2   1.7e-35   1.2e-33  112.5   0.0     1   241   106   364   106   366 0.82 -
GH5_9                -            303 FUN_004017-T1        -            431   4.8e-38  126.9   6.1   2   2   1.7e-05    0.0012   13.9   5.4   276   303   365   394   357   394 0.89 -
GH5                  -            275 FUN_004017-T1        -            431   1.4e-30  102.2   8.4   1   1     3e-32   2.1e-30  101.6   8.4    27   260   102   419    87   424 0.72 -
GH5_50               -            283 FUN_004017-T1        -            431   2.9e-30  100.9   2.6   1   1   2.9e-31     2e-29   98.2   2.6     2   281   105   394   104   395 0.76 -
GH5_49               -            293 FUN_004017-T1        -            431   1.6e-25   85.3   0.2   1   1   3.9e-27   2.7e-25   84.6   0.2     1   290   103   396   103   398 0.79 -
GH5_46               -            257 FUN_004017-T1        -            431     9e-22   73.1   4.5   1   2   2.5e-22   1.7e-20   68.9   0.0     4   165   101   272    98   294 0.84 -
GH5_46               -            257 FUN_004017-T1        -            431     9e-22   73.1   4.5   2   2     0.018       1.2    3.8   2.8   226   254   363   392   354   394 0.86 -
GH5_22               -            286 FUN_004017-T1        -            431   5.2e-21   70.9   0.9   1   1   1.8e-22   1.3e-20   69.6   0.9    14   250   101   370    90   393 0.75 -
GH5_47               -            220 FUN_004017-T1        -            431     2e-18   62.2   0.3   1   1     5e-20   3.5e-18   61.4   0.3     9   141    98   237    92   244 0.84 -
GH5_14               -            277 FUN_004017-T1        -            431   2.2e-17   58.8   7.3   1   1   9.7e-19   6.8e-17   57.2   7.3     4   275   105   400   103   402 0.78 -
GH5_45               -            299 FUN_004017-T1        -            431     1e-16   56.4   6.5   1   2   3.2e-18   2.3e-16   55.3   0.1     1   136   103   237   103   274 0.81 -
GH5_45               -            299 FUN_004017-T1        -            431     1e-16   56.4   6.5   2   2     0.021       1.4    3.4   1.7   276   298   370   394   337   395 0.80 -
GH3                  -            216 FUN_004046-T1        -            842   1.4e-58  193.4   0.1   1   1   3.1e-61   2.2e-58  192.8   0.1    13   216    64   268    52   268 0.94 -
GT32                 -             90 FUN_004088-T1        -            327   4.1e-16   54.7   4.6   1   3     0.012       8.5    2.4   0.1     3    33    49    80    47    92 0.84 -
GT32                 -             90 FUN_004088-T1        -            327   4.1e-16   54.7   4.6   2   3   8.8e-19   6.1e-16   54.1   0.4    10    80    88   155    81   162 0.91 -
GT32                 -             90 FUN_004088-T1        -            327   4.1e-16   54.7   4.6   3   3      0.87   6.1e+02   -3.6   0.0    45    58   244   257   233   268 0.53 -
GT34                 -            246 FUN_004098-T1        -            311   2.4e-70  232.3   0.0   1   1   4.2e-73   2.9e-70  232.0   0.0     2   241    66   291    65   297 0.96 -
AA7                  -            458 FUN_004144-T1        -            592   5.4e-58  193.1   2.0   1   2   4.3e-56     3e-53  177.5   1.7    13   192   123   313   118   326 0.93 -
AA7                  -            458 FUN_004144-T1        -            592   5.4e-58  193.1   2.0   2   2   1.9e-06    0.0013   13.8   0.0   405   452   523   570   475   575 0.70 -
GH5_24               -            315 FUN_004157-T1        -            487    3e-153  505.3   3.4   1   1  4.3e-155  3.8e-153  504.9   3.4     1   312   143   454   143   457 1.00 -
GH5_51               -            351 FUN_004157-T1        -            487   2.8e-61  203.0   2.3   1   1   3.2e-61   2.8e-59  196.4   2.3     1   348   143   450   143   453 0.90 -
GH5_1                -            310 FUN_004157-T1        -            487   9.5e-58  191.6   0.0   1   1   1.4e-59   1.3e-57  191.2   0.0     1   304   145   452   145   455 0.89 -
GH5_11               -            313 FUN_004157-T1        -            487   5.5e-46  152.7   0.0   1   1   1.7e-47   1.5e-45  151.2   0.0     1   313   143   449   143   449 0.91 -
GH5                  -            275 FUN_004157-T1        -            487   1.9e-40  134.6   3.4   1   1   2.8e-42   2.4e-40  134.2   3.4     2   240   143   458   142   475 0.79 -
GH5_16               -            337 FUN_004157-T1        -            487   2.6e-25   84.6   0.1   1   2   2.4e-11   2.1e-09   32.3   0.0     1    57   143   200   143   203 0.93 -
GH5_16               -            337 FUN_004157-T1        -            487   2.6e-25   84.6   0.1   2   2   1.1e-16   9.2e-15   49.9   0.2    89   335   209   448   201   450 0.71 -
GH5_20               -            344 FUN_004157-T1        -            487   2.2e-23   78.5   0.1   1   1   2.7e-23   2.3e-21   71.8   0.1     4   240   151   373   149   379 0.85 -
GH5_8                -            253 FUN_004157-T1        -            487   2.5e-17   58.6   0.0   1   1   3.7e-19   3.2e-17   58.3   0.0     2   226   145   427   144   450 0.83 -
GH38                 -            269 FUN_004187-T1        -           1079   2.5e-88  291.5   0.2   1   1   5.8e-91     4e-88  290.8   0.2     1   259   282   543   282   555 0.94 -
AA3_2                -            568 FUN_004328-T1        -            545  3.7e-143  473.6   0.0   1   2   1.1e-89   1.9e-87  289.7   0.0     2   330    13   326    12   336 0.92 -
AA3_2                -            568 FUN_004328-T1        -            545  3.7e-143  473.6   0.0   2   2   9.6e-57   1.7e-54  180.9   0.0   387   566   343   531   328   533 0.91 -
AA3                  -            618 FUN_004328-T1        -            545   1.2e-91  303.4   0.0   1   1   8.2e-94   1.4e-91  303.1   0.0    85   408     9   541     3   545 0.86 -
AA3_3                -            590 FUN_004328-T1        -            545   8.9e-62  204.6   0.0   1   3   2.1e-46   3.6e-44  146.5   0.0     2   324    13   323    12   350 0.77 -
AA3_3                -            590 FUN_004328-T1        -            545   8.9e-62  204.6   0.0   2   3    0.0042      0.74    3.5   0.0   408   461   376   431   348   438 0.77 -
AA3_3                -            590 FUN_004328-T1        -            545   8.9e-62  204.6   0.0   3   3   4.9e-17   8.5e-15   49.5   0.0   508   588   451   533   425   535 0.92 -
AA3_1                -            548 FUN_004328-T1        -            545   2.5e-49  163.6   0.0   1   1   3.3e-50   5.7e-48  159.2   0.0     9   545     6   531     1   534 0.73 -
GH36                 -            688 FUN_004384-T1        -            737  5.2e-232  767.6   0.0   1   1  8.4e-235  5.9e-232  767.4   0.0     2   687    25   720    24   721 0.96 -
GH55                 -            740 FUN_004420-T1        -            757  9.6e-163  538.6  13.4   1   1  1.7e-165  1.2e-162  538.2  13.4     7   715    31   726    26   751 0.91 -
GT25                 -            181 FUN_004438-T1        -            416   7.1e-20   67.1   0.0   1   1   2.2e-22   1.5e-19   66.0   0.0     4   181    89   313    86   313 0.87 -
AA4                  -            522 FUN_004459-T1        -            612   7.5e-19   63.1   0.0   1   2   4.3e-20   1.5e-17   58.8   0.0     8   192   135   319   127   368 0.83 -
AA4                  -            522 FUN_004459-T1        -            612   7.5e-19   63.1   0.0   2   2    0.0072       2.5    2.0   0.0   442   506   529   593   499   602 0.76 -
AA7                  -            458 FUN_004459-T1        -            612   1.8e-18   62.8   0.4   1   1   1.7e-20   5.9e-18   61.1   0.2     7   194   175   368   171   393 0.84 -
GT2_Glyco_tranf_2_3  PF13641.5    230 FUN_004463-T1        -            524   3.5e-26   87.9   0.0   1   1   6.9e-29   4.8e-26   87.5   0.0     3   229    73   308    71   309 0.88 Glycosyltransferase like family 2
GH128                -            224 FUN_004530-T1        -            331   1.3e-56  187.3   0.0   1   1   4.9e-59   1.7e-56  186.8   0.0     4   224   103   328    91   328 0.93 -
AA5                  -           1281 FUN_004530-T1        -            331   3.6e-18   59.9  11.5   1   2     1e-20   3.6e-18   59.9  11.5   181   253     1    76     1    87 0.87 -
AA5                  -           1281 FUN_004530-T1        -            331   3.6e-18   59.9  11.5   2   2    0.0026      0.89    2.3   0.4  1176  1224   180   228   165   250 0.75 -
GH128                -            224 FUN_004539-T1        -            356   2.5e-59  196.1   2.6   1   2      0.45   3.1e+02   -3.7   0.5    74    98    59    83    49   105 0.62 -
GH128                -            224 FUN_004539-T1        -            356   2.5e-59  196.1   2.6   2   2   3.6e-62   2.5e-59  196.1   2.6     4   224   133   351   121   352 0.91 -
GT58                 -            364 FUN_004575-T1        -            436  2.1e-141  467.0  13.1   1   1  3.5e-144  2.5e-141  466.7  13.1     3   364    41   404    39   404 0.97 -
GT41                 -            705 FUN_004628-T1        -            647   1.5e-18   62.0   0.1   1   2   1.3e-06    0.0009   13.2   0.1   129   175    20    66    15    73 0.87 -
GT41                 -            705 FUN_004628-T1        -            647   1.5e-18   62.0   0.1   2   2     2e-16   1.4e-13   45.7   0.9    60   191    67   189    62   206 0.92 -
GT41                 -            705 FUN_004629-T1        -            205   5.6e-18   60.2   0.7   1   2   1.4e-11   9.6e-09   29.7   0.2   118   191    24    98     2   101 0.85 -
GT41                 -            705 FUN_004629-T1        -            205   5.6e-18   60.2   0.7   2   2   3.5e-12   2.4e-09   31.7   0.0    73   187    92   201    90   205 0.92 -
AA12                 -            401 FUN_004649-T1        -            464    3e-147  485.8   0.0   1   1  5.1e-150  3.6e-147  485.5   0.0     8   401    29   429    23   429 0.95 -
GH81                 -            622 FUN_004674-T1        -           1001  3.1e-213  705.5   6.7   1   1  6.3e-216  4.4e-213  705.0   6.7     8   622   311   995   305   995 0.97 -
GH18                 -            296 FUN_004752-T1        -            390   3.1e-25   84.9   3.7   1   1   7.3e-27   5.1e-24   81.0   3.7     4   290    31   327    28   333 0.69 -
GH18                 -            296 FUN_004809-T1        -            382   7.2e-17   57.5   0.2   1   1   1.6e-19   1.1e-16   56.9   0.2     4   211    59   318    57   363 0.68 -
GT20                 -            475 FUN_004882-T1        -            519  7.3e-202  666.4   0.0   1   1  1.3e-204    9e-202  666.1   0.0    12   474    14   478     5   479 0.97 -
GH72                 -            312 FUN_004889-T1        -            513  9.2e-124  408.1   0.2   1   1  3.3e-126  1.2e-123  407.8   0.2     3   310    19   332    17   334 0.96 -
CBM43                -             83 FUN_004889-T1        -            513   5.6e-19   64.0   4.6   1   1   3.7e-21   1.3e-18   62.8   4.6     2    82   381   467   380   468 0.94 -
GH76                 -            358 FUN_004917-T1        -            465  8.3e-100  329.9  12.9   1   1  1.5e-102   1.1e-99  329.6  12.9    11   355    28   404    19   407 0.95 -
GH84                 -            295 FUN_004925-T1        -            666   1.6e-98  325.0   0.1   1   1  3.7e-101   2.6e-98  324.3   0.1     1   294   202   512   202   513 0.98 -
GT22                 -            389 FUN_004932-T1        -            515   7.1e-80  264.4  25.4   1   1   1.2e-82   8.6e-80  264.2  25.4     2   386     6   397     5   399 0.93 -
AA3_1                -            548 FUN_004936-T1        -            764     6e-65  215.2   4.8   1   2   3.2e-48   5.5e-46  152.6   4.6    10   281   230   499   224   505 0.88 -
AA3_1                -            548 FUN_004936-T1        -            764     6e-65  215.2   4.8   2   2   1.8e-20   3.2e-18   61.0   0.0   479   544   694   757   498   760 0.64 -
AA3                  -            618 FUN_004936-T1        -            764   5.5e-50  165.7   0.1   1   1   4.3e-52   7.4e-50  165.3   0.1    85   397   232   757   211   763 0.75 -
AA3_2                -            568 FUN_004936-T1        -            764   2.2e-40  134.3   1.3   1   1   2.4e-39   4.2e-37  123.5   1.3     4   563   238   755   236   759 0.72 -
AA3_3                -            590 FUN_004936-T1        -            764     6e-21   69.8   0.3   1   3   1.8e-07   3.2e-05   17.9   0.1     2   102   236   324   235   337 0.72 -
AA3_3                -            590 FUN_004936-T1        -            764     6e-21   69.8   0.3   2   3     4e-08   6.9e-06   20.1   0.0   218   288   425   504   356   516 0.75 -
AA3_3                -            590 FUN_004936-T1        -            764     6e-21   69.8   0.3   3   3   1.3e-10   2.2e-08   28.3   0.0   526   579   698   751   694   761 0.93 -
GT17                 -            284 FUN_004951-T1        -            363   7.4e-70  230.7   0.0   1   1   1.3e-72   8.9e-70  230.5   0.0     4   282    56   349    54   351 0.94 -
GH92                 -            491 FUN_004966-T1        -           1206  9.9e-142  468.6   0.6   1   1  1.8e-144  1.3e-141  468.2   0.6     3   489   670  1168   668  1170 0.96 -
CE16                 -            267 FUN_004982-T1        -            207   1.2e-44  148.2   0.0   1   1   2.1e-47   1.5e-44  147.9   0.0     1   173    28   203    28   206 0.95 -
GH13_25              -            434 FUN_005013-T1        -           1544  2.9e-209  690.4   0.0   1   2   9.8e-10   3.4e-07   24.6   0.0   169   261   237   321   204   341 0.78 -
GH13_25              -            434 FUN_005013-T1        -           1544  2.9e-209  690.4   0.0   2   2  1.2e-203  4.3e-201  663.5   0.0     2   434  1081  1532  1080  1532 0.99 -
GH133                -            372 FUN_005013-T1        -           1544  1.3e-154  510.0   0.0   1   1    6e-157  2.1e-154  509.3   0.0     5   371  1073  1532  1069  1533 0.98 -
GH31                 -            427 FUN_005030-T1        -            799  4.2e-120  397.0   9.3   1   1  7.4e-123  5.2e-120  396.7   9.3     1   427   158   598   158   598 0.90 -
GH128                -            224 FUN_005117-T1        -            280   2.9e-49  163.2   1.0   1   1     5e-52   3.5e-49  162.9   1.0     8   224    54   272    48   272 0.87 -
AA8                  -            182 FUN_005125-T1        -            506   3.9e-18   61.2   0.5   1   2   5.6e-21   3.9e-18   61.2   0.5    16   176    33   181    25   186 0.84 -
AA8                  -            182 FUN_005125-T1        -            506   3.9e-18   61.2   0.5   2   2      0.67   4.7e+02   -4.3   0.2    49    70   279   299   273   302 0.68 -
GT76                 -            407 FUN_005172-T1        -            434  1.3e-102  339.2   7.1   1   1  2.3e-105  1.6e-102  338.9   7.1     5   407    22   434    20   434 0.94 -
GH3                  -            216 FUN_005219-T1        -            878   3.9e-56  185.4   0.4   1   2     1e-58   7.3e-56  184.5   0.1     3   216    90   311    88   311 0.94 -
GH3                  -            216 FUN_005219-T1        -            878   3.9e-56  185.4   0.4   2   2      0.32   2.3e+02   -3.4   0.0    73    88   605   621   602   622 0.84 -
GH28                 -            325 FUN_005281-T1        -            435   2.4e-59  196.5   9.0   1   1   4.4e-62   3.1e-59  196.1   9.0    13   323    72   428    62   430 0.86 -
CBM50                -             40 FUN_005342-T1        -            398   1.1e-23   78.8   0.8   1   5   0.00017      0.12    8.3   0.0     5    28    30    56    27    71 0.78 -
CBM50                -             40 FUN_005342-T1        -            398   1.1e-23   78.8   0.8   2   5   2.2e-09   1.5e-06   23.9   0.0     1    28   122   154   122   167 0.78 -
CBM50                -             40 FUN_005342-T1        -            398   1.1e-23   78.8   0.8   3   5   1.8e-06    0.0012   14.6   0.0     1    28   199   227   199   244 0.77 -
CBM50                -             40 FUN_005342-T1        -            398   1.1e-23   78.8   0.8   4   5   0.00012     0.082    8.8   0.0     1    27   276   303   276   316 0.75 -
CBM50                -             40 FUN_005342-T1        -            398   1.1e-23   78.8   0.8   5   5   2.9e-07    0.0002   17.1   0.0     1    28   350   382   350   396 0.80 -
GH135                -            237 FUN_005382-T1        -            310   1.3e-33  112.0   0.1   1   1   2.8e-36   1.9e-33  111.5   0.1     1   218    20   282    20   299 0.80 -
GH20                 -            337 FUN_005384-T1        -           1693   2.4e-54  180.3   0.1   1   1   5.6e-57   3.9e-54  179.6   0.1     9   335  1117  1448  1111  1450 0.82 -
GH16_1               -            229 FUN_005403-T1        -            551   5.6e-38  125.9   5.8   1   1   1.9e-40   1.3e-37  124.6   5.8    61   228     3   193     1   194 0.87 -
AA1                  -            358 FUN_005415-T1        -            458   1.2e-62  207.9   0.0   1   1   8.9e-65   1.6e-62  207.6   0.0    59   358     1   430     1   430 0.73 -
AA1_2                -            337 FUN_005415-T1        -            458   2.3e-37  124.2   0.0   1   3   4.3e-38   7.6e-36  119.2   0.0    52   328     1   308     1   313 0.78 -
AA1_2                -            337 FUN_005415-T1        -            458   2.3e-37  124.2   0.0   2   3     0.031       5.3    1.3   0.0    22    46   329   354   322   366 0.75 -
AA1_2                -            337 FUN_005415-T1        -            458   2.3e-37  124.2   0.0   3   3      0.15        27   -1.0   0.1    70   102   404   435   395   443 0.77 -
AA1_3                -            312 FUN_005415-T1        -            458   1.3e-32  108.6   0.0   1   2   3.4e-34   5.9e-32  106.5   0.0    82   268     1   206     1   221 0.86 -
AA1_3                -            312 FUN_005415-T1        -            458   1.3e-32  108.6   0.0   2   2       0.2        35   -1.2   0.0    54    74   331   352   327   366 0.74 -
AA1_1                -            303 FUN_005415-T1        -            458   1.6e-28   95.1   0.0   1   1   1.9e-30   3.3e-28   94.1   0.0    62   233     1   193     1   207 0.81 -
GH27                 -            229 FUN_005450-T1        -            531   1.8e-57  189.9   0.1   1   1     4e-60   2.8e-57  189.3   0.1     2   227   124   378   108   380 0.88 -
AA3_1                -            548 FUN_005491-T1        -            564  2.2e-183  606.1   0.1   1   1  1.5e-185  2.6e-183  605.9   0.1     7   547    17   561    10   562 0.96 -
AA3_2                -            568 FUN_005491-T1        -            564   7.7e-59  195.2   0.5   1   1   1.3e-60   2.2e-58  193.7   0.5     2   566    26   559    25   560 0.78 -
AA3                  -            618 FUN_005491-T1        -            564   1.2e-51  171.2   0.1   1   1   8.7e-54   1.5e-51  170.9   0.1    88   400    25   561    20   564 0.69 -
AA3_3                -            590 FUN_005491-T1        -            564   1.7e-28   94.8   0.0   1   2   3.1e-26   5.4e-24   79.9   0.0     2   289    26   301    25   305 0.72 -
AA3_3                -            590 FUN_005491-T1        -            564   1.7e-28   94.8   0.0   2   2   1.3e-05    0.0022   11.8   0.0   539   585   513   558   440   561 0.84 -
GT39                 -            223 FUN_005500-T1        -            764   1.8e-71  235.7  20.8   1   2   1.5e-73   1.1e-70  233.2  17.7     2   223    60   304    59   304 0.98 -
GT39                 -            223 FUN_005500-T1        -            764   1.8e-71  235.7  20.8   2   2    0.0032       2.3    3.2   0.0   105   157   556   610   552   622 0.73 -
GT69                 -            239 FUN_005501-T1        -            412   2.3e-82  271.6   0.0   1   1     4e-85   2.8e-82  271.3   0.0     1   238    59   316    59   317 0.98 -
GH5_5                -            282 FUN_005506-T1        -            413   1.4e-89  295.4   0.2   1   1     2e-91   1.8e-89  295.1   0.2     1   281    23   315    23   316 0.96 -
GH5                  -            275 FUN_005506-T1        -            413   3.3e-34  114.1   0.0   1   1   4.7e-36   4.1e-34  113.8   0.0    36   243    60   320    25   342 0.74 -
GH5_4                -            276 FUN_005506-T1        -            413   1.2e-19   66.5   0.0   1   1   1.8e-21   1.6e-19   66.1   0.0    11   242    59   308    51   336 0.74 -
GH5_25               -            262 FUN_005506-T1        -            413   5.8e-19   63.6   0.0   1   2   1.2e-19     1e-17   59.6   0.0    15   145    66   198    57   235 0.89 -
GH5_25               -            262 FUN_005506-T1        -            413   5.8e-19   63.6   0.0   2   2     0.057         5    1.6   0.0   206   233   253   280   241   298 0.83 -
GH5_39               -            293 FUN_005506-T1        -            413   1.5e-18   62.6   0.0   1   2   6.3e-20   5.5e-18   60.8   0.0    20   154    71   205    58   211 0.89 -
GH5_39               -            293 FUN_005506-T1        -            413   1.5e-18   62.6   0.0   2   2      0.49        43   -1.2   0.0   236   260   253   277   236   285 0.76 -
GH5_22               -            286 FUN_005506-T1        -            413   3.6e-18   61.6   0.1   1   3   2.1e-08   1.8e-06   23.2   0.0    31    88    64   121    59   126 0.95 -
GH5_22               -            286 FUN_005506-T1        -            413   3.6e-18   61.6   0.1   2   3   4.3e-12   3.8e-10   35.3   0.0   116   183   138   205   135   220 0.87 -
GH5_22               -            286 FUN_005506-T1        -            413   3.6e-18   61.6   0.1   3   3      0.76        66   -1.6   0.0    82   103   229   250   225   271 0.88 -
GH5_8                -            253 FUN_005506-T1        -            413   6.7e-16   53.9   0.0   1   1   1.1e-17   9.8e-16   53.4   0.0    31   244    66   307    53   313 0.75 -
GH5_46               -            257 FUN_005506-T1        -            413   9.9e-16   53.3   0.0   1   1   2.3e-16     2e-14   49.0   0.0    25   231    67   279    60   311 0.78 -
GH16_3               -            230 FUN_005509-T1        -            317   9.6e-49  161.7   0.4   1   1   3.1e-51   1.1e-48  161.5   0.4     3   230    39   312    37   312 0.87 -
GH16                 -            189 FUN_005509-T1        -            317   5.9e-33  110.4   2.8   1   1   2.1e-35   7.2e-33  110.1   2.8     3   189    38   312    36   312 0.79 -
AA7                  -            458 FUN_005591-T1        -            471   3.6e-56  187.1   4.1   1   1   5.2e-58   3.6e-55  183.8   4.1    12   453    37   461    26   464 0.71 -
#
# Program:         hmmscan
# Version:         3.4 (Aug 2023)
# Pipeline mode:   SCAN
# Query file:      /home/zack/Desktop/IsariaPreferralGenome/MyGenomeSubmittedToNCBI/HypocrealesProteinSets/GENOMES/CcateniannulataMBC234/FunannotatePredict/annotate_misc/split_prots/chunk_2.fa
# Target file:     /home/zack/funannotate_db/dbCAN.hmm
# Option settings: hmmscan --domtblout /home/zack/Desktop/IsariaPreferralGenome/MyGenomeSubmittedToNCBI/HypocrealesProteinSets/GENOMES/CcateniannulataMBC234/FunannotatePredict/annotate_misc/split_prots/chunk_2.dbcan.txt -E 1e-15 --cpu 1 /home/zack/funannotate_db/dbCAN.hmm /home/zack/Desktop/IsariaPreferralGenome/MyGenomeSubmittedToNCBI/HypocrealesProteinSets/GENOMES/CcateniannulataMBC234/FunannotatePredict/annotate_misc/split_prots/chunk_2.fa 
# Current dir:     /home/zack
# Date:            Mon Mar  4 00:39:56 2024
# [ok]
