#                                                                            --- full sequence --- -------------- this domain -------------   hmm coord   ali coord   env coord
# target name        accession   tlen query name           accession   qlen   E-value  score  bias   #  of  c-Evalue  i-Evalue  score  bias  from    to  from    to  from    to  acc description of target
#------------------- ---------- ----- -------------------- ---------- ----- --------- ------ ----- --- --- --------- --------- ------ ----- ----- ----- ----- ----- ----- ----- ---- ---------------------
CE5                  -            189 FUN_000018-T1        -            208   2.2e-20   69.0   0.1   1   1     4e-23   2.8e-20   68.6   0.1     8   133    48   158    43   205 0.84 -
AA7                  -            458 FUN_000026-T1        -            472   1.9e-85  283.6   7.9   1   1   2.7e-86   1.9e-83  277.0   7.9     6   458    39   468    36   468 0.85 -
CE4                  -            130 FUN_000029-T1        -            461   2.2e-30  100.9   0.0   1   2   9.8e-32   6.9e-29   96.1   0.0     6   127   106   239   102   242 0.90 -
CE4                  -            130 FUN_000029-T1        -            461   2.2e-30  100.9   0.0   2   2    0.0029         2    4.0   0.1    65   125   234   305   230   309 0.67 -
GT2_Chitin_synth_2   PF03142.14   527 FUN_000030-T1        -            638   3.8e-43  143.3   0.5   1   2   1.3e-11   9.2e-09   29.8   0.0    15    83   163   231   122   247 0.84 Chitin synthase
GT2_Chitin_synth_2   PF03142.14   527 FUN_000030-T1        -            638   3.8e-43  143.3   0.5   2   2   2.8e-36   1.9e-33  111.2   0.7   154   507   273   632   256   636 0.76 Chitin synthase
AA3_2                -            568 FUN_000056-T1        -            584    1e-142  472.1   0.4   1   1  6.9e-145  1.2e-142  471.9   0.4     3   567    24   582    22   583 0.91 -
AA3                  -            618 FUN_000056-T1        -            584   1.2e-74  247.2   0.1   1   1   8.4e-77   1.5e-74  246.9   0.1    84   399    18   582     2   584 0.81 -
AA3_3                -            590 FUN_000056-T1        -            584   7.1e-67  221.5   0.0   1   3   4.1e-51   7.2e-49  162.0   0.0     2   318    23   347    22   392 0.89 -
AA3_3                -            590 FUN_000056-T1        -            584   7.1e-67  221.5   0.0   2   3   0.00029      0.05    7.3   0.0   406   436   428   458   401   485 0.78 -
AA3_3                -            590 FUN_000056-T1        -            584   7.1e-67  221.5   0.0   3   3   7.5e-17   1.3e-14   48.9   0.0   514   587   509   582   494   584 0.92 -
AA3_1                -            548 FUN_000056-T1        -            584   1.1e-40  135.2   1.3   1   2   1.1e-15   1.9e-13   45.2   0.1    12   140    19   146     8   153 0.80 -
AA3_1                -            548 FUN_000056-T1        -            584   1.1e-40  135.2   1.3   2   2   7.4e-28   1.3e-25   85.4   0.1   209   546   236   582   215   583 0.64 -
AA7                  -            458 FUN_000059-T1        -            496   1.5e-46  155.4  15.6   1   1   1.7e-48   1.2e-45  152.4  15.6     7   453    53   483    48   486 0.82 -
GT41                 -            705 FUN_000124-T1        -            810   9.5e-16   52.8   8.2   1   4   1.7e-08   1.2e-05   19.4   0.1   119   191    60   132     6   138 0.76 -
GT41                 -            705 FUN_000124-T1        -            810   9.5e-16   52.8   8.2   2   4   3.1e-07   0.00022   15.3   0.0   113   215   161   245   141   303 0.74 -
GT41                 -            705 FUN_000124-T1        -            810   9.5e-16   52.8   8.2   3   4   3.6e-08   2.5e-05   18.4   2.9   100   215   386   490   339   536 0.77 -
GT41                 -            705 FUN_000124-T1        -            810   9.5e-16   52.8   8.2   4   4      0.15   1.1e+02   -3.5   0.0   162   191   740   769   720   806 0.65 -
GH93                 -            307 FUN_000146-T1        -            358   5.4e-66  218.2   1.4   1   2     2e-63   7.1e-61  201.4   0.4     3   270    23   296    21   302 0.89 -
GH93                 -            307 FUN_000146-T1        -            358   5.4e-66  218.2   1.4   2   2   7.1e-05     0.025    9.1   0.0    95   143   303   345   296   356 0.78 -
GH33                 -            342 FUN_000146-T1        -            358   2.7e-22   74.9   4.4   1   3   0.00063      0.22    6.2   0.0   208   248    27    68    13    81 0.68 -
GH33                 -            342 FUN_000146-T1        -            358   2.7e-22   74.9   4.4   2   3   2.2e-15   7.7e-13   43.8   0.1   159   249    84   187    79   225 0.78 -
GH33                 -            342 FUN_000146-T1        -            358   2.7e-22   74.9   4.4   3   3   9.1e-10   3.2e-07   25.4   0.5   163   246   226   320   211   349 0.73 -
GH47                 -            446 FUN_000169-T1        -           1071  4.5e-136  449.8   0.0   1   1  7.9e-139  5.5e-136  449.5   0.0     1   445    16   555    16   556 0.94 -
GH16_22              -            216 FUN_000176-T1        -            320   8.1e-79  259.4   1.7   1   1   4.4e-81     1e-78  259.1   1.7     2   216    87   291    86   291 0.96 -
GH16                 -            189 FUN_000176-T1        -            320   2.5e-25   85.6   4.4   1   1   1.5e-27   3.4e-25   85.1   4.4     9   188    84   291    67   292 0.71 -
GH16_23              -            192 FUN_000176-T1        -            320   1.5e-17   59.0   0.6   1   2    0.0039       0.9    4.3   0.1   164   175    92   103    90   113 0.90 -
GH16_23              -            192 FUN_000176-T1        -            320   1.5e-17   59.0   0.6   2   2     5e-18   1.2e-15   52.8   0.0    25   170   131   270   111   290 0.83 -
GT1                  -            382 FUN_000201-T1        -           1189     3e-61  203.5   1.2   1   2      0.12        86   -1.4   0.1   108   139   134   165    45   204 0.58 -
GT1                  -            382 FUN_000201-T1        -           1189     3e-61  203.5   1.2   2   2   4.2e-64     3e-61  203.5   1.2    76   381   259   595   240   596 0.97 -
GT90                 -            250 FUN_000243-T1        -            611   4.7e-65  215.1   0.0   1   2      0.22   1.5e+02   -2.8   0.1     2    17   185   200   185   207 0.89 -
GT90                 -            250 FUN_000243-T1        -            611   4.7e-65  215.1   0.0   2   2   1.6e-67   1.1e-64  213.8   0.0    13   247   321   595   310   597 0.90 -
AA8                  -            182 FUN_000254-T1        -            530   2.1e-16   55.6   0.0   1   1   5.6e-19   3.9e-16   54.7   0.0    31   175   122   268   102   273 0.88 -
GH31                 -            427 FUN_000291-T1        -            882  4.2e-143  472.8   5.6   1   1  7.8e-146  5.5e-143  472.4   5.6     1   426   251   763   251   764 0.97 -
GT17                 -            284 FUN_000293-T1        -            374   1.2e-77  256.3   0.1   1   1     2e-80   1.4e-77  256.1   0.1     6   283    70   361    66   362 0.92 -
GT62                 -            268 FUN_000304-T1        -            445    1e-124  410.6   0.6   1   2    2e-127  1.4e-124  410.1   0.0     3   268    67   330    65   330 0.99 -
GT62                 -            268 FUN_000304-T1        -            445    1e-124  410.6   0.6   2   2       0.3   2.1e+02   -3.6   0.7    81   117   381   416   365   426 0.47 -
GH125                -            402 FUN_000335-T1        -            544  7.1e-158  521.0   0.0   1   1  1.2e-160  8.5e-158  520.7   0.0     1   402    83   517    83   517 0.97 -
GT2_Chitin_synth_1   PF01644.16   163 FUN_000363-T1        -            921   1.6e-76  251.2   0.0   1   1   6.7e-79   2.3e-76  250.7   0.0     1   163   235   397   235   397 1.00 Chitin synthase
GT2_Chitin_synth_2   PF03142.14   527 FUN_000363-T1        -            921   1.7e-25   85.0   7.0   1   2   5.3e-25   1.8e-22   75.0   0.3   204   468   375   664   368   675 0.68 Chitin synthase
GT2_Chitin_synth_2   PF03142.14   527 FUN_000363-T1        -            921   1.7e-25   85.0   7.0   2   2   0.00011     0.037    8.0   7.5   404   491   660   756   651   777 0.73 Chitin synthase
GH32                 -            293 FUN_000364-T1        -            580   2.6e-88  291.9   8.4   1   1   4.6e-91   3.2e-88  291.6   8.4     1   290    60   376    60   379 0.91 -
GT90                 -            250 FUN_000374-T1        -            620   4.8e-68  224.8   0.0   1   2     0.083        58   -1.4   0.0     2    21   177   196   177   257 0.73 -
GT90                 -            250 FUN_000374-T1        -            620   4.8e-68  224.8   0.0   2   2   2.5e-70   1.7e-67  223.0   0.0     3   248   303   594   301   595 0.92 -
GT90                 -            250 FUN_000388-T1        -            619   1.9e-63  209.8   1.1   1   2      0.13        93   -2.1   0.0     2    20   185   203   184   258 0.73 -
GT90                 -            250 FUN_000388-T1        -            619   1.9e-63  209.8   1.1   2   2   2.7e-66   1.9e-63  209.8   1.1    17   248   330   602   316   603 0.90 -
GH18                 -            296 FUN_000400-T1        -            394   2.1e-83  275.9   2.2   1   1   3.6e-86   2.5e-83  275.7   2.2     2   287     2   356     1   363 0.91 -
GH43_34              -            280 FUN_000434-T1        -            527   2.7e-95  314.5   2.0   1   1   1.4e-96   3.7e-95  314.1   2.0     1   280    64   345    64   345 0.98 -
GH43_29              -            278 FUN_000434-T1        -            527   1.4e-58  193.7   1.5   1   1   7.7e-60     2e-58  193.2   1.5     4   278    67   346    64   346 0.90 -
GH43                 -            248 FUN_000434-T1        -            527   1.3e-56  187.8   8.5   1   2     5e-58   1.3e-56  187.8   8.5     3   247    64   346    62   347 0.85 -
GH43                 -            248 FUN_000434-T1        -            527   1.3e-56  187.8   8.5   2   2       1.1        29   -0.1   0.0   145   187   413   458   357   521 0.57 -
GH43_3               -            299 FUN_000434-T1        -            527   1.5e-53  177.3   2.9   1   1   9.7e-55   2.5e-53  176.6   2.9     3   297    64   343    63   345 0.91 -
GH43_33              -            315 FUN_000434-T1        -            527   3.7e-47  156.2   2.3   1   2   1.9e-27   4.9e-26   86.8   2.0    12   143    79   215    70   235 0.88 -
GH43_33              -            315 FUN_000434-T1        -            527   3.7e-47  156.2   2.3   2   2   1.5e-21   3.9e-20   67.5   0.0   209   315   241   344   230   344 0.92 -
GH43_2               -            273 FUN_000434-T1        -            527   2.2e-43  144.1   0.5   1   1   1.2e-44   3.2e-43  143.6   0.5     2   273    72   345    71   345 0.85 -
GH43_16              -            311 FUN_000434-T1        -            527   2.9e-42  140.3   3.6   1   1   1.7e-43   4.5e-42  139.6   3.6     2   311    64   346    63   346 0.85 -
GH43_32              -            267 FUN_000434-T1        -            527   4.7e-39  129.9   0.7   1   1   6.1e-40   1.6e-38  128.1   0.7     1   266    81   343    81   344 0.89 -
GH43_30              -            265 FUN_000434-T1        -            527   1.5e-35  118.3   0.5   1   1   1.1e-36   2.9e-35  117.4   0.5     3   255    72   323    71   338 0.82 -
GH43_31              -            268 FUN_000434-T1        -            527   2.5e-34  114.3   0.5   1   1   1.4e-35   3.7e-34  113.7   0.5     4   262    72   334    70   340 0.85 -
GH43_1               -            310 FUN_000434-T1        -            527   6.8e-32  106.2   6.6   1   2     1e-20   2.7e-19   64.8   4.2     6   154    69   216    65   232 0.79 -
GH43_1               -            310 FUN_000434-T1        -            527   6.8e-32  106.2   6.6   2   2   2.7e-13     7e-12   40.4   0.0   212   310   239   346   212   346 0.82 -
GH43_19              -            233 FUN_000434-T1        -            527   2.8e-31  104.6   0.1   1   2   6.7e-31   1.7e-29   98.8   0.0    17   215    82   338    68   352 0.87 -
GH43_19              -            233 FUN_000434-T1        -            527   2.8e-31  104.6   0.1   2   2       1.5        38   -0.5   0.0   151   193   359   402   326   406 0.73 -
GH43_9               -            272 FUN_000434-T1        -            527   2.2e-30  101.4   2.0   1   1   1.3e-31   3.2e-30  100.8   2.0     2   271    64   345    63   346 0.80 -
GH43_26              -            294 FUN_000434-T1        -            527   6.5e-26   86.9   0.3   1   1   3.8e-27   9.8e-26   86.3   0.3     3   293    64   345    63   346 0.83 -
GH43_10              -            271 FUN_000434-T1        -            527   5.2e-25   84.1   0.9   1   1   3.8e-26   9.7e-25   83.2   0.9     2   250    64   320    63   342 0.82 -
GH43_24              -            246 FUN_000434-T1        -            527   3.3e-24   81.3   0.0   1   1     2e-25   5.2e-24   80.6   0.0     5   239    80   317    77   320 0.83 -
GH43_8               -            281 FUN_000434-T1        -            527   9.3e-24   79.6   0.9   1   2   5.8e-25   1.5e-23   78.9   0.5     2   277    65   342    64   346 0.80 -
GH43_8               -            281 FUN_000434-T1        -            527   9.3e-24   79.6   0.9   2   2       2.3        58   -1.7   0.0   110   140   340   373   335   393 0.60 -
GH43_22              -            209 FUN_000434-T1        -            527   2.5e-22   75.1   0.2   1   1   1.8e-23   4.7e-22   74.2   0.2    15   207    80   320    69   322 0.76 -
CBM66                -            155 FUN_000434-T1        -            527   7.2e-22   73.8   3.6   1   1   4.3e-23   1.1e-21   73.2   3.6     2   154   361   521   360   522 0.93 -
GH43_5               -            287 FUN_000434-T1        -            527   1.9e-19   65.6   0.5   1   1   1.3e-20   3.3e-19   64.9   0.5     3   284    73   343    71   345 0.79 -
GH43_37              -            242 FUN_000434-T1        -            527   2.9e-19   65.1   0.0   1   2   1.1e-19   2.7e-18   61.9   0.0    21   233    90   298    76   309 0.72 -
GH43_37              -            242 FUN_000434-T1        -            527   2.9e-19   65.1   0.0   2   2     0.027      0.71    4.9   0.0   101   182   275   363   267   372 0.82 -
GH43_12              -            281 FUN_000434-T1        -            527   5.7e-18   60.8   1.0   1   2   3.7e-19   9.6e-18   60.1   0.4     2   213    64   285    63   326 0.76 -
GH43_12              -            281 FUN_000434-T1        -            527   5.7e-18   60.8   1.0   2   2       3.7        97   -2.3   0.0    37    83   357   404   355   426 0.76 -
GH43_35              -            294 FUN_000434-T1        -            527   4.1e-17   58.1   1.8   1   1   2.8e-18   7.3e-17   57.3   1.8     1   281    64   325    64   338 0.75 -
GH43_18              -            229 FUN_000434-T1        -            527   1.1e-16   56.8   0.1   1   1   8.3e-18   2.1e-16   55.8   0.1    11   227    77   304    69   306 0.78 -
GH43_17              -            266 FUN_000434-T1        -            527   1.4e-16   55.9   0.4   1   1     4e-17     1e-15   53.0   0.5    15   214    81   266    65   322 0.73 -
GH43_4               -            310 FUN_000434-T1        -            527   2.5e-16   55.5   4.3   1   2   1.6e-16   4.1e-15   51.5   2.1    10   227    79   283    72   293 0.79 -
GH43_4               -            310 FUN_000434-T1        -            527   2.5e-16   55.5   4.3   2   2     0.073       1.9    3.3   0.0   263   289   296   323   287   345 0.72 -
GH43_6               -            292 FUN_000434-T1        -            527   9.4e-16   53.1   0.5   1   1   1.4e-16   3.6e-15   51.2   0.4    23   290    96   343    87   344 0.82 -
GH47                 -            446 FUN_000447-T1        -            595  7.8e-163  538.0   0.0   1   1  1.3e-165    9e-163  537.8   0.0     1   446   115   590   115   590 0.95 -
GT2_Chitin_synth_2   PF03142.14   527 FUN_000501-T1        -            693   1.8e-24   81.6   4.9   1   2   0.00032      0.11    6.4   0.0    22    62   107   147    86   154 0.77 Chitin synthase
GT2_Chitin_synth_2   PF03142.14   527 FUN_000501-T1        -            693   1.8e-24   81.6   4.9   2   2   6.9e-25   2.4e-22   74.6   3.1   204   499   223   510   197   537 0.79 Chitin synthase
GT2_Glyco_trans_2_3  PF13632.5    197 FUN_000501-T1        -            693   2.8e-18   61.9   5.9   1   2      0.28        98   -1.8   2.5   127   193     7    82     3    90 0.45 Glycosyl transferase family group 2
GT2_Glyco_trans_2_3  PF13632.5    197 FUN_000501-T1        -            693   2.8e-18   61.9   5.9   2   2   8.1e-21   2.8e-18   61.9   5.9     2   182   224   449   223   493 0.73 Glycosyl transferase family group 2
GT2_Chitin_synth_2   PF03142.14   527 FUN_000515-T1        -           1778  1.3e-228  755.3   0.1   1   1  2.6e-231  1.8e-228  754.8   0.1     2   525  1058  1566  1057  1568 0.98 Chitin synthase
GT2_Chitin_synth_2   PF03142.14   527 FUN_000516-T1        -           1860  4.2e-248  819.6   1.8   1   1  8.8e-251  6.1e-248  819.1   1.8     2   527  1204  1711  1203  1711 0.99 Chitin synthase
AA5                  -           1281 FUN_000585-T1        -            378   3.2e-64  212.5  51.6   1   2   4.5e-46   3.1e-43  143.0  33.7    53   246    44   241    34   251 0.88 -
AA5                  -           1281 FUN_000585-T1        -            378   3.2e-64  212.5  51.6   2   2   1.6e-25   1.1e-22   74.9   9.9    51   149   256   355   246   361 0.85 -
GT64                 -            248 FUN_000652-T1        -            329   1.4e-22   75.3   0.0   1   1   3.5e-25   2.4e-22   74.6   0.0     1   154    90   246    90   255 0.92 -
GH18                 -            296 FUN_000682-T1        -            359   1.7e-16   56.3   0.0   1   2   1.9e-18   1.3e-15   53.3   0.0    27   197    37   240    12   250 0.75 -
GH18                 -            296 FUN_000682-T1        -            359   1.7e-16   56.3   0.0   2   2     0.019        13    0.8   0.0   255   278   252   277   240   293 0.78 -
GH31                 -            427 FUN_000690-T1        -           1389  6.7e-148  488.6   6.5   1   2      0.19   1.3e+02   -3.3   0.0    25    70   102   149   100   154 0.87 -
GH31                 -            427 FUN_000690-T1        -           1389  6.7e-148  488.6   6.5   2   2  9.5e-151  6.7e-148  488.6   6.5     2   426   792  1239   791  1240 0.96 -
GH72                 -            312 FUN_000711-T1        -            526  5.2e-128  422.1   2.5   1   1  1.9e-130  6.5e-128  421.7   2.5     3   310    17   327    15   329 0.97 -
CBM43                -             83 FUN_000711-T1        -            526   4.1e-16   54.8   1.4   1   1   2.6e-18   9.2e-16   53.7   1.4     2    76   379   458   378   464 0.87 -
AA11                 -            191 FUN_000730-T1        -            385   4.6e-63  208.0   0.8   1   1   9.4e-66   6.6e-63  207.5   0.8    11   187    34   212    20   215 0.88 -
GT4                  -            160 FUN_000757-T1        -            496   8.2e-35  115.3   0.0   1   1   3.9e-37   1.4e-34  114.5   0.0     7   137   218   348   215   362 0.94 -
GT5                  -            472 FUN_000757-T1        -            496   2.3e-20   68.1   0.0   1   2    0.0067       2.4    2.1   0.0    15    45    19    49     7    73 0.85 -
GT5                  -            472 FUN_000757-T1        -            496   2.3e-20   68.1   0.0   2   2   1.2e-21   4.1e-19   64.0   0.0   291   471   219   393   177   394 0.87 -
GH105                -            332 FUN_000783-T1        -            378   3.6e-21   71.1   4.7   1   1   1.4e-23     1e-20   69.7   4.6    78   280   120   324    35   340 0.82 -
GH16_18              -            158 FUN_000811-T1        -            366   1.6e-66  218.1   0.3   1   1   2.2e-68   2.6e-66  217.4   0.3     2   158    67   221    66   221 0.99 -
GH16_19              -            174 FUN_000811-T1        -            366   4.1e-43  142.2   0.4   1   1   7.3e-45   8.5e-43  141.2   0.4     7   174    63   224    57   224 0.94 -
GH16_21              -            206 FUN_000811-T1        -            366   1.7e-23   78.5   0.1   1   1   2.3e-25   2.7e-23   77.9   0.1    40   183    61   207    38   238 0.81 -
GH16                 -            189 FUN_000811-T1        -            366   1.2e-22   76.8   0.7   1   2     1e-24   1.2e-22   76.8   0.7    52   176    78   217    41   240 0.80 -
GH16                 -            189 FUN_000811-T1        -            366   1.2e-22   76.8   0.7   2   2       1.5   1.8e+02   -2.0   0.1    78    78   304   304   241   345 0.55 -
GH16_27              -            138 FUN_000811-T1        -            366   2.5e-18   61.7   0.1   1   1   3.5e-20   4.1e-18   61.1   0.1    28   133   104   208    81   212 0.76 -
GH16_25              -            163 FUN_000811-T1        -            366     6e-16   54.3   0.1   1   1   8.3e-18   9.7e-16   53.6   0.1     6   145    82   221    78   240 0.77 -
GH92                 -            491 FUN_000813-T1        -            780  1.4e-157  520.9   0.0   1   1  2.5e-160  1.8e-157  520.5   0.0     3   490   249   758   248   759 0.96 -
GT1                  -            382 FUN_000832-T1        -           1388   2.3e-52  174.3   0.0   1   1   8.6e-55     6e-52  172.9   0.0     6   377   899  1313   894  1317 0.98 -
GT20                 -            475 FUN_000844-T1        -            872  3.1e-155  512.6   0.0   1   1  5.6e-158  3.9e-155  512.3   0.0    70   474   112   552    11   553 0.87 -
GT24                 -            248 FUN_000856-T1        -           1457  1.4e-135  445.7   0.8   1   1  3.3e-138  2.3e-135  445.0   0.8     1   248  1151  1398  1151  1398 1.00 -
GH17                 -            311 FUN_000860-T1        -            377     6e-28   93.4   0.2   1   1   2.1e-29   1.4e-26   88.9   0.2     8   298   123   368   115   372 0.78 -
GT48                 -            739 FUN_000862-T1        -           1942         0 1087.2   2.9   1   2         0         0 1083.3   0.0     1   733   861  1640   861  1652 0.98 -
GT48                 -            739 FUN_000862-T1        -           1942         0 1087.2   2.9   2   2    0.0045       3.1    1.2   3.4   498   627  1710  1836  1655  1856 0.77 -
GT2_Glyco_trans_2_3  PF13632.5    197 FUN_000945-T1        -            890   2.5e-54  179.6   3.3   1   1   1.1e-56   7.4e-54  178.0   3.3     1   193   507   717   507   727 0.81 Glycosyl transferase family group 2
GH16_4               -            316 FUN_000946-T1        -            491  2.8e-114  376.9  11.8   1   1  3.7e-116  4.3e-114  376.3  11.8     2   315   160   481   159   482 0.95 -
GH16_3               -            230 FUN_000946-T1        -            491   2.6e-49  163.6   4.4   1   1   5.3e-51   6.1e-49  162.3   4.4     5   210   161   437   157   458 0.84 -
GH16                 -            189 FUN_000946-T1        -            491   4.2e-41  137.0  10.3   1   1   5.9e-43   6.9e-41  136.3  10.3     6   176   161   464   156   481 0.79 -
GH16_5               -            238 FUN_000946-T1        -            491     3e-23   77.6   0.9   1   2   4.1e-21   4.7e-19   63.8   1.2    26   204   184   389   158   391 0.69 -
GH16_5               -            238 FUN_000946-T1        -            491     3e-23   77.6   0.9   2   2   8.6e-05      0.01   10.4   0.0   196   217   415   435   406   447 0.74 -
GH16_6               -            274 FUN_000946-T1        -            491   2.1e-21   71.8   5.2   1   2   3.7e-05    0.0043   11.7   0.1     5    55   161   212   157   226 0.78 -
GH16_6               -            274 FUN_000946-T1        -            491   2.1e-21   71.8   5.2   2   2   3.9e-20   4.6e-18   60.8   1.4    73   252   253   434   236   444 0.79 -
GH16_7               -            226 FUN_000946-T1        -            491   3.7e-16   54.7   1.9   1   3     0.012       1.4    3.8   0.0    24    63   175   215   162   238 0.76 -
GH16_7               -            226 FUN_000946-T1        -            491   3.7e-16   54.7   1.9   2   3   7.3e-15   8.5e-13   43.7   1.1    71   183   258   379   252   391 0.78 -
GH16_7               -            226 FUN_000946-T1        -            491   3.7e-16   54.7   1.9   3   3      0.01       1.2    4.0   0.0   188   206   416   434   405   446 0.69 -
GH18                 -            296 FUN_000951-T1        -            336   1.8e-23   79.2   5.0   1   1   2.5e-25   1.7e-22   75.9   5.0     4   222    33   288    30   328 0.74 -
AA7                  -            458 FUN_001007-T1        -            568   1.9e-39  132.0   9.9   1   2   1.9e-37   1.3e-34  116.0   8.5     3   217    86   312    84   326 0.91 -
AA7                  -            458 FUN_001007-T1        -            568   1.9e-39  132.0   9.9   2   2   5.7e-07    0.0004   15.5   0.0   419   454   511   546   371   549 0.73 -
GH76                 -            358 FUN_001016-T1        -            583   6.2e-56  185.6   6.3   1   1   1.6e-58   1.1e-55  184.8   6.3    34   328    88   491    63   517 0.81 -
AA3_2                -            568 FUN_001029-T1        -            633  1.3e-128  425.6   0.7   1   1  1.1e-130  1.9e-128  425.1   0.7     2   546    54   625    53   630 0.88 -
AA3                  -            618 FUN_001029-T1        -            633   5.4e-67  221.9   0.3   1   1     4e-69   7.1e-67  221.5   0.3    77   375    42   622    17   629 0.86 -
AA3_3                -            590 FUN_001029-T1        -            633   3.1e-42  140.1   1.3   1   2     5e-38   8.7e-36  118.8   0.5     3   461    55   549    53   557 0.79 -
AA3_3                -            590 FUN_001029-T1        -            633   3.1e-42  140.1   1.3   2   2     1e-07   1.8e-05   18.7   0.0   511   567   569   626   565   631 0.89 -
AA3_1                -            548 FUN_001029-T1        -            633   1.8e-33  111.3   7.9   1   3   1.8e-10   3.1e-08   28.0   1.9    13   106    51   151    43   175 0.82 -
AA3_1                -            548 FUN_001029-T1        -            633   1.8e-33  111.3   7.9   2   3   2.1e-18   3.6e-16   54.2   0.5   200   368   288   448   279   463 0.82 -
AA3_1                -            548 FUN_001029-T1        -            633   1.8e-33  111.3   7.9   3   3   2.7e-11   4.7e-09   30.7   0.0   407   524   506   624   491   628 0.82 -
GH2                  -            752 FUN_001041-T1        -            854   3.6e-96  318.7   8.4   1   1   6.1e-99   4.3e-96  318.5   8.4    26   560     3   748     1   822 0.74 -
AA3_2                -            568 FUN_001061-T1        -            570  4.5e-110  364.4   0.0   1   1    3e-112  5.2e-110  364.2   0.0     2   527    35   570    34   570 0.83 -
AA3                  -            618 FUN_001061-T1        -            570   7.1e-61  201.7   0.0   1   1   4.8e-63   8.5e-61  201.5   0.0    82   359    28   570    13   570 0.85 -
AA3_3                -            590 FUN_001061-T1        -            570   1.8e-51  170.6   0.0   1   3   4.5e-44   7.8e-42  138.8   0.0     2   307    35   351    34   392 0.79 -
AA3_3                -            590 FUN_001061-T1        -            570   1.8e-51  170.6   0.0   2   3   1.7e-06    0.0003   14.7   0.0   411   460   459   508   445   515 0.86 -
AA3_3                -            590 FUN_001061-T1        -            570   1.8e-51  170.6   0.0   3   3   3.8e-06   0.00066   13.5   0.0   512   546   536   569   516   570 0.88 -
AA3_1                -            548 FUN_001061-T1        -            570   7.1e-38  125.9   0.1   1   3   2.4e-22   4.1e-20   67.2   0.1     9   159    28   174    18   185 0.81 -
AA3_1                -            548 FUN_001061-T1        -            570   7.1e-38  125.9   0.1   2   3   6.8e-15   1.2e-12   42.6   0.1   201   317   242   353   227   374 0.80 -
AA3_1                -            548 FUN_001061-T1        -            570   7.1e-38  125.9   0.1   3   3   1.1e-05    0.0019   12.2   0.0   408   503   467   567   462   570 0.76 -
GH31                 -            427 FUN_001116-T1        -            932  6.4e-146  482.0   1.8   1   1  1.2e-148  8.1e-146  481.7   1.8     1   427   249   812   249   812 0.98 -
GH3                  -            216 FUN_001126-T1        -            832     3e-63  208.7   0.0   1   1   6.9e-66   4.8e-63  208.0   0.0     5   216    34   245    30   245 0.97 -
GH5_11               -            313 FUN_001140-T1        -            422  2.9e-119  393.4   0.0   1   1  2.9e-121  3.4e-119  393.2   0.0     1   313    40   376    40   376 0.97 -
GH5_16               -            337 FUN_001140-T1        -            422   2.2e-56  186.8   0.0   1   1   2.5e-58   2.9e-56  186.4   0.0     1   336    40   376    40   377 0.80 -
GH5_24               -            315 FUN_001140-T1        -            422   4.6e-46  153.1   0.9   1   1   5.7e-48   6.7e-46  152.6   0.9     1   310    40   379    40   382 0.89 -
GH5_51               -            351 FUN_001140-T1        -            422   4.5e-36  120.1   1.0   1   1   4.4e-34   5.1e-32  106.7   1.0     3   349    42   378    40   380 0.83 -
GH5                  -            275 FUN_001140-T1        -            422     6e-36  119.8   2.5   1   1   6.6e-38   7.7e-36  119.5   2.5     2   232    40   377    39   391 0.77 -
GH5_1                -            310 FUN_001140-T1        -            422   3.3e-26   88.0   0.0   1   1     4e-28   4.7e-26   87.5   0.0     1   301    42   376    42   379 0.83 -
PL7_4                -            214 FUN_001180-T1        -            245   4.8e-79  260.3   0.0   1   1   3.9e-81   5.4e-79  260.1   0.0     1   214    29   245    29   245 0.97 -
PL7                  -            231 FUN_001180-T1        -            245   2.9e-41  137.2   0.0   1   1   2.3e-43   3.3e-41  137.0   0.0     1   231    29   245    29   245 0.93 -
PL7_1                -            219 FUN_001180-T1        -            245   1.4e-20   69.0   0.0   1   1   1.1e-22   1.6e-20   68.8   0.0     2   219    30   245    29   245 0.82 -
PL7_3                -            214 FUN_001180-T1        -            245   1.1e-18   63.2   0.0   1   1   9.3e-21   1.3e-18   62.9   0.0     1   214    30   245    30   245 0.82 -
PL7_5                -            267 FUN_001180-T1        -            245   2.5e-16   55.4   0.1   1   3   1.7e-10   2.4e-08   29.2   0.0     1    70    29   104    29   120 0.82 -
PL7_5                -            267 FUN_001180-T1        -            245   2.5e-16   55.4   0.1   2   3    0.0038      0.53    5.2   0.1   125   150   127   156   120   181 0.79 -
PL7_5                -            267 FUN_001180-T1        -            245   2.5e-16   55.4   0.1   3   3     6e-07   8.4e-05   17.6   0.3   196   261   182   241   165   245 0.78 -
GH71                 -            375 FUN_001229-T1        -            613  1.2e-138  457.4   0.3   1   1  3.9e-141  1.4e-138  457.1   0.3     1   374    37   427    37   428 0.97 -
CBM24                -             76 FUN_001229-T1        -            613   8.8e-30   98.4  19.2   1   2      0.49   1.7e+02   -1.9   0.0    33    64     9    41     6    43 0.86 -
CBM24                -             76 FUN_001229-T1        -            613   8.8e-30   98.4  19.2   2   2   1.9e-31   6.7e-29   95.5  19.8     1    76   531   610   531   610 0.95 -
AA14                 -            255 FUN_001233-T1        -            213   4.3e-54  179.3   9.6   1   2   1.4e-12     1e-09   33.9   0.1    37   121     8   100     2   102 0.90 -
AA14                 -            255 FUN_001233-T1        -            213   4.3e-54  179.3   9.6   2   2   2.1e-47   1.5e-44  148.0   5.9   139   253   100   213    99   213 0.98 -
GH76                 -            358 FUN_001234-T1        -            424  1.2e-102  339.3   9.9   1   1    2e-105  1.4e-102  339.1   9.9    30   356     4   367     1   369 0.95 -
GT4                  -            160 FUN_001254-T1        -            525   5.9e-39  128.7   0.0   1   1   2.4e-41   8.2e-39  128.3   0.0     3   159   246   405   244   406 0.95 -
GT5                  -            472 FUN_001254-T1        -            525   3.7e-23   77.3   0.0   1   2      0.22        77   -2.9   0.0    18    42    43    67    37    74 0.78 -
GT5                  -            472 FUN_001254-T1        -            525   3.7e-23   77.3   0.0   2   2   2.3e-25   8.1e-23   76.2   0.0   279   461   242   419   219   427 0.80 -
PL8_4                -            243 FUN_001258-T1        -            777  4.5e-126  414.3   8.3   1   1  3.9e-128  9.1e-126  413.3   8.3     2   243   390   633   389   633 0.98 -
PL8                  -            259 FUN_001258-T1        -            777   6.1e-43  142.6   2.0   1   1   3.9e-45   9.2e-43  142.0   2.0     2   257   388   634   387   636 0.89 -
PL8_3                -            249 FUN_001258-T1        -            777   1.6e-36  121.3   0.5   1   1   1.5e-38   3.5e-36  120.2   0.4     2   218   388   606   387   632 0.81 -
GT32                 -             90 FUN_001306-T1        -            371   1.4e-21   72.2   0.3   1   1   3.7e-24   2.6e-21   71.4   0.3     3    84   123   199   121   205 0.93 -
GT62                 -            268 FUN_001346-T1        -            406  6.4e-108  355.5   0.2   1   1  1.2e-110  8.1e-108  355.2   0.2     2   267    99   363    98   364 0.97 -
GH79                 -            455 FUN_001379-T1        -            529   3.3e-86  285.3   1.4   1   1   5.8e-89   4.1e-86  285.0   1.4     3   436    34   505    32   523 0.88 -
GH13_40              -            359 FUN_001390-T1        -            600    2e-175  578.3   0.0   1   1  1.1e-176  2.7e-175  577.9   0.0     1   358    33   392    33   393 0.99 -
GH13_31              -            349 FUN_001390-T1        -            600  1.4e-132  437.7   0.0   1   1  7.7e-134  1.9e-132  437.3   0.0     1   348    33   392    33   393 0.95 -
GH13_29              -            344 FUN_001390-T1        -            600  1.1e-116  385.2   0.0   1   1  6.8e-118  1.6e-116  384.6   0.0     1   343    32   392    32   393 0.93 -
GH13_23              -            344 FUN_001390-T1        -            600    6e-112  370.0   0.2   1   1  4.8e-113  1.2e-111  369.0   0.2     1   342    33   392    33   394 0.91 -
GH13_30              -            365 FUN_001390-T1        -            600   4.8e-87  287.8   4.5   1   1   4.9e-87   1.2e-85  283.3   4.5     1   363    33   390    33   392 0.88 -
GH13_17              -            350 FUN_001390-T1        -            600   2.7e-82  272.1   0.2   1   1   2.2e-83   5.2e-82  271.2   0.2     1   349    33   392    33   393 0.86 -
GH13_36              -            314 FUN_001390-T1        -            600     5e-73  241.6   0.0   1   1   2.9e-74   6.9e-73  241.1   0.0     1   312    33   391    33   393 0.86 -
GH13                 -            299 FUN_001390-T1        -            600   2.4e-70  233.5   1.5   1   1     1e-71   2.4e-70  233.5   1.5    13   292    33   393    28   398 0.77 -
GH13_16              -            353 FUN_001390-T1        -            600   1.8e-68  226.6   0.4   1   1   5.5e-69   1.3e-67  223.7   0.4     1   303    33   357    33   391 0.82 -
GH13_35              -            351 FUN_001390-T1        -            600   1.2e-55  184.6   0.0   1   2   6.6e-55   1.6e-53  177.6   0.1     1   195    33   231    33   254 0.91 -
GH13_35              -            351 FUN_001390-T1        -            600   1.2e-55  184.6   0.0   2   2     0.023      0.55    4.8   0.0   302   350   336   391   312   392 0.77 -
GH13_21              -            308 FUN_001390-T1        -            600   1.7e-54  180.7   0.5   1   2     5e-55   1.2e-53  177.9   0.2     1   304    33   390    33   393 0.83 -
GH13_21              -            308 FUN_001390-T1        -            600   1.7e-54  180.7   0.5   2   2       2.1        52   -1.5   0.0   203   219   447   463   434   507 0.79 -
GH13_20              -            300 FUN_001390-T1        -            600   3.5e-45  150.0   0.3   1   2   1.5e-40   3.5e-39  130.3   0.2     1   165    33   217    33   231 0.91 -
GH13_20              -            300 FUN_001390-T1        -            600   3.5e-45  150.0   0.3   2   2   3.9e-06   9.3e-05   17.3   0.0   243   294   334   390   249   394 0.77 -
GH13_4               -            400 FUN_001390-T1        -            600   2.2e-33  110.9   0.3   1   2   2.6e-34   6.4e-33  109.4   0.2     2   187    33   219    32   224 0.90 -
GH13_4               -            400 FUN_001390-T1        -            600   2.2e-33  110.9   0.3   2   2       1.8        43   -2.0   0.0   374   400   366   392   355   392 0.76 -
GH13_1               -            306 FUN_001390-T1        -            600   5.9e-31  103.1   0.0   1   1     5e-32   1.2e-30  102.1   0.0     2   297    33   389    32   395 0.73 -
GH13_14              -            289 FUN_001390-T1        -            600   6.4e-31  103.1   0.3   1   2   2.2e-27   5.3e-26   87.0   0.2     1   156    42   218    42   221 0.77 -
GH13_14              -            289 FUN_001390-T1        -            600   6.4e-31  103.1   0.3   2   2   3.6e-05   0.00086   14.1   0.0   237   289   330   387   274   387 0.86 -
GH13_2               -            310 FUN_001390-T1        -            600   1.8e-30  101.9   0.1   1   2   2.1e-27     5e-26   87.3   0.0     2   175    33   216    32   225 0.78 -
GH13_2               -            310 FUN_001390-T1        -            600   1.8e-30  101.9   0.1   2   2   0.00019    0.0047   11.8   0.0   223   307   296   387   247   388 0.67 -
GH13_39              -            316 FUN_001390-T1        -            600   7.4e-27   89.9   0.9   1   3   1.7e-25   4.1e-24   80.9   0.7     1   165    33   216    33   227 0.88 -
GH13_39              -            316 FUN_001390-T1        -            600   7.4e-27   89.9   0.9   2   3    0.0082       0.2    6.4   0.0   254   311   341   392   334   395 0.84 -
GH13_39              -            316 FUN_001390-T1        -            600   7.4e-27   89.9   0.9   3   3       9.2   2.2e+02   -3.6   0.0   138   173   461   501   452   517 0.60 -
GH13_41              -            294 FUN_001390-T1        -            600   3.1e-23   78.0   0.1   1   2   2.7e-21   6.4e-20   67.1   0.1     1   159    33   215    33   221 0.79 -
GH13_41              -            294 FUN_001390-T1        -            600   3.1e-23   78.0   0.1   2   2     0.002     0.049    8.4   0.0   222   289   317   389   279   393 0.76 -
GH13_32              -            269 FUN_001390-T1        -            600   1.8e-19   65.7   0.6   1   2   1.1e-19   2.6e-18   61.9   0.2     1   155    49   218    49   222 0.74 -
GH13_32              -            269 FUN_001390-T1        -            600   1.8e-19   65.7   0.6   2   2      0.23       5.6    1.8   0.0   233   266   337   369   289   372 0.73 -
GH13_19              -            360 FUN_001390-T1        -            600   7.5e-19   63.4   3.0   1   3     2e-17   4.9e-16   54.1   0.2     1    98    33   114    33   157 0.80 -
GH13_19              -            360 FUN_001390-T1        -            600   7.5e-19   63.4   3.0   2   3     0.006      0.15    6.5   0.2   209   226   198   215   163   221 0.77 -
GH13_19              -            360 FUN_001390-T1        -            600   7.5e-19   63.4   3.0   3   3      0.91        22   -0.6   0.0   279   346   300   369   282   387 0.61 -
GH13_18              -            343 FUN_001390-T1        -            600   9.3e-19   63.0   0.0   1   1   2.7e-19   6.4e-18   60.2   0.0     2   159    51   221    50   300 0.81 -
GH13_10              -            313 FUN_001390-T1        -            600   1.5e-18   62.6   0.1   1   2   3.7e-19     9e-18   60.0   0.0     8   147    36   219    32   224 0.93 -
GH13_10              -            313 FUN_001390-T1        -            600   1.5e-18   62.6   0.1   2   2       1.1        28   -0.7   0.0   263   313   339   389   323   389 0.75 -
GH13_37              -            320 FUN_001390-T1        -            600   2.2e-18   61.6   0.0   1   2   3.7e-19     9e-18   59.6   0.0     8   155    32   213    26   224 0.81 -
GH13_37              -            320 FUN_001390-T1        -            600   2.2e-18   61.6   0.0   2   2         2        47   -1.9   0.0   305   320   374   389   303   431 0.65 -
GH13_6               -            289 FUN_001390-T1        -            600   9.8e-18   60.0   0.8   1   2   8.2e-18     2e-16   55.8   0.7     2   157    43   218    42   227 0.78 -
GH13_6               -            289 FUN_001390-T1        -            600   9.8e-18   60.0   0.8   2   2      0.24       5.9    1.7   0.0   249   281   338   370   299   375 0.83 -
GH13_12              -            284 FUN_001390-T1        -            600   1.2e-17   59.9   0.0   1   2   1.8e-18   4.4e-17   58.0   0.0     1   155    33   215    33   235 0.83 -
GH13_12              -            284 FUN_001390-T1        -            600   1.2e-17   59.9   0.0   2   2       7.3   1.8e+02   -3.0   0.0   248   282   340   389   333   390 0.64 -
GH13_13              -            361 FUN_001390-T1        -            600   1.3e-17   59.3   0.0   1   3    0.0041     0.098    7.0   0.0     1    24    41    64    41    66 0.89 -
GH13_13              -            361 FUN_001390-T1        -            600   1.3e-17   59.3   0.0   2   3   4.5e-16   1.1e-14   49.7   0.0    60   186    65   219    60   221 0.83 -
GH13_13              -            361 FUN_001390-T1        -            600   1.3e-17   59.3   0.0   3   3       1.5        35   -1.4   0.0   306   360   338   387   329   388 0.66 -
GH13_42              -            421 FUN_001390-T1        -            600   1.6e-17   59.1   0.1   1   2     3e-13   7.4e-12   40.4   0.0     2    83    33   111    32   120 0.85 -
GH13_42              -            421 FUN_001390-T1        -            600   1.6e-17   59.1   0.1   2   2   6.2e-06   0.00015   16.3   0.0   175   227   158   215   118   222 0.68 -
GH13_3               -            210 FUN_001390-T1        -            600     4e-17   57.8   0.2   1   2   6.2e-17   1.5e-15   52.7   0.1     3   148    40   226    38   260 0.77 -
GH13_3               -            210 FUN_001390-T1        -            600     4e-17   57.8   0.2   2   2       6.3   1.5e+02   -2.9   0.0   153   172   495   513   480   523 0.68 -
GH13_34              -            244 FUN_001390-T1        -            600   3.7e-16   54.9   0.0   1   3   2.6e-11   6.3e-10   34.4   0.0     2    87    34   122    33   129 0.88 -
GH13_34              -            244 FUN_001390-T1        -            600   3.7e-16   54.9   0.0   2   3   1.6e-05   0.00039   15.5   0.0    94   121   194   221   177   229 0.87 -
GH13_34              -            244 FUN_001390-T1        -            600   3.7e-16   54.9   0.0   3   3      0.49        12    0.8   0.0   218   241   366   389   320   392 0.75 -
GH35                 -            307 FUN_001393-T1        -           1008   5.2e-91  300.8   0.0   1   1   1.1e-93   7.4e-91  300.3   0.0     2   302    53   382    52   385 0.90 -
AA7                  -            458 FUN_001396-T1        -            505   2.9e-16   55.5   0.0   1   1   8.8e-19   6.1e-16   54.5   0.0    57   192    39   175    29   192 0.84 -
GT25                 -            181 FUN_001406-T1        -            412   6.3e-26   86.8   0.0   1   1   5.2e-28   3.6e-25   84.3   0.0     2   178    77   329    76   332 0.77 -
GH31                 -            427 FUN_001445-T1        -            843  9.7e-126  415.5   3.5   1   1  2.4e-128  1.7e-125  414.8   3.5     1   427   239   727   239   727 0.96 -
GT39                 -            223 FUN_001450-T1        -            901     5e-70  231.0  16.0   1   2   7.1e-73     5e-70  231.0  16.0     2   223    52   297    51   297 0.93 -
GT39                 -            223 FUN_001450-T1        -            901     5e-70  231.0  16.0   2   2      0.17   1.2e+02   -2.4   0.6   124   210   676   717   651   726 0.47 -
GH16_18              -            158 FUN_001531-T1        -            358   1.9e-47  156.1   1.6   1   1   1.6e-49   2.8e-47  155.6   1.6     2   158    82   237    81   237 0.93 -
GH16_19              -            174 FUN_001531-T1        -            358   2.5e-43  142.9   1.2   1   1   2.1e-45   3.6e-43  142.4   1.2    11   174    82   240    72   240 0.93 -
GH16                 -            189 FUN_001531-T1        -            358   1.2e-20   70.3   5.1   1   1   6.8e-23   1.2e-20   70.3   5.1    31   185    75   241    40   259 0.73 -
GH16_21              -            206 FUN_001531-T1        -            358   1.6e-19   65.6   2.4   1   1   1.4e-21   2.4e-19   65.0   2.4    52   187    91   228    49   243 0.82 -
AA7                  -            458 FUN_001539-T1        -            445     3e-41  137.9  20.8   1   3   1.7e-39   1.2e-36  122.7   8.6    31   166     1   145     1   147 0.96 -
AA7                  -            458 FUN_001539-T1        -            445     3e-41  137.9  20.8   2   3      0.49   3.4e+02   -4.0   1.0   106   129   249   272   247   273 0.78 -
AA7                  -            458 FUN_001539-T1        -            445     3e-41  137.9  20.8   3   3   9.1e-10   6.3e-07   24.8   0.1   374   450   338   412   313   416 0.83 -
CE5                  -            189 FUN_001573-T1        -            292   4.8e-39  129.8   0.5   1   1   9.5e-42   6.7e-39  129.4   0.5     3   187    23   217    20   219 0.91 -
GH54                 -            316 FUN_001623-T1        -            498  2.9e-133  439.4  10.3   1   1  1.1e-135  3.8e-133  439.0  10.3     1   315    28   335    28   336 0.97 -
CBM42                -            136 FUN_001623-T1        -            498   3.9e-54  177.8   0.2   1   1   1.6e-56   5.7e-54  177.2   0.2     2   135   353   492   352   493 0.99 -
GH18                 -            296 FUN_001627-T1        -            349   3.9e-22   74.8   8.9   1   2   1.7e-24   1.2e-21   73.2   2.1     3   201    42   300    40   317 0.71 -
GH18                 -            296 FUN_001627-T1        -            349   3.9e-22   74.8   8.9   2   2   0.00057       0.4    5.8   1.1   268   284   319   335   302   343 0.76 -
GT1                  -            382 FUN_001642-T1        -            870   1.7e-57  191.1   2.5   1   1   4.9e-60   3.4e-57  190.2   2.5    88   377   193   511   183   515 0.97 -
GH2                  -            752 FUN_001655-T1        -            802   6.8e-45  149.2   4.2   1   2   5.8e-38   4.1e-35  116.8   0.3   119   345    23   358    22   364 0.75 -
GH2                  -            752 FUN_001655-T1        -            802   6.8e-45  149.2   4.2   2   2   7.2e-13     5e-10   33.9   0.4   390   519   437   635   385   704 0.67 -
GH55                 -            740 FUN_001659-T1        -            731  3.1e-192  636.1   6.1   1   1  1.5e-194  1.1e-191  634.3   6.1    11   739    20   729    13   730 0.94 -
CBM13                -            188 FUN_001662-T1        -            546   3.8e-17   58.6   0.4   1   2   6.1e-12   4.3e-09   32.3   0.0    10   148    54   212    47   220 0.70 -
CBM13                -            188 FUN_001662-T1        -            546   3.8e-17   58.6   0.4   2   2   2.5e-09   1.8e-06   23.8   0.0    12   135   394   536   381   545 0.72 -
GH47                 -            446 FUN_001725-T1        -            510  1.2e-126  418.7   0.0   1   1  1.9e-129  1.3e-126  418.5   0.0     2   446    42   508    41   508 0.94 -
AA12                 -            401 FUN_001730-T1        -            455  4.9e-172  567.4   0.1   1   1  8.1e-175  5.7e-172  567.2   0.1     5   401    25   420    21   420 0.97 -
AA9                  -            220 FUN_001791-T1        -            480   2.3e-52  173.2   0.0   1   2   8.9e-55   6.2e-52  171.8   0.0     2   219     4   225     3   226 0.89 -
AA9                  -            220 FUN_001791-T1        -            480   2.3e-52  173.2   0.0   2   2      0.13        94   -2.1   0.2    41    84   393   433   370   443 0.57 -
GT2_Glycos_transf_2  PF00535.25   170 FUN_001798-T1        -            426   1.9e-24   81.8   0.0   1   1   4.7e-27   3.3e-24   81.0   0.0     1   118   125   284   125   324 0.90 Glycosyl transferase family 2
AA2                  -            255 FUN_001835-T1        -            389   4.7e-57  188.8   0.0   1   1   1.6e-59   1.1e-56  187.5   0.0     2   254    91   336    90   338 0.93 -
AA1                  -            358 FUN_001895-T1        -            680  9.6e-109  359.6   0.0   1   1  7.1e-111  1.2e-108  359.2   0.0     7   357   136   634   125   635 0.77 -
AA1_2                -            337 FUN_001895-T1        -            680   1.2e-80  266.5   1.0   1   2   7.2e-83   1.3e-80  266.4   0.0     2   328   138   497   137   502 0.91 -
AA1_2                -            337 FUN_001895-T1        -            680   1.2e-80  266.5   1.0   2   2       1.6   2.8e+02   -4.3   0.3    28    44   546   562   538   564 0.79 -
AA1_3                -            312 FUN_001895-T1        -            680   1.1e-77  256.7   0.0   1   1   1.1e-79   1.9e-77  255.9   0.0    11   301   117   425   108   437 0.89 -
AA1_1                -            303 FUN_001895-T1        -            680   8.9e-69  227.3   0.0   1   1   6.5e-71   1.1e-68  226.9   0.0     2   301   132   459   131   461 0.84 -
AA5                  -           1281 FUN_001936-T1        -            462   1.8e-20   67.6  18.6   1   2         1     7e+02  -11.0  15.8   252   285    88   107    70   114 0.49 -
AA5                  -           1281 FUN_001936-T1        -            462   1.8e-20   67.6  18.6   2   2   2.5e-23   1.8e-20   67.6  18.6   156   293   112   252   110   269 0.80 -
GH55                 -            740 FUN_001939-T1        -           1356  3.4e-233  771.5   8.0   1   1  1.4e-235  9.9e-233  770.0   8.0    12   732   193   917   185   928 0.94 -
CBM21                -            107 FUN_001968-T1        -            672   1.1e-30  101.8   0.0   1   1   2.8e-33     2e-30  100.9   0.0     6   107   307   410   303   410 0.97 -
GH76                 -            358 FUN_001996-T1        -            487   8.5e-98  323.3   7.8   1   1  1.6e-100   1.1e-97  322.9   7.8    13   355    29   408    18   412 0.94 -
GT2_Chitin_synth_1   PF01644.16   163 FUN_002010-T1        -            918     8e-76  249.0   0.3   1   1   3.8e-78   1.3e-75  248.2   0.3     1   163   252   414   252   414 0.99 Chitin synthase
GT2_Chitin_synth_2   PF03142.14   527 FUN_002010-T1        -            918   1.9e-23   78.3   5.7   1   2   1.7e-21   5.9e-19   63.5   0.0   204   376   392   568   385   653 0.84 Chitin synthase
GT2_Chitin_synth_2   PF03142.14   527 FUN_002010-T1        -            918   1.9e-23   78.3   5.7   2   2   3.2e-06    0.0011   13.0   5.2   431   492   713   776   668   797 0.70 Chitin synthase
AA7                  -            458 FUN_002036-T1        -            385   8.8e-36  119.9   4.0   1   1   1.4e-37     1e-34  116.4   4.0   106   454    11   359    10   363 0.66 -
PL20                 -            229 FUN_002044-T1        -            266     6e-62  204.5   0.8   1   1   9.7e-65   6.8e-62  204.3   0.8     1   228    24   258    24   259 0.96 -
GH35                 -            307 FUN_002140-T1        -            967   2.5e-84  278.9   0.0   1   1   1.6e-86   1.1e-83  276.8   0.0     1   303    51   338    51   341 0.93 -
GH152                -            216 FUN_002153-T1        -            245   2.2e-33  111.2   1.6   1   1   4.3e-36     3e-33  110.7   1.6    94   216     2   176     1   176 0.91 -
GT57                 -            481 FUN_002198-T1        -            592  1.5e-143  474.7  30.9   1   2     1e-92   7.1e-90  297.7  10.4     3   229    66   297    64   311 0.95 -
GT57                 -            481 FUN_002198-T1        -            592  1.5e-143  474.7  30.9   2   2   7.8e-58   5.4e-55  182.6  12.5   224   480   336   568   324   569 0.91 -
GT22                 -            389 FUN_002206-T1        -            614  5.4e-104  343.8  22.9   1   1  9.8e-107  6.8e-104  343.5  22.9     5   388    17   473    14   474 0.91 -
GT8                  -            257 FUN_002270-T1        -            693   3.6e-43  143.5   0.0   1   1   7.5e-46   5.2e-43  143.0   0.0    30   255    10   227     4   229 0.89 -
GT41                 -            705 FUN_002298-T1        -            829  5.4e-102  337.9   5.4   1   5   4.2e-12   2.9e-09   31.4   0.5   125   231    54   156    33   185 0.80 -
GT41                 -            705 FUN_002298-T1        -            829  5.4e-102  337.9   5.4   2   5     2e-16   1.4e-13   45.7   0.1   115   190   404   484   311   485 0.85 -
GT41                 -            705 FUN_002298-T1        -            829  5.4e-102  337.9   5.4   3   5     5e-08   3.5e-05   17.9   0.0   124   174   452   502   450   510 0.81 -
GT41                 -            705 FUN_002298-T1        -            829  5.4e-102  337.9   5.4   4   5   5.2e-79   3.6e-76  252.5   0.0   564   681   591   708   582   718 0.95 -
GT41                 -            705 FUN_002298-T1        -            829  5.4e-102  337.9   5.4   5   5    0.0015       1.1    3.1   0.0   305   347   727   798   716   804 0.57 -
CBM52                -             52 FUN_002350-T1        -            487   1.6e-28   94.0  12.5   1   2   2.2e-22   1.6e-19   65.2   5.0     3    49    46    91    44    93 0.94 -
CBM52                -             52 FUN_002350-T1        -            487   1.6e-28   94.0  12.5   2   2   4.2e-12     3e-09   32.3   0.8    20    48   277   305   271   310 0.92 -
GT41                 -            705 FUN_002369-T1        -            580   1.1e-16   55.9  13.4   1   3   7.1e-10     5e-07   24.0   0.1    85   189     5    99     1   152 0.76 -
GT41                 -            705 FUN_002369-T1        -            580   1.1e-16   55.9  13.4   2   3   1.4e-08   9.6e-06   19.8   1.6    78   189   248   355   216   357 0.73 -
GT41                 -            705 FUN_002369-T1        -            580   1.1e-16   55.9  13.4   3   3   8.9e-09   6.2e-06   20.4   2.9    87   219   331   476   321   548 0.62 -
GT2_Glycos_transf_2  PF00535.25   170 FUN_002407-T1        -            242   1.7e-35  117.7   0.0   1   1     3e-38   2.1e-35  117.5   0.0     1   169    11   180    11   181 0.98 Glycosyl transferase family 2
GH25                 -            177 FUN_002427-T1        -            228   7.7e-46  152.0   1.7   1   1   1.3e-48   8.9e-46  151.8   1.7     2   176    26   209    25   210 0.95 -
AA2                  -            255 FUN_002445-T1        -            389   2.8e-52  173.1   0.0   1   1   8.9e-55   6.2e-52  172.0   0.0     1   254    93   337    93   339 0.90 -
GH54                 -            316 FUN_002466-T1        -            504  4.2e-148  488.2  10.3   1   1  1.5e-150  5.4e-148  487.8  10.3     1   315    24   341    24   342 0.98 -
CBM42                -            136 FUN_002466-T1        -            504   2.2e-54  178.6   0.1   1   1   8.8e-57   3.1e-54  178.1   0.1     1   136   358   499   358   499 0.99 -
AA7                  -            458 FUN_002470-T1        -           1146   1.2e-37  126.0   9.4   1   2   7.2e-37     5e-34  114.1  11.0     5   182   303   497   299   510 0.92 -
AA7                  -            458 FUN_002470-T1        -           1146   1.2e-37  126.0   9.4   2   2   0.00011      0.08    7.9   0.0   383   452   676   746   634   749 0.69 -
GH92                 -            491 FUN_002479-T1        -            813  5.8e-160  528.7   0.0   1   1    1e-162  7.1e-160  528.4   0.0     4   489   263   770   261   772 0.97 -
GT15                 -            273 FUN_002492-T1        -            474  7.4e-102  335.9   0.0   1   2     1e-47   7.2e-45  149.0   0.0     1   111   118   228   118   229 0.99 -
GT15                 -            273 FUN_002492-T1        -            474  7.4e-102  335.9   0.0   2   2   4.9e-59   3.4e-56  186.1   0.0   141   272   229   391   227   392 0.99 -
GH16_18              -            158 FUN_002527-T1        -            380   2.1e-59  195.0   0.0   1   1   3.1e-61   3.6e-59  194.2   0.0     8   158    73   221    66   221 0.96 -
GH16_19              -            174 FUN_002527-T1        -            380   2.2e-43  143.1   0.0   1   1   4.2e-45   4.9e-43  142.0   0.0    21   174    77   224    57   224 0.93 -
GH16_21              -            206 FUN_002527-T1        -            380   3.4e-25   84.1   0.0   1   1   4.6e-27   5.3e-25   83.5   0.0    50   183    74   207    49   238 0.83 -
GH16                 -            189 FUN_002527-T1        -            380   3.8e-22   75.1   0.3   1   2   3.3e-24   3.8e-22   75.1   0.3    53   176    79   217    14   242 0.79 -
GH16                 -            189 FUN_002527-T1        -            380   3.8e-22   75.1   0.3   2   2       1.3   1.5e+02   -1.8   0.2    32    37   315   320   252   367 0.58 -
GH16_27              -            138 FUN_002527-T1        -            380     4e-17   57.8   0.0   1   1   6.4e-19   7.5e-17   57.0   0.0    28   132   104   207    81   211 0.77 -
GH16_25              -            163 FUN_002527-T1        -            380   8.5e-16   53.8   0.0   1   1   1.4e-17   1.6e-15   52.9   0.0     6   146    82   222    77   240 0.79 -
GH5_9                -            303 FUN_002533-T1        -            708  2.1e-107  354.7   8.6   1   1  6.8e-109  3.2e-107  354.1   8.6     1   303   342   665   342   665 0.96 -
GH5_45               -            299 FUN_002533-T1        -            708   9.6e-36  118.9   9.8   1   2   9.3e-36   4.4e-34  113.5   0.5     2   242   340   577   339   590 0.84 -
GH5_45               -            299 FUN_002533-T1        -            708   9.6e-36  118.9   9.8   2   2   0.00048     0.022    9.4   3.3   274   299   641   666   633   666 0.91 -
GH5_14               -            277 FUN_002533-T1        -            708   1.4e-32  108.7  10.1   1   2   6.3e-34   2.9e-32  107.6   0.1     3   233   340   577   338   584 0.82 -
GH5_14               -            277 FUN_002533-T1        -            708   1.4e-32  108.7  10.1   2   2     0.031       1.5    3.6   5.4   243   276   638   671   628   672 0.81 -
GH5_44               -            302 FUN_002533-T1        -            708   2.8e-32  107.5   9.3   1   2   2.3e-24   1.1e-22   76.0   0.0     1   122   342   473   342   483 0.81 -
GH5_44               -            302 FUN_002533-T1        -            708   2.8e-32  107.5   9.3   2   2   1.4e-09   6.6e-08   27.5   6.4   157   302   486   663   478   663 0.69 -
GH5                  -            275 FUN_002533-T1        -            708   1.9e-30  101.8  14.1   1   1   9.8e-32   4.5e-30  100.5  14.1    27   275   341   667   326   667 0.73 -
GH5_50               -            283 FUN_002533-T1        -            708   1.5e-26   88.8   8.7   1   2   1.6e-27   7.3e-26   86.5   0.2     1   236   340   576   340   588 0.80 -
GH5_50               -            283 FUN_002533-T1        -            708   1.5e-26   88.8   8.7   2   2     0.017      0.77    4.4   3.8   236   282   621   666   618   667 0.83 -
GH5_54               -            263 FUN_002533-T1        -            708   1.6e-24   82.3   0.9   1   1     6e-26   2.8e-24   81.5   0.9     2   218   328   556   327   580 0.81 -
GH5_15               -            300 FUN_002533-T1        -            708   5.3e-23   77.0  17.2   1   2   6.8e-21   3.2e-19   64.6   0.7     4   248   335   581   333   600 0.77 -
GH5_15               -            300 FUN_002533-T1        -            708   5.3e-23   77.0  17.2   2   2   3.5e-06   0.00016   16.3   9.8   255   299   631   672   619   673 0.79 -
GH5_33               -            278 FUN_002533-T1        -            708   1.7e-22   75.4   1.0   1   2   3.9e-17   1.8e-15   52.3   0.1     2    93   340   431   339   441 0.91 -
GH5_33               -            278 FUN_002533-T1        -            708   1.7e-22   75.4   1.0   2   2   8.4e-08   3.9e-06   21.7   0.1   146   272   456   587   434   591 0.76 -
GH5_46               -            257 FUN_002533-T1        -            708   1.5e-19   65.8   0.1   1   2   3.2e-21   1.5e-19   65.8   0.1     9   222   341   553   334   572 0.80 -
GH5_46               -            257 FUN_002533-T1        -            708   1.5e-19   65.8   0.1   2   2       1.7        81   -2.1   2.1   187   254   643   663   624   668 0.57 -
GH5_47               -            220 FUN_002533-T1        -            708   8.7e-18   60.1   1.3   1   2       3.6   1.7e+02   -3.0   0.0    10    36   160   186   158   195 0.83 -
GH5_47               -            220 FUN_002533-T1        -            708   8.7e-18   60.1   1.3   2   2   2.9e-19   1.3e-17   59.5   0.5    15   198   340   530   328   554 0.80 -
GH5_49               -            293 FUN_002533-T1        -            708   1.3e-17   59.4   7.0   1   2   1.9e-17   8.7e-16   53.4   0.0     2   220   340   550   339   585 0.81 -
GH5_49               -            293 FUN_002533-T1        -            708   1.3e-17   59.4   7.0   2   2    0.0034      0.16    6.5   4.1   242   289   621   666   618   668 0.86 -
GH5_37               -            313 FUN_002533-T1        -            708   3.9e-17   58.0   0.1   1   2       0.2       9.4    0.9   0.1     1    10   296   305   296   313 0.90 -
GH5_37               -            313 FUN_002533-T1        -            708   3.9e-17   58.0   0.1   2   2   1.2e-17   5.4e-16   54.3   0.0    15    85   341   413   332   463 0.93 -
GH5_22               -            286 FUN_002533-T1        -            708   5.8e-17   57.6   0.1   1   1   2.5e-18   1.2e-16   56.6   0.1     8   215   332   545   326   576 0.78 -
GH5_23               -            280 FUN_002533-T1        -            708   4.2e-16   54.5   1.2   1   1   1.8e-16   8.4e-15   50.2   1.2     1   234   344   576   344   589 0.74 -
GH3                  -            216 FUN_002544-T1        -            931   4.3e-49  162.4   0.0   1   1   9.9e-52   6.9e-49  161.7   0.0     9   215    86   311    78   312 0.91 -
CE9                  -            373 FUN_002545-T1        -            440    3e-114  376.8   0.1   1   1  5.3e-117  3.7e-114  376.5   0.1     1   365    23   416    23   422 0.93 -
GH125                -            402 FUN_002562-T1        -            519    8e-154  507.6   0.0   1   1  1.3e-156  9.3e-154  507.4   0.0     1   401    70   502    70   503 0.96 -
GH13_1               -            306 FUN_002577-T1        -            460  8.1e-111  365.4   0.3   1   1  4.7e-112  9.9e-111  365.1   0.3     1   306    57   346    57   346 0.98 -
GH13                 -            299 FUN_002577-T1        -            460   2.8e-61  203.8   6.7   1   1   1.9e-62     4e-61  203.3   6.7    13   297    58   346    53   348 0.82 -
GH13_2               -            310 FUN_002577-T1        -            460   2.6e-51  170.3   1.8   1   1   6.8e-52   1.5e-50  167.9   1.8     1   308    57   336    57   338 0.90 -
GH13_41              -            294 FUN_002577-T1        -            460   7.5e-45  149.0   0.0   1   1   4.7e-46     1e-44  148.6   0.0     1   290    58   338    58   342 0.86 -
GH13_20              -            300 FUN_002577-T1        -            460   1.5e-43  144.7   0.1   1   1   9.5e-45     2e-43  144.2   0.1     1   300    58   344    58   344 0.91 -
GH13_36              -            314 FUN_002577-T1        -            460   2.5e-41  137.5   1.3   1   1   6.5e-40   1.4e-38  128.5   1.3     1   309    58   336    58   340 0.84 -
GH13_12              -            284 FUN_002577-T1        -            460   3.7e-36  120.6   0.1   1   1     7e-37   1.5e-35  118.7   0.1     1   281    58   336    58   339 0.82 -
GH13_6               -            289 FUN_002577-T1        -            460   1.4e-34  115.4   2.4   1   2   5.4e-34   1.2e-32  109.0   1.2     2   177    68   236    67   245 0.93 -
GH13_6               -            289 FUN_002577-T1        -            460   1.4e-34  115.4   2.4   2   2      0.02      0.43    5.4   0.0   251   289   294   331   274   331 0.85 -
GH13_19              -            360 FUN_002577-T1        -            460   1.6e-33  111.7  11.4   1   2   1.5e-25   3.2e-24   81.1   1.5     1   107    58   149    58   176 0.86 -
GH13_19              -            360 FUN_002577-T1        -            460   1.6e-33  111.7  11.4   2   2   1.4e-09   2.9e-08   28.6   2.6   198   359   186   335   171   336 0.74 -
GH13_14              -            289 FUN_002577-T1        -            460   4.4e-33  110.2   0.7   1   1   4.3e-33   9.1e-32  105.9   0.7     1   289    67   335    67   335 0.78 -
GH13_21              -            308 FUN_002577-T1        -            460     2e-32  108.2   0.6   1   1   3.8e-32     8e-31  102.9   0.6     1   307    58   341    58   342 0.81 -
GH13_42              -            421 FUN_002577-T1        -            460   5.4e-31  103.4   6.5   1   3   1.3e-23   2.8e-22   74.7   0.9     2    83    58   137    57   142 0.93 -
GH13_42              -            421 FUN_002577-T1        -            460   5.4e-31  103.4   6.5   2   3   2.8e-06   5.8e-05   17.7   0.2   163   235   148   222   138   245 0.82 -
GH13_42              -            421 FUN_002577-T1        -            460   5.4e-31  103.4   6.5   3   3   6.9e-05    0.0015   13.1   0.0   359   418   283   338   262   341 0.80 -
GH13_13              -            361 FUN_002577-T1        -            460   8.2e-31  102.7   2.2   1   2   1.6e-26   3.3e-25   84.3   1.0    53   197    84   229    66   247 0.80 -
GH13_13              -            361 FUN_002577-T1        -            460   8.2e-31  102.7   2.2   2   2   8.7e-05    0.0018   12.7   0.0   294   361   280   336   261   336 0.73 -
GH13_32              -            269 FUN_002577-T1        -            460   4.2e-28   94.0   0.2   1   1     3e-29   6.4e-28   93.4   0.2     1   246    74   304    74   325 0.82 -
GH13_31              -            349 FUN_002577-T1        -            460   2.3e-27   91.7   5.9   1   3   5.4e-20   1.1e-18   63.1   1.5     1    77    58   135    58   140 0.93 -
GH13_31              -            349 FUN_002577-T1        -            460   2.3e-27   91.7   5.9   2   3    0.0025     0.054    8.3   0.2   140   181   177   219   142   241 0.87 -
GH13_31              -            349 FUN_002577-T1        -            460   2.3e-27   91.7   5.9   3   3   3.7e-07   7.8e-06   20.9   0.0   271   343   268   335   257   339 0.81 -
GH13_23              -            344 FUN_002577-T1        -            460   3.5e-27   91.2   0.3   1   3     2e-19   4.3e-18   61.4   0.4     1    77    58   135    58   140 0.93 -
GH13_23              -            344 FUN_002577-T1        -            460   3.5e-27   91.2   0.3   2   3     0.015      0.32    5.9   0.1   141   181   177   218   171   222 0.87 -
GH13_23              -            344 FUN_002577-T1        -            460   3.5e-27   91.2   0.3   3   3   7.4e-07   1.6e-05   20.0   0.0   232   337   228   335   222   340 0.79 -
GH13_28              -            266 FUN_002577-T1        -            460   1.2e-26   89.0   0.2   1   1   8.5e-28   1.8e-26   88.4   0.2     1   214    58   251    58   301 0.87 -
GH13_5               -            342 FUN_002577-T1        -            460     3e-26   87.8   0.9   1   2   1.2e-10   2.5e-09   32.1   0.7     3    80    71   138    69   150 0.85 -
GH13_5               -            342 FUN_002577-T1        -            460     3e-26   87.8   0.9   2   2   3.2e-17   6.7e-16   53.7   0.0   172   339   178   335   157   338 0.79 -
GH13_7               -            289 FUN_002577-T1        -            460   7.5e-26   86.5   1.7   1   1   8.2e-27   1.7e-25   85.3   1.7     2   286    67   332    66   334 0.85 -
GH13_39              -            316 FUN_002577-T1        -            460   8.1e-26   86.5   1.8   1   1   6.9e-27   1.5e-25   85.7   1.8     1   316    58   345    58   345 0.84 -
GH13_37              -            320 FUN_002577-T1        -            460   2.1e-25   84.7   2.6   1   2   3.7e-24   7.9e-23   76.2   1.1     9   165    58   222    52   228 0.84 -
GH13_37              -            320 FUN_002577-T1        -            460   2.1e-25   84.7   2.6   2   2    0.0029     0.061    7.6   0.0   253   318   281   335   225   337 0.73 -
GH13_29              -            344 FUN_002577-T1        -            460   2.4e-25   84.8   4.6   1   3   5.4e-21   1.1e-19   66.1   0.7     2    78    58   135    57   140 0.93 -
GH13_29              -            344 FUN_002577-T1        -            460   2.4e-25   84.8   4.6   2   3     0.083       1.8    3.0   0.1   138   181   175   219   140   234 0.80 -
GH13_29              -            344 FUN_002577-T1        -            460   2.4e-25   84.8   4.6   3   3   1.1e-05   0.00024   15.7   0.0   275   339   278   336   259   340 0.75 -
GH13_10              -            313 FUN_002577-T1        -            460   3.2e-25   84.5   0.7   1   2   1.7e-25   3.6e-24   81.1   0.6     5   147    58   218    56   225 0.82 -
GH13_10              -            313 FUN_002577-T1        -            460   3.2e-25   84.5   0.7   2   2      0.51        11    0.7   0.0   262   311   292   335   235   337 0.68 -
GH13_17              -            350 FUN_002577-T1        -            460     1e-21   72.9   1.9   1   3   1.3e-17   2.7e-16   55.0   0.5     1    78    58   136    58   146 0.92 -
GH13_17              -            350 FUN_002577-T1        -            460     1e-21   72.9   1.9   2   3    0.0015     0.032    8.7   0.1   143   186   176   219   141   231 0.82 -
GH13_17              -            350 FUN_002577-T1        -            460     1e-21   72.9   1.9   3   3    0.0056      0.12    6.9   0.0   273   345   263   336   241   340 0.78 -
GH13_40              -            359 FUN_002577-T1        -            460     5e-21   70.4   4.5   1   3   9.8e-19   2.1e-17   58.6   1.4     1    78    58   136    58   169 0.89 -
GH13_40              -            359 FUN_002577-T1        -            460     5e-21   70.4   4.5   2   3     0.022      0.46    4.8   0.2   145   186   177   218   141   229 0.80 -
GH13_40              -            359 FUN_002577-T1        -            460     5e-21   70.4   4.5   3   3    0.0058      0.12    6.7   0.0   294   323   283   311   261   336 0.72 -
GH13_30              -            365 FUN_002577-T1        -            460   5.8e-21   70.4   2.8   1   3   3.9e-20   8.3e-19   63.3   0.3     1    78    58   136    58   142 0.94 -
GH13_30              -            365 FUN_002577-T1        -            460   5.8e-21   70.4   2.8   2   3    0.0086      0.18    6.2   0.2   149   188   178   218   173   234 0.86 -
GH13_30              -            365 FUN_002577-T1        -            460   5.8e-21   70.4   2.8   3   3       3.4        72   -2.3   0.0   283   312   280   309   224   317 0.59 -
GH13_16              -            353 FUN_002577-T1        -            460   6.2e-20   67.0   5.0   1   4   3.8e-20     8e-19   63.3   0.1     1    77    58   135    58   138 0.94 -
GH13_16              -            353 FUN_002577-T1        -            460   6.2e-20   67.0   5.0   2   4      0.14         3    2.2   0.1   142   178   178   215   172   220 0.85 -
GH13_16              -            353 FUN_002577-T1        -            460   6.2e-20   67.0   5.0   3   4       1.7        36   -1.3   0.0   251   282   269   301   239   307 0.70 -
GH13_16              -            353 FUN_002577-T1        -            460   6.2e-20   67.0   5.0   4   4      0.39       8.3    0.8   0.1   338   348   325   335   303   339 0.74 -
GH13_9               -            301 FUN_002577-T1        -            460     5e-19   64.0   0.5   1   1     4e-20   8.5e-19   63.2   0.5     1   137    68   215    68   291 0.84 -
GH13_11              -            351 FUN_002577-T1        -            460   5.6e-18   60.7   0.2   1   2   2.7e-18   5.6e-17   57.4   0.2     2   172    58   217    57   274 0.86 -
GH13_11              -            351 FUN_002577-T1        -            460   5.6e-18   60.7   0.2   2   2      0.39       8.3    0.9   0.0   326   347   314   335   305   338 0.90 -
GH13_35              -            351 FUN_002577-T1        -            460   3.9e-17   57.9   1.7   1   3   5.5e-14   1.2e-12   43.2   0.3     1    78    58   136    58   143 0.92 -
GH13_35              -            351 FUN_002577-T1        -            460   3.9e-17   57.9   1.7   2   3    0.0022     0.046    8.3   0.0   142   180   176   215   143   220 0.84 -
GH13_35              -            351 FUN_002577-T1        -            460   3.9e-17   57.9   1.7   3   3     0.042       0.9    4.1   0.0   287   346   275   335   251   339 0.67 -
GH13_27              -            318 FUN_002577-T1        -            460   4.8e-17   57.6   0.1   1   2   8.4e-13   1.8e-11   39.3   0.1     3    82    64   140    62   149 0.92 -
GH13_27              -            318 FUN_002577-T1        -            460   4.8e-17   57.6   0.1   2   2   6.9e-06   0.00015   16.6   0.0   126   286   156   303   140   331 0.75 -
GH13_26              -            296 FUN_002577-T1        -            460   6.7e-17   57.3   0.8   1   2   1.6e-17   3.3e-16   55.0   0.5     2   104    67   166    66   186 0.88 -
GH13_26              -            296 FUN_002577-T1        -            460   6.7e-17   57.3   0.8   2   2      0.78        16    0.2   0.0   211   240   183   212   175   217 0.80 -
GH13_15              -            285 FUN_002577-T1        -            460   1.3e-16   56.2   0.5   1   1   2.1e-15   4.4e-14   47.9   0.5     1   275    74   321    74   324 0.77 -
CE4                  -            130 FUN_002587-T1        -            308     1e-19   66.4   0.0   1   1   2.5e-22   1.7e-19   65.7   0.0    24   127    45   149     2   152 0.90 -
GH79                 -            455 FUN_002632-T1        -            538   2.1e-30  101.4   0.0   1   1   4.2e-33   2.9e-30  100.9   0.0     1   424    49   503    49   518 0.83 -
GH43_30              -            265 FUN_002643-T1        -            342     1e-77  256.5   0.1   1   1   2.2e-79   1.2e-77  256.3   0.1     1   264    52   330    52   331 0.97 -
GH43                 -            248 FUN_002643-T1        -            342     4e-38  127.2   1.7   1   1   9.4e-40   5.1e-38  126.9   1.7    13   241    53   335    44   340 0.78 -
GH43_3               -            299 FUN_002643-T1        -            342   8.3e-29   96.1   1.7   1   1   4.9e-30   2.7e-28   94.4   1.7     9   227    52   285    46   334 0.79 -
GH43_34              -            280 FUN_002643-T1        -            342   7.8e-27   89.9   0.6   1   1   6.4e-28   3.5e-26   87.8   0.6     8   274    53   334    46   338 0.79 -
GH43_8               -            281 FUN_002643-T1        -            342   3.2e-26   87.7   0.1   1   1   1.8e-27   9.8e-26   86.1   0.1     7   222    52   285    47   327 0.77 -
GH43_31              -            268 FUN_002643-T1        -            342   9.4e-22   73.0   0.1   1   2   1.7e-17   8.9e-16   53.4   0.0     2   130    52   184    51   190 0.82 -
GH43_31              -            268 FUN_002643-T1        -            342   9.4e-22   73.0   0.1   2   2   1.2e-06   6.6e-05   17.8   0.0   172   260   241   327   228   335 0.75 -
GH43_33              -            315 FUN_002643-T1        -            342   7.4e-21   69.8   0.9   1   2   3.8e-15     2e-13   45.4   0.3     1   130    51   178    51   192 0.86 -
GH43_33              -            315 FUN_002643-T1        -            342   7.4e-21   69.8   0.9   2   2   2.3e-08   1.2e-06   23.1   0.0   220   312   250   336   228   338 0.80 -
GH43_29              -            278 FUN_002643-T1        -            342   2.5e-19   65.0   0.0   1   1   6.7e-21   3.6e-19   64.4   0.0    43   270    78   333    59   338 0.82 -
GH43_26              -            294 FUN_002643-T1        -            342     1e-18   63.2   0.0   1   1   2.9e-20   1.6e-18   62.6   0.0     8   280    52   327    48   338 0.77 -
GH43_32              -            267 FUN_002643-T1        -            342   1.2e-18   63.0   0.6   1   1   1.3e-19   7.2e-18   60.4   0.6     2   262    64   334    63   339 0.73 -
GH43_4               -            310 FUN_002643-T1        -            342   4.3e-17   58.0   2.2   1   2   2.5e-16   1.4e-14   49.8   1.0     4   229    55   283    52   284 0.82 -
GH43_4               -            310 FUN_002643-T1        -            342   4.3e-17   58.0   2.2   2   2   9.9e-06   0.00053   15.0   0.0    61   111   241   291   223   330 0.85 -
GH43_19              -            233 FUN_002643-T1        -            342   2.5e-16   55.7   0.0   1   1   4.7e-17   2.5e-15   52.4   0.0    29   170    69   287    52   314 0.87 -
GH43_5               -            287 FUN_002643-T1        -            342   3.4e-16   55.0   1.3   1   1   1.4e-17   7.4e-16   53.9   1.3     3   262    55   314    53   336 0.78 -
GT41                 -            705 FUN_002660-T1        -            819   7.2e-17   56.5  22.5   1   4   2.4e-11   1.7e-08   28.9   3.4    51   191    10   140     2   164 0.87 -
GT41                 -            705 FUN_002660-T1        -            819   7.2e-17   56.5  22.5   2   4   3.6e-07   0.00025   15.0   3.1    88   219   152   321   134   335 0.48 -
GT41                 -            705 FUN_002660-T1        -            819   7.2e-17   56.5  22.5   3   4   2.6e-08   1.8e-05   18.9   0.0    80   231   318   528   305   559 0.79 -
GT41                 -            705 FUN_002660-T1        -            819   7.2e-17   56.5  22.5   4   4    0.0014      0.96    3.2   2.3    85   174   580   705   550   711 0.55 -
GH114                -            190 FUN_002703-T1        -            347   1.7e-69  228.7   2.1   1   1   3.2e-72   2.2e-69  228.3   2.1     1   190    92   289    92   289 0.96 -
GH16_1               -            229 FUN_002730-T1        -            788   2.6e-67  221.8   1.4   1   2   7.4e-70   2.6e-67  221.8   1.4     3   228    72   305    70   306 0.94 -
GH16_1               -            229 FUN_002730-T1        -            788   2.6e-67  221.8   1.4   2   2      0.79   2.7e+02   -4.0   2.8    88   117   338   367   322   416 0.54 -
GH16                 -            189 FUN_002730-T1        -            788   1.5e-19   66.7   6.1   1   2   4.4e-22   1.5e-19   66.7   6.1     2   176    37   306    33   325 0.63 -
GH16                 -            189 FUN_002730-T1        -            788   1.5e-19   66.7   6.1   2   2         2     7e+02   -9.5  10.3    55    55   374   374   288   481 0.51 -
GH47                 -            446 FUN_002731-T1        -            510  4.2e-128  423.5   0.0   1   1  6.9e-131  4.8e-128  423.3   0.0     1   446    39   508    39   508 0.92 -
GH89                 -            663 FUN_002760-T1        -            759  1.1e-196  650.3   6.5   1   1  1.8e-199  1.3e-196  650.1   6.5     2   658    70   748    69   753 0.95 -
GH76                 -            358 FUN_002774-T1        -            410     1e-90  300.0  14.7   1   1   2.3e-93   1.6e-90  299.4  14.5    29   338    47   397    24   409 0.88 -
GH17                 -            311 FUN_002800-T1        -            448   2.3e-18   61.9   1.2   1   2   3.3e-21   2.3e-18   61.9   1.2    47   298    81   296    48   312 0.64 -
GH17                 -            311 FUN_002800-T1        -            448   2.3e-18   61.9   1.2   2   2      0.39   2.7e+02   -4.0   2.7   108   144   353   400   325   408 0.48 -
GT39                 -            223 FUN_002837-T1        -            739   1.1e-73  243.0  13.6   1   3   1.5e-76   1.1e-73  243.0  13.6     2   223    63   301    62   301 0.98 -
GT39                 -            223 FUN_002837-T1        -            739   1.1e-73  243.0  13.6   2   3      0.15     1e+02   -2.3   1.7   165   219   602   667   584   673 0.56 -
GT39                 -            223 FUN_002837-T1        -            739   1.1e-73  243.0  13.6   3   3      0.21   1.4e+02   -2.7   0.1   168   200   671   701   667   717 0.41 -
GH18                 -            296 FUN_002848-T1        -            425   2.9e-21   71.9   0.1   1   2     1e-21   7.3e-19   64.0   0.0     5   181   138   353   135   377 0.71 -
GH18                 -            296 FUN_002848-T1        -            425   2.9e-21   71.9   0.1   2   2   0.00068      0.47    5.5   0.3   257   279   388   410   373   424 0.80 -
#
# Program:         hmmscan
# Version:         3.4 (Aug 2023)
# Pipeline mode:   SCAN
# Query file:      /home/zack/Desktop/IsariaPreferralGenome/MyGenomeSubmittedToNCBI/HypocrealesProteinSets/GENOMES/CcateniannulataMBC234/FunannotatePredict/annotate_misc/split_prots/chunk_1.fa
# Target file:     /home/zack/funannotate_db/dbCAN.hmm
# Option settings: hmmscan --domtblout /home/zack/Desktop/IsariaPreferralGenome/MyGenomeSubmittedToNCBI/HypocrealesProteinSets/GENOMES/CcateniannulataMBC234/FunannotatePredict/annotate_misc/split_prots/chunk_1.dbcan.txt -E 1e-15 --cpu 1 /home/zack/funannotate_db/dbCAN.hmm /home/zack/Desktop/IsariaPreferralGenome/MyGenomeSubmittedToNCBI/HypocrealesProteinSets/GENOMES/CcateniannulataMBC234/FunannotatePredict/annotate_misc/split_prots/chunk_1.fa 
# Current dir:     /home/zack
# Date:            Mon Mar  4 00:40:19 2024
# [ok]
