#                                                                            --- full sequence --- -------------- this domain -------------   hmm coord   ali coord   env coord
# target name        accession   tlen query name           accession   qlen   E-value  score  bias   #  of  c-Evalue  i-Evalue  score  bias  from    to  from    to  from    to  acc description of target
#------------------- ---------- ----- -------------------- ---------- ----- --------- ------ ----- --- --- --------- --------- ------ ----- ----- ----- ----- ----- ----- ----- ---- ---------------------
GH72                 -            312 FUN_005761-T1        -            515  1.2e-119  394.5   1.6   1   1  2.2e-122  1.5e-119  394.2   1.6     3   311    19   332    17   333 0.96 -
GH47                 -            446 FUN_005768-T1        -            565    1e-155  514.5   0.0   1   1  1.6e-158  1.2e-155  514.3   0.0     2   446   102   563   101   563 0.95 -
GH18                 -            296 FUN_005771-T1        -           1471   1.7e-50  167.9   1.3   1   1   5.4e-53   3.8e-50  166.7   1.3     5   281   506   854   502   867 0.82 -
GH76                 -            358 FUN_005787-T1        -            471   1.5e-93  309.4   3.8   1   1   2.6e-96   1.8e-93  309.1   3.8     3   333    19   366    17   400 0.94 -
GH72                 -            312 FUN_005788-T1        -            516  4.6e-112  369.7   0.1   1   1  8.3e-115  5.8e-112  369.4   0.1     3   311    42   360    40   361 0.96 -
GT32                 -             90 FUN_005868-T1        -            366   3.9e-19   64.4   0.0   1   1   1.1e-21   7.9e-19   63.4   0.0     8    89   114   193   108   194 0.93 -
GH3                  -            216 FUN_005897-T1        -            370     3e-39  130.2   1.1   1   1   6.2e-42   4.4e-39  129.7   1.1     8   215   101   324    94   325 0.89 -
AA7                  -            458 FUN_005902-T1        -            583   1.1e-56  188.8   8.6   1   1   2.4e-59   1.7e-56  188.2   8.6    21   452   131   561   121   567 0.87 -
GH37                 -            491 FUN_005959-T1        -            682  5.9e-157  518.9   1.4   1   1  9.8e-160  6.8e-157  518.7   1.4     2   489    51   626    50   628 0.95 -
CE4                  -            130 FUN_005962-T1        -            324   2.4e-32  107.3   0.0   1   2   9.8e-35   6.8e-32  105.8   0.0     7   125   110   238   106   242 0.92 -
CE4                  -            130 FUN_005962-T1        -            324   2.4e-32  107.3   0.0   2   2      0.23   1.6e+02   -2.1   0.0   101   125   283   307   249   310 0.63 -
GH76                 -            358 FUN_006010-T1        -            576   1.3e-89  296.4  11.4   1   1   2.5e-92   1.7e-89  296.0  11.4    10   350    27   400    19   408 0.90 -
GH16_22              -            216 FUN_006068-T1        -            390   1.7e-88  291.1   5.0   1   1   1.3e-90   2.3e-88  290.7   5.0     3   216    89   312    87   312 0.97 -
GH16                 -            189 FUN_006068-T1        -            390   8.5e-24   80.5   3.5   1   1     8e-26   1.4e-23   79.8   3.5    10   188    86   312    74   313 0.65 -
GH16_23              -            192 FUN_006068-T1        -            390   2.6e-19   64.8   0.0   1   1   2.3e-21   4.1e-19   64.1   0.0     9   190   136   311   124   313 0.84 -
GH16_21              -            206 FUN_006068-T1        -            390   2.4e-16   55.2   0.1   1   1   1.9e-18   3.3e-16   54.8   0.1    53   205   156   310   113   311 0.79 -
GH16_3               -            230 FUN_006091-T1        -            353     2e-40  134.5   0.0   1   2      0.48        83   -1.7   2.5     1    34     3    40     3    44 0.46 -
GH16_3               -            230 FUN_006091-T1        -            353     2e-40  134.5   0.0   2   2   1.2e-42     2e-40  134.5   0.0     1   212    96   310    96   331 0.89 -
GH16                 -            189 FUN_006091-T1        -            353   3.2e-30  101.5   1.3   1   1     3e-32   5.3e-30  100.8   1.3    11   176   107   325    95   344 0.76 -
GH16_5               -            238 FUN_006091-T1        -            353   1.4e-20   68.9   0.4   1   2      0.42        74   -2.3   0.8    20    42    21    43     8    46 0.68 -
GH16_5               -            238 FUN_006091-T1        -            353   1.4e-20   68.9   0.4   2   2     2e-22   3.5e-20   67.5   0.0    11   216   108   306    99   321 0.81 -
GH16_1               -            229 FUN_006091-T1        -            353   4.9e-16   54.1   0.0   1   1   5.5e-18   9.7e-16   53.1   0.0     6    95   138   231   134   244 0.84 -
AA4                  -            522 FUN_006125-T1        -            494   9.6e-30   99.1   0.0   1   2   2.8e-25   9.9e-23   75.9   0.0    15   248     2   229     1   243 0.85 -
AA4                  -            522 FUN_006125-T1        -            494   9.6e-30   99.1   0.0   2   2   1.7e-08   5.9e-06   20.6   0.0   434   510   386   462   352   469 0.79 -
AA7                  -            458 FUN_006125-T1        -            494   1.8e-20   69.5   2.0   1   1   1.4e-22   4.9e-20   68.0   1.8     6   195    33   235    29   262 0.89 -
AA3                  -            618 FUN_006162-T1        -           1058   3.2e-43  143.4   0.0   1   2     5e-45   1.7e-42  141.0   0.0    83   611    54   649    47   655 0.74 -
AA3                  -            618 FUN_006162-T1        -           1058   3.2e-43  143.4   0.0   2   2      0.33   1.2e+02   -3.8   0.0   402   421  1009  1028  1007  1035 0.83 -
AA3_1                -            548 FUN_006162-T1        -           1058   1.4e-20   68.8   3.7   1   2   9.6e-21   3.4e-18   60.9   0.3    14   276    58   344    48   353 0.81 -
AA3_1                -            548 FUN_006162-T1        -           1058   1.4e-20   68.8   3.7   2   2   8.1e-05     0.028    8.3   0.3   486   542   369   431   353   436 0.79 -
GT90                 -            250 FUN_006278-T1        -            982   4.2e-32  107.1   0.0   1   2      0.45   3.1e+02   -3.8   0.0   131   155   279   303   264   305 0.81 -
GT90                 -            250 FUN_006278-T1        -            982   4.2e-32  107.1   0.0   2   2   1.5e-34     1e-31  105.8   0.0     3   248   681   963   679   964 0.82 -
GT2_Glyco_tranf_2_3  PF13641.5    230 FUN_006334-T1        -            790   1.7e-20   69.3   0.0   1   1   7.4e-23   2.6e-20   68.7   0.0     4   229   266   498   264   499 0.87 Glycosyltransferase like family 2
GT2_Glyco_trans_2_3  PF13632.5    197 FUN_006334-T1        -            790   2.5e-19   65.4   0.2   1   3      0.12        42   -0.6   0.7   155   187   175   210   158   233 0.61 Glycosyl transferase family group 2
GT2_Glyco_trans_2_3  PF13632.5    197 FUN_006334-T1        -            790   2.5e-19   65.4   0.2   2   3   7.1e-22   2.5e-19   65.4   0.2     4   186   364   549   361   582 0.75 Glycosyl transferase family group 2
GT2_Glyco_trans_2_3  PF13632.5    197 FUN_006334-T1        -            790   2.5e-19   65.4   0.2   3   3     0.037        13    1.0   0.7   152   193   662   714   623   725 0.56 Glycosyl transferase family group 2
GH12                 -            156 FUN_006335-T1        -            338   1.4e-23   79.2   3.5   1   1   5.2e-25   3.6e-22   74.5   3.5     2   156   156   337   155   337 0.82 -
GH55                 -            740 FUN_006348-T1        -            572  6.7e-123  406.8   1.7   1   2     0.002       1.4    2.4   0.0     5    24    29    48    25    52 0.83 -
GH55                 -            740 FUN_006348-T1        -            572  6.7e-123  406.8   1.7   2   2  3.1e-125  2.2e-122  405.1   0.9    46   586    44   566    40   569 0.94 -
GH47                 -            446 FUN_006365-T1        -            727  4.4e-163  538.8   0.2   1   1  7.6e-166  5.3e-163  538.5   0.2     3   446   203   725   201   725 0.88 -
GH5_12               -            539 FUN_006367-T1        -            752  1.1e-220  729.1   0.3   1   1  9.3e-223  1.3e-220  728.9   0.3     1   539    15   548    15   548 0.99 -
GH5                  -            275 FUN_006367-T1        -            752   2.1e-27   91.8   0.0   1   1   2.6e-28   3.6e-26   87.7   0.0     4   237    15   548    12   559 0.68 -
GH5_28               -            336 FUN_006367-T1        -            752   3.7e-23   77.2   0.1   1   3   1.8e-18   2.5e-16   54.7   0.0     2   114    15   149    14   163 0.78 -
GH5_28               -            336 FUN_006367-T1        -            752   3.7e-23   77.2   0.1   2   3   0.00083      0.12    6.5   0.0   145   178   211   249   204   277 0.84 -
GH5_28               -            336 FUN_006367-T1        -            752   3.7e-23   77.2   0.1   3   3   0.00061     0.086    7.0   0.0   174   304   360   508   347   531 0.74 -
GH5_29               -            342 FUN_006367-T1        -            752   1.6e-17   58.8   0.1   1   3   2.2e-15     3e-13   44.7   0.0     2   101    14   132    13   139 0.72 -
GH5_29               -            342 FUN_006367-T1        -            752   1.6e-17   58.8   0.1   2   3    0.0019      0.27    5.4   0.0   160   194   212   251   197   261 0.81 -
GH5_29               -            342 FUN_006367-T1        -            752   1.6e-17   58.8   0.1   3   3     0.042       5.9    1.0   0.0   251   267   418   433   409   444 0.79 -
GH5_27               -            324 FUN_006367-T1        -            752   3.1e-17   58.2   0.1   1   1   5.9e-19   8.2e-17   56.8   0.1     1   154    48   195    48   265 0.81 -
GT41                 -            705 FUN_006368-T1        -           1419   2.9e-34  114.0   4.8   1   7     1e-06    0.0007   13.6   0.2    97   176    17    86     2   237 0.71 -
GT41                 -            705 FUN_006368-T1        -           1419   2.9e-34  114.0   4.8   2   7   1.5e-07   0.00011   16.3   0.1    93   192   389   492   373   547 0.64 -
GT41                 -            705 FUN_006368-T1        -           1419   2.9e-34  114.0   4.8   3   7   4.9e-05     0.034    8.0   0.3   139   191   551   604   527   641 0.52 -
GT41                 -            705 FUN_006368-T1        -           1419   2.9e-34  114.0   4.8   4   7   4.1e-10   2.8e-07   24.8   0.0    59   219   662   919   648   926 0.76 -
GT41                 -            705 FUN_006368-T1        -           1419   2.9e-34  114.0   4.8   5   7   9.9e-10   6.9e-07   23.5   0.0    99   192   935  1061   927  1138 0.70 -
GT41                 -            705 FUN_006368-T1        -           1419   2.9e-34  114.0   4.8   6   7     2e-06    0.0014   12.6   0.5    88   178  1151  1247  1130  1261 0.77 -
GT41                 -            705 FUN_006368-T1        -           1419   2.9e-34  114.0   4.8   7   7   4.9e-05     0.034    8.0   0.6    60   189  1242  1371  1236  1376 0.74 -
CE5                  -            189 FUN_006381-T1        -            240   1.4e-37  125.1   0.4   1   1   2.6e-40   1.8e-37  124.7   0.4     3   188    30   238    28   239 0.86 -
GH79                 -            455 FUN_006419-T1        -            495   5.1e-61  202.3   1.6   1   1   8.6e-64     6e-61  202.1   1.6     3   395    27   427    25   476 0.79 -
GT69                 -            239 FUN_006426-T1        -            543   5.1e-68  224.6   0.0   1   1   9.7e-71   6.7e-68  224.2   0.0     1   238   137   413   137   414 0.97 -
GT90                 -            250 FUN_006427-T1        -            608   3.2e-77  254.9   6.9   1   2    0.0018       1.3    4.0   0.0     2    76   183   263   182   279 0.66 -
GT90                 -            250 FUN_006427-T1        -            608   3.2e-77  254.9   6.9   2   2     4e-79   2.8e-76  251.8   3.8     2   248   308   578   307   579 0.94 -
AA4                  -            522 FUN_006439-T1        -            502   3.5e-20   67.5   0.1   1   2   1.6e-20   1.1e-17   59.2   0.0    22   191    38   211    21   265 0.82 -
AA4                  -            522 FUN_006439-T1        -            502   3.5e-20   67.5   0.1   2   2   0.00018      0.13    6.3   0.0   482   510   474   501   446   502 0.83 -
GH16_1               -            229 FUN_006524-T1        -            378   2.2e-82  271.1   1.1   1   1   8.1e-85   2.8e-82  270.8   1.1     2   229   121   356   120   356 0.97 -
GH16                 -            189 FUN_006524-T1        -            378   3.3e-17   59.1   0.4   1   1   1.4e-19   4.9e-17   58.5   0.4    35   176   129   339    79   375 0.64 -
GH3                  -            216 FUN_006550-T1        -            762   1.1e-57  190.4   0.0   1   2   3.9e-60   2.8e-57  189.2   0.0     3   216    79   292    77   292 0.96 -
GH3                  -            216 FUN_006550-T1        -            762   1.1e-57  190.4   0.0   2   2       0.5   3.5e+02   -4.0   0.0    29    57   392   420   388   424 0.77 -
AA3_2                -            568 FUN_006551-T1        -            572  2.5e-127  421.4   0.0   1   1    2e-129  3.4e-127  420.9   0.0     3   567    15   558    14   559 0.86 -
AA3                  -            618 FUN_006551-T1        -            572   5.7e-74  245.0   0.0   1   1   4.1e-76   7.2e-74  244.6   0.0    89   406    14   565     2   571 0.86 -
AA3_3                -            590 FUN_006551-T1        -            572   2.8e-56  186.5   0.0   1   3   2.6e-46   4.6e-44  146.1   0.0     4   317    16   320    14   336 0.86 -
AA3_3                -            590 FUN_006551-T1        -            572   2.8e-56  186.5   0.0   2   3    0.0084       1.5    2.5   0.0   403   441   398   436   373   450 0.83 -
AA3_3                -            590 FUN_006551-T1        -            572   2.8e-56  186.5   0.0   3   3   2.3e-12     4e-10   34.1   0.0   508   588   484   559   477   560 0.94 -
AA3_1                -            548 FUN_006551-T1        -            572   2.1e-28   94.6   0.9   1   3   6.2e-10   1.1e-07   26.2   0.1    13   121    11   115     2   152 0.81 -
AA3_1                -            548 FUN_006551-T1        -            572   2.1e-28   94.6   0.9   2   3   8.2e-12   1.4e-09   32.4   0.0   256   326   261   321   243   334 0.81 -
AA3_1                -            548 FUN_006551-T1        -            572   2.1e-28   94.6   0.9   3   3   5.5e-12   9.6e-10   33.0   0.0   463   544   483   556   413   559 0.85 -
GT3                  -            637 FUN_006579-T1        -            712  1.7e-302 1000.0   0.0   1   1  2.8e-305    2e-302  999.9   0.0     1   637    19   658    19   658 0.98 -
GH88                 -            329 FUN_006620-T1        -            506     2e-86  285.5   0.0   1   1   1.3e-88   8.8e-86  283.4   0.0     2   325    92   496    91   500 0.93 -
GH154                -            348 FUN_006621-T1        -            706  2.5e-122  403.6   3.2   1   1  4.4e-125  3.1e-122  403.3   3.2     2   347    15   394    14   395 0.96 -
GH136                -            491 FUN_006622-T1        -            486   2.8e-83  275.6   2.6   1   1   5.1e-86   3.6e-83  275.2   2.6     3   490    21   481    19   482 0.88 -
GT1                  -            382 FUN_006675-T1        -           1318   1.8e-58  194.3   7.5   1   3     0.093        65   -1.0   0.0     5    72   149   216   144   244 0.69 -
GT1                  -            382 FUN_006675-T1        -           1318   1.8e-58  194.3   7.5   2   3   2.6e-61   1.8e-58  194.3   7.5    62   371   245   585   241   593 0.98 -
GT1                  -            382 FUN_006675-T1        -           1318   1.8e-58  194.3   7.5   3   3      0.64   4.5e+02   -3.8   0.0   166   242   606   677   599   684 0.66 -
GT32                 -             90 FUN_006681-T1        -            396   1.2e-18   62.9   0.2   1   2     5e-21   3.5e-18   61.3   0.1     9    89    95   177    89   178 0.91 -
GT32                 -             90 FUN_006681-T1        -            396   1.2e-18   62.9   0.2   2   2      0.39   2.8e+02   -2.4   0.0     5    27   361   381   359   391 0.65 -
GT8                  -            257 FUN_006683-T1        -            396   8.8e-19   63.6   0.0   1   1   1.8e-21   1.3e-18   63.0   0.0    50   246   114   336    98   346 0.72 -
AA3_2                -            568 FUN_006695-T1        -            674  1.2e-176  584.1   0.0   1   1  8.2e-179  1.4e-176  583.9   0.0     1   566    91   669    91   671 0.94 -
AA3                  -            618 FUN_006695-T1        -            674   8.1e-88  290.7   0.0   1   1   5.7e-90   9.9e-88  290.4   0.0    87   398    90   670    86   674 0.85 -
AA3_3                -            590 FUN_006695-T1        -            674   1.6e-59  197.2   0.0   1   2   5.1e-50   8.9e-48  158.4   0.0     1   461    91   569    91   576 0.78 -
AA3_3                -            590 FUN_006695-T1        -            674   1.6e-59  197.2   0.0   2   2   5.1e-13   8.9e-11   36.2   0.0   510   583   592   666   583   671 0.85 -
AA3_1                -            548 FUN_006695-T1        -            674   1.1e-51  171.4   0.8   1   2   1.9e-13   3.3e-11   37.8   0.3    13   148    89   232    78   243 0.80 -
AA3_1                -            548 FUN_006695-T1        -            674   1.1e-51  171.4   0.8   2   2   2.7e-40   4.6e-38  126.5   0.0   165   546   272   670   266   672 0.74 -
GT20                 -            475 FUN_006699-T1        -            604  2.3e-125  414.1   0.0   1   1  4.4e-128  3.1e-125  413.7   0.0    47   469   105   581    67   585 0.88 -
GH20                 -            337 FUN_006700-T1        -            579   1.8e-83  276.1   0.0   1   1   3.4e-86   2.3e-83  275.7   0.0     6   336   183   528   178   529 0.91 -
GH29                 -            346 FUN_006706-T1        -            478   2.9e-49  163.4   0.1   1   1   1.6e-51   1.1e-48  161.4   0.1    41   339    50   371    43   374 0.79 -
CE5                  -            189 FUN_006716-T1        -            251     2e-41  137.6   0.5   1   1   3.7e-44   2.6e-41  137.3   0.5     2   188    83   249    82   250 0.94 -
PL35                 -            179 FUN_006727-T1        -            637   1.4e-51  170.3   0.8   1   2      0.56   3.9e+02   -3.8   0.1    64    77   144   157   141   179 0.63 -
PL35                 -            179 FUN_006727-T1        -            637   1.4e-51  170.3   0.8   2   2   2.8e-54   1.9e-51  169.9   0.1     2   177   369   546   368   548 0.95 -
GH88                 -            329 FUN_006731-T1        -            514   7.9e-82  270.4   0.0   1   1   1.8e-84   1.3e-81  269.7   0.0     4   325    98   504    95   508 0.94 -
GH74                 -            233 FUN_006748-T1        -           1518   4.9e-17   57.5  35.9   1   8   3.4e-06    0.0023   12.7   0.3    81   118    50    84    25    87 0.83 -
GH74                 -            233 FUN_006748-T1        -           1518   4.9e-17   57.5  35.9   2   8     2e-05     0.014   10.2   0.0    36    83    93   141    84   185 0.66 -
GH74                 -            233 FUN_006748-T1        -           1518   4.9e-17   57.5  35.9   3   8   4.8e-07   0.00034   15.5   0.7    33   119   368   470   267   476 0.64 -
GH74                 -            233 FUN_006748-T1        -           1518   4.9e-17   57.5  35.9   4   8     0.053        37   -1.0   0.0    38    69   480   511   474   541 0.63 -
GH74                 -            233 FUN_006748-T1        -           1518   4.9e-17   57.5  35.9   5   8   1.1e-05    0.0074   11.1   0.4    73   112   725   771   680   785 0.75 -
GH74                 -            233 FUN_006748-T1        -           1518   4.9e-17   57.5  35.9   6   8   5.8e-06     0.004   12.0   0.1    36   116   785   872   773   902 0.73 -
GH74                 -            233 FUN_006748-T1        -           1518   4.9e-17   57.5  35.9   7   8    0.0019       1.3    3.7   2.2    40   113  1047  1152   959  1172 0.60 -
GH74                 -            233 FUN_006748-T1        -           1518   4.9e-17   57.5  35.9   8   8     8e-06    0.0056   11.5   5.7    50   117  1137  1202  1130  1226 0.79 -
GH47                 -            446 FUN_006752-T1        -            695  5.7e-164  541.7   0.0   1   1  9.6e-167  6.7e-164  541.5   0.0     1   446   169   662   169   662 0.95 -
GH75                 -            220 FUN_006766-T1        -            234   8.8e-54  177.9   3.6   1   2   5.2e-06    0.0037   12.4   0.4     2    46    53    97    52    99 0.93 -
GH75                 -            220 FUN_006766-T1        -            234   8.8e-54  177.9   3.6   2   2   6.1e-54   4.3e-51  169.1   0.2    85   219    95   226    93   227 0.98 -
AA5                  -           1281 FUN_006848-T1        -            917     1e-46  154.5  34.4   1   5   1.5e-49     1e-46  154.5  34.4    55   299    39   294    32   310 0.82 -
AA5                  -           1281 FUN_006848-T1        -            917     1e-46  154.5  34.4   2   5         1     7e+02  -80.7  93.9   246   246   385   385   309   499 0.56 -
AA5                  -           1281 FUN_006848-T1        -            917     1e-46  154.5  34.4   3   5         1     7e+02  -24.1  32.4   248   287   477   526   476   565 0.61 -
AA5                  -           1281 FUN_006848-T1        -            917     1e-46  154.5  34.4   4   5     0.056        39   -3.1  10.1   239   297   627   683   609   695 0.70 -
AA5                  -           1281 FUN_006848-T1        -            917     1e-46  154.5  34.4   5   5     0.015        11   -1.3   8.0   270   304   798   833   773   902 0.58 -
GT21                 -            233 FUN_006857-T1        -            526   2.3e-89  294.3   0.0   1   1   4.5e-92   3.1e-89  293.9   0.0     1   233    51   354    51   354 0.99 -
AA3_3                -            590 FUN_006863-T1        -            610  6.7e-261  862.2   0.0   1   1  4.4e-263  7.7e-261  862.0   0.0     2   590     9   607     8   607 0.99 -
AA3_2                -            568 FUN_006863-T1        -            610  4.7e-120  397.3   0.0   1   1  3.3e-122  5.8e-120  397.0   0.0     2   566     9   603     8   605 0.84 -
AA3                  -            618 FUN_006863-T1        -            610   3.8e-81  268.7   0.0   1   1   2.6e-83   4.6e-81  268.4   0.0    84   401     4   606     1   609 0.88 -
AA3_1                -            548 FUN_006863-T1        -            610   2.4e-40  134.0   0.0   1   2   2.5e-27   4.3e-25   83.6   0.0    14   286     7   295     1   331 0.79 -
AA3_1                -            548 FUN_006863-T1        -            610   2.4e-40  134.0   0.0   2   2   1.9e-16   3.3e-14   47.7   0.0   441   544   504   602   491   605 0.80 -
GT33                 -            425 FUN_006890-T1        -            475  3.2e-137  453.2   0.0   1   1  5.7e-140    4e-137  452.8   0.0     3   424    51   467    49   468 0.93 -
GT35                 -            674 FUN_006903-T1        -            901  6.2e-279  922.5   0.0   1   1  1.1e-281  7.4e-279  922.2   0.0     2   674   180   895   179   895 0.97 -
AA7                  -            458 FUN_006922-T1        -            533     5e-46  153.7  10.4   1   2   1.2e-43   8.5e-41  136.4   7.6    13   214    75   280    64   296 0.91 -
AA7                  -            458 FUN_006922-T1        -            533     5e-46  153.7  10.4   2   2     1e-07     7e-05   18.0   0.0   392   456   434   528   408   529 0.88 -
GH20                 -            337 FUN_006934-T1        -            599   5.4e-85  281.1   0.0   1   1     1e-87   7.2e-85  280.7   0.0     9   336   208   550   200   551 0.90 -
GH2                  -            752 FUN_006953-T1        -           1016  5.5e-206  681.8   6.1   1   1    1e-208    7e-206  681.5   6.1    22   750    43   897    34   899 0.88 -
GH16_3               -            230 FUN_006968-T1        -            284   2.1e-54  180.2   2.9   1   1   1.4e-56   2.5e-54  180.0   2.9     1   230    32   281    32   281 0.88 -
GH16                 -            189 FUN_006968-T1        -            284   1.2e-36  122.4   7.7   1   1   8.5e-39   1.5e-36  122.1   7.7     2   187    32   279    31   281 0.79 -
GH16_5               -            238 FUN_006968-T1        -            284   3.3e-21   70.9   0.2   1   1   2.7e-23   4.8e-21   70.4   0.2    77   234    86   277    49   281 0.73 -
GH16_8               -            244 FUN_006968-T1        -            284   2.1e-16   55.7   1.6   1   2     0.013       2.3    3.2   0.1     1    38    32    75    32    89 0.71 -
GH16_8               -            244 FUN_006968-T1        -            284   2.1e-16   55.7   1.6   2   2   1.7e-17   2.9e-15   52.0   0.3    74   226    88   264    76   270 0.73 -
GT41                 -            705 FUN_006996-T1        -            765     1e-20   69.2   2.6   1   3   2.3e-10   1.6e-07   25.6   0.0    82   185   167   260   159   266 0.86 -
GT41                 -            705 FUN_006996-T1        -            765     1e-20   69.2   2.6   2   3   1.8e-09   1.3e-06   22.6   0.1   115   191   329   429   267   429 0.72 -
GT41                 -            705 FUN_006996-T1        -            765     1e-20   69.2   2.6   3   3   3.7e-11   2.6e-08   28.2   0.4    82   186   398   496   395   501 0.92 -
CE1                  -            227 FUN_006999-T1        -            285   1.6e-45  151.1   0.0   1   1   2.6e-48   1.8e-45  150.9   0.0     1   226    23   281    23   282 0.85 -
GT4                  -            160 FUN_007015-T1        -            556   1.5e-22   75.4   0.0   1   1   3.6e-25   2.5e-22   74.7   0.0     8   149   361   516   355   524 0.86 -
GH2                  -            752 FUN_007043-T1        -            895   1.8e-57  190.8   5.2   1   1   3.8e-60   2.6e-57  190.2   5.2    49   543    61   729    37   853 0.65 -
GT17                 -            284 FUN_007054-T1        -            384     6e-76  250.7   0.0   1   1   1.1e-78   7.8e-76  250.3   0.0     4   283    65   358    63   359 0.93 -
GH16_18              -            158 FUN_007064-T1        -            336   1.5e-67  221.4   0.1   1   1   1.7e-69   2.4e-67  220.8   0.1     2   158    27   184    26   184 0.97 -
GH16_19              -            174 FUN_007064-T1        -            336   4.7e-42  138.8   0.0   1   1   5.5e-44   7.7e-42  138.1   0.0    16   172    32   185    17   187 0.92 -
GH16_21              -            206 FUN_007064-T1        -            336     3e-23   77.7   0.0   1   1   3.4e-25   4.8e-23   77.1   0.0    63   190    47   177    32   190 0.86 -
GH16                 -            189 FUN_007064-T1        -            336   9.7e-23   77.1   0.2   1   1   1.1e-24   1.6e-22   76.4   0.2    56   188    42   202     7   203 0.74 -
GH16_25              -            163 FUN_007064-T1        -            336   5.6e-16   54.4   0.0   1   1   6.6e-18   9.2e-16   53.7   0.0    12   136    48   167    39   202 0.86 -
GT34                 -            246 FUN_007082-T1        -            447   2.8e-83  274.7   0.9   1   1   4.9e-86   3.4e-83  274.4   0.9     2   245   144   408   143   409 0.95 -
GT4                  -            160 FUN_007107-T1        -            448     1e-34  115.0   0.0   1   1   2.5e-37   1.8e-34  114.2   0.0     5   142   281   446   278   448 0.95 -
GH3                  -            216 FUN_007110-T1        -            957     2e-56  186.4   0.0   1   1   4.6e-59   3.2e-56  185.7   0.0     3   214   299   515   297   517 0.96 -
GH76                 -            358 FUN_007113-T1        -            468   2.5e-98  325.0  10.7   1   1  4.6e-101   3.2e-98  324.7  10.7     9   356    26   410    19   412 0.93 -
GT2_Chitin_synth_1   PF01644.16   163 FUN_007125-T1        -            923   6.7e-71  232.9   0.0   1   1   2.8e-73   9.9e-71  232.4   0.0     1   163   230   398   230   398 0.93 Chitin synthase
GT2_Chitin_synth_2   PF03142.14   527 FUN_007125-T1        -            923   4.4e-27   90.3   0.1   1   2   5.6e-25     2e-22   74.9   0.0   203   384   375   563   366   615 0.78 Chitin synthase
GT2_Chitin_synth_2   PF03142.14   527 FUN_007125-T1        -            923   4.4e-27   90.3   0.1   2   2   3.9e-06    0.0013   12.8   0.3   430   494   720   784   710   813 0.81 Chitin synthase
GH55                 -            740 FUN_007213-T1        -            775  2.3e-301  996.9  29.1   1   1  3.8e-304  2.7e-301  996.7  29.1     6   739    31   773    26   774 0.97 -
GH18                 -            296 FUN_007233-T1        -            372   2.1e-55  184.0   3.5   1   1   3.6e-58   2.5e-55  183.7   3.5     2   285    20   360    19   370 0.81 -
GH55                 -            740 FUN_007265-T1        -           1386  2.5e-193  639.7  12.9   1   2   2.6e-26   1.8e-23   78.1   0.0    12    94   192   274   183   281 0.89 -
GH55                 -            740 FUN_007265-T1        -           1386  2.5e-193  639.7  12.9   2   2  8.6e-173    6e-170  562.4  10.0    82   715   284   944   276   964 0.92 -
GT8                  -            257 FUN_007334-T1        -            311   5.5e-38  126.5   0.0   1   1     9e-41   6.3e-38  126.3   0.0    22   255     8   274     1   276 0.85 -
AA2                  -            255 FUN_007346-T1        -            946   1.2e-40  135.0   1.6   1   4   2.2e-19   1.5e-16   56.0   0.0    11   115   272   377   263   402 0.87 -
AA2                  -            255 FUN_007346-T1        -            946   1.2e-40  135.0   1.6   2   4   7.3e-09   5.1e-06   21.5   0.0   122   167   436   481   427   501 0.85 -
AA2                  -            255 FUN_007346-T1        -            946   1.2e-40  135.0   1.6   3   4   7.7e-07   0.00054   14.9   0.0   168   250   516   612   499   616 0.84 -
AA2                  -            255 FUN_007346-T1        -            946   1.2e-40  135.0   1.6   4   4   4.4e-13   3.1e-10   35.3   1.1    25   253   670   933   654   935 0.72 -
CE4                  -            130 FUN_007354-T1        -            528   2.3e-19   65.3   0.0   1   1   8.7e-22   6.1e-19   63.9   0.0    24   127   262   368   220   371 0.90 -
GH43_6               -            292 FUN_007390-T1        -            203   4.3e-20   67.3   1.3   1   2   6.3e-21   4.4e-18   60.7   0.1    95   241     1   171     1   174 0.74 -
GH43_6               -            292 FUN_007390-T1        -            203   4.3e-20   67.3   1.3   2   2   0.00016      0.11    6.9   0.4   264   292   169   197   161   197 0.69 -
GH114                -            190 FUN_007391-T1        -            355   1.4e-37  124.6   0.2   1   1   1.2e-39   8.7e-37  122.0   0.2     9   190    45   256    30   256 0.86 -
GH75                 -            220 FUN_007514-T1        -            187   2.6e-62  205.8   1.2   1   1   4.4e-65   3.1e-62  205.6   1.2    66   219    18   183    10   184 0.97 -
GT61                 -            119 FUN_007530-T1        -            397   8.3e-27   89.1   0.0   1   1   2.7e-29   1.9e-26   88.0   0.0     5   119   199   324   196   324 0.80 -
AA7                  -            458 FUN_007534-T1        -            565   5.2e-51  170.1  18.8   1   2     2e-47   1.4e-44  148.9  17.3    19   214   124   332   116   384 0.90 -
AA7                  -            458 FUN_007534-T1        -            565   5.2e-51  170.1  18.8   2   2   1.6e-08   1.1e-05   20.7   0.0   388   453   478   544   423   548 0.72 -
GH72                 -            312 FUN_007543-T1        -            443    3e-119  393.3   1.2   1   1  5.1e-122  3.6e-119  393.0   1.2     4   310    25   329    22   331 0.95 -
AA3_2                -            568 FUN_007550-T1        -            649     2e-97  322.6   0.0   1   1     5e-99   8.8e-97  320.5   0.0     2   567    28   645    27   646 0.82 -
AA3                  -            618 FUN_007550-T1        -            649   2.6e-80  265.9   0.0   1   1   1.8e-82   3.2e-80  265.6   0.0    88   400    27   646    11   649 0.81 -
AA3_1                -            548 FUN_007550-T1        -            649   1.8e-42  141.0   0.1   1   3     2e-13   3.5e-11   37.7   0.5    11    51    23    63    12    86 0.79 -
AA3_1                -            548 FUN_007550-T1        -            649   1.8e-42  141.0   0.1   2   3   3.7e-06   0.00065   13.7   0.0    99   154   135   194   102   207 0.86 -
AA3_1                -            548 FUN_007550-T1        -            649   1.8e-42  141.0   0.1   3   3   7.7e-28   1.3e-25   85.3   0.0   180   546   247   645   236   647 0.72 -
AA3_3                -            590 FUN_007550-T1        -            649   7.8e-40  132.2   0.1   1   4   3.2e-05    0.0056   10.5   0.0     4    51    30    75    27   106 0.78 -
AA3_3                -            590 FUN_007550-T1        -            649   7.8e-40  132.2   0.1   2   4   5.7e-05      0.01    9.6   0.0    80   143   131   199   122   219 0.81 -
AA3_3                -            590 FUN_007550-T1        -            649   7.8e-40  132.2   0.1   3   4   1.4e-22   2.5e-20   67.8   0.0   212   316   289   404   267   459 0.80 -
AA3_3                -            590 FUN_007550-T1        -            649   7.8e-40  132.2   0.1   4   4     7e-14   1.2e-11   39.1   0.0   513   588   571   646   557   648 0.86 -
GH16_18              -            158 FUN_007551-T1        -            534   9.4e-67  218.9   0.4   1   1   1.9e-68   1.6e-66  218.1   0.4     2   158    68   225    67   225 0.98 -
GH16_19              -            174 FUN_007551-T1        -            534   3.7e-44  145.6   0.4   1   1   6.5e-46   5.7e-44  145.0   0.4    17   174    74   228    59   228 0.92 -
GH16_21              -            206 FUN_007551-T1        -            534   8.3e-26   86.1   0.4   1   1   1.4e-27   1.2e-25   85.5   0.4    50   184    75   212    45   241 0.85 -
GH16                 -            189 FUN_007551-T1        -            534   2.1e-25   85.8   1.1   1   1   3.9e-27   3.4e-25   85.1   1.1    52   186    79   241    42   246 0.76 -
GH16_25              -            163 FUN_007551-T1        -            534   1.8e-19   65.8   0.1   1   1   3.5e-21   3.1e-19   65.0   0.1     8   158    85   239    80   243 0.76 -
GH16_27              -            138 FUN_007551-T1        -            534   1.9e-18   62.2   0.0   1   1   3.6e-20   3.2e-18   61.4   0.0    41   132   114   211    96   214 0.86 -
GH16_20              -            162 FUN_007551-T1        -            534   1.2e-16   56.2   0.0   1   1   2.3e-18     2e-16   55.5   0.0    17   150    83   212    70   222 0.83 -
GH16_5               -            238 FUN_007551-T1        -            534     8e-16   53.2   0.0   1   1   1.4e-17   1.3e-15   52.6   0.0    90   196    84   187    81   223 0.87 -
GH3                  -            216 FUN_007556-T1        -            950   3.4e-65  215.0   0.1   1   1   7.1e-68     5e-65  214.5   0.1     7   216   168   380   165   380 0.97 -
GT4                  -            160 FUN_007594-T1        -            621   1.6e-29   98.0   0.0   1   1   4.3e-32     3e-29   97.2   0.0    17   158   399   556   398   558 0.91 -
AA2                  -            255 FUN_007603-T1        -            762   3.6e-38  126.9   2.1   1   4   8.9e-16   6.2e-13   44.2   0.0    19   114   107   203    90   209 0.85 -
AA2                  -            255 FUN_007603-T1        -            762   3.6e-38  126.9   2.1   2   4   1.8e-07   0.00013   17.0   0.1   123   166   256   299   250   306 0.84 -
AA2                  -            255 FUN_007603-T1        -            762   3.6e-38  126.9   2.1   3   4   1.5e-07    0.0001   17.3   0.0   167   250   332   431   319   435 0.82 -
AA2                  -            255 FUN_007603-T1        -            762   3.6e-38  126.9   2.1   4   4   2.3e-15   1.6e-12   42.8   0.1    24   253   486   750   472   752 0.77 -
GH2                  -            752 FUN_007607-T1        -           1109    2e-201  666.7   0.0   1   1  3.6e-204  2.5e-201  666.4   0.0    26   751    40   973    14   974 0.84 -
GH72                 -            312 FUN_007651-T1        -            440  1.4e-107  355.0   0.0   1   1  2.6e-110  1.8e-107  354.6   0.0     3   293    18   297    16   332 0.96 -
GH64                 -            367 FUN_007734-T1        -            449   3.7e-95  314.7   0.0   1   1     7e-98   4.9e-95  314.3   0.0     2   367    72   445    71   445 0.93 -
GH36                 -            688 FUN_007754-T1        -            748  5.6e-242  800.5   0.0   1   1  9.1e-245  6.3e-242  800.4   0.0     2   687    41   731    40   732 0.96 -
AA12                 -            401 FUN_007758-T1        -            433  5.1e-133  438.9   0.0   1   1  8.8e-136  6.1e-133  438.7   0.0     7   400    26   420    21   421 0.95 -
AA1                  -            358 FUN_007786-T1        -            623   1.5e-70  234.0   0.0   1   1   2.5e-72   4.4e-70  232.4   0.0     7   357    52   601    41   602 0.75 -
AA1_3                -            312 FUN_007786-T1        -            623   2.1e-41  137.5   0.0   1   2   1.5e-41   2.6e-39  130.6   0.0    11   261    33   366    24   383 0.86 -
AA1_3                -            312 FUN_007786-T1        -            623   2.1e-41  137.5   0.0   2   2      0.14        24   -0.7   0.0    88   126   564   602   562   608 0.82 -
AA1_2                -            337 FUN_007786-T1        -            623     3e-37  123.8   0.2   1   3   1.3e-28   2.2e-26   88.0   0.1     2   105    54   164    53   179 0.95 -
AA1_2                -            337 FUN_007786-T1        -            623     3e-37  123.8   0.2   2   3   1.8e-11   3.1e-09   31.7   0.0   155   225   297   367   265   390 0.82 -
AA1_2                -            337 FUN_007786-T1        -            623     3e-37  123.8   0.2   3   3     0.086        15   -0.2   0.1    57    98   563   603   561   611 0.80 -
AA1_1                -            303 FUN_007786-T1        -            623   1.3e-30  102.0   0.0   1   2   1.5e-25   2.7e-23   77.9   0.0     3   170    49   237    47   248 0.77 -
AA1_1                -            303 FUN_007786-T1        -            623   1.3e-30  102.0   0.0   2   2   2.3e-08     4e-06   21.5   0.0   194   246   322   373   293   408 0.77 -
GH31                 -            427 FUN_007790-T1        -            851  5.7e-104  343.8   0.7   1   1    1e-106  7.2e-104  343.5   0.7     2   427   239   722   238   722 0.89 -
GH54                 -            316 FUN_007822-T1        -            505  2.3e-123  406.9   5.3   1   2  6.6e-126  2.3e-123  406.9   5.3     1   315    25   344    25   345 0.97 -
GH54                 -            316 FUN_007822-T1        -            505  2.3e-123  406.9   5.3   2   2      0.61   2.1e+02   -3.7   0.0    50    71   350   371   347   388 0.74 -
CBM42                -            136 FUN_007822-T1        -            505   2.1e-39  130.0   1.2   1   1     9e-42   3.2e-39  129.5   1.2     2   135   362   500   361   501 0.95 -
GH89                 -            663 FUN_007824-T1        -            759  8.9e-196  647.3   8.4   1   1  1.6e-198  1.1e-195  647.0   8.4     2   655    67   740    66   750 0.94 -
GH3                  -            216 FUN_007834-T1        -            789   1.4e-61  203.3   0.1   1   1     3e-64   2.1e-61  202.7   0.1     3   216    81   295    79   295 0.97 -
GT15                 -            273 FUN_007911-T1        -            422  1.5e-122  403.8   7.7   1   1  2.6e-125  1.8e-122  403.5   7.7     1   272   103   373   103   374 0.99 -
GH17                 -            311 FUN_007921-T1        -            666   1.5e-31  105.2   4.1   1   1   1.5e-33   1.1e-30  102.5   4.1     3   306   378   652   376   656 0.78 -
CE5                  -            189 FUN_007972-T1        -            304   1.5e-35  118.5   0.0   1   1   2.6e-38   1.8e-35  118.1   0.0     2   188   106   280   105   281 0.94 -
GH18                 -            296 FUN_007978-T1        -            390   5.4e-70  231.9   2.4   1   1   9.8e-73   6.9e-70  231.5   2.4     6   286    41   356    13   364 0.82 -
AA3_2                -            568 FUN_007989-T1        -            555  9.1e-147  485.5   0.0   1   2     7e-20   1.2e-17   59.2   0.2     2    47    11    56    10    58 0.94 -
AA3_2                -            568 FUN_007989-T1        -            555  9.1e-147  485.5   0.0   2   2  1.1e-130    2e-128  425.0   0.0    79   567    58   546    54   547 0.93 -
AA3                  -            618 FUN_007989-T1        -            555   1.2e-85  283.5   0.0   1   1   8.3e-88   1.4e-85  283.3   0.0    80   400     2   547     1   553 0.89 -
AA3_3                -            590 FUN_007989-T1        -            555   9.7e-79  260.6   0.0   1   3   5.3e-14   9.2e-12   39.5   0.4     2    45    11    53    10    55 0.93 -
AA3_3                -            590 FUN_007989-T1        -            555   9.7e-79  260.6   0.0   2   3   5.8e-52     1e-49  164.8   0.0    79   459    55   440    50   447 0.84 -
AA3_3                -            590 FUN_007989-T1        -            555   9.7e-79  260.6   0.0   3   3   4.4e-18   7.7e-16   52.9   0.0   516   587   474   546   459   548 0.92 -
AA3_1                -            548 FUN_007989-T1        -            555   5.4e-47  155.9   1.3   1   3     1e-09   1.7e-07   25.5   0.1    12    50     7    46     2    54 0.86 -
AA3_1                -            548 FUN_007989-T1        -            555   5.4e-47  155.9   1.3   2   3   8.9e-26   1.6e-23   78.5   0.3    97   321    58   285    50   294 0.82 -
AA3_1                -            548 FUN_007989-T1        -            555   5.4e-47  155.9   1.3   3   3   1.5e-16   2.6e-14   48.1   0.0   396   544   389   544   376   547 0.77 -
GH18                 -            296 FUN_008023-T1        -            337   1.1e-41  139.0   0.0   1   1   1.9e-44   1.3e-41  138.7   0.0     6   270    31   335    26   336 0.78 -
GH16_23              -            192 FUN_008084-T1        -            363   1.3e-91  300.6   0.0   1   1   9.6e-94   1.7e-91  300.3   0.0     6   192    99   285    83   285 0.98 -
GH16                 -            189 FUN_008084-T1        -            363     7e-21   71.0   0.4   1   1   5.5e-23   9.6e-21   70.6   0.4     9   189    60   285    46   285 0.67 -
GH16_21              -            206 FUN_008084-T1        -            363   5.4e-20   67.1   0.1   1   1     5e-22   8.7e-20   66.4   0.1    27   192    86   270    64   283 0.74 -
GH16_22              -            216 FUN_008084-T1        -            363   1.2e-16   56.3   0.0   1   1   9.5e-19   1.7e-16   55.8   0.0     4   206    66   275    63   283 0.72 -
GH64                 -            367 FUN_008085-T1        -            376  1.4e-111  368.7   0.0   1   1  2.3e-114  1.6e-111  368.5   0.0     2   367     3   372     2   372 0.97 -
GH55                 -            740 FUN_008087-T1        -           1379  6.6e-268  886.3   5.5   1   1  1.3e-270  9.1e-268  885.8   5.5     7   739   204   958   200   959 0.97 -
GH18                 -            296 FUN_008088-T1        -           1219   1.1e-68  227.6   0.3   1   1   3.1e-71   2.2e-68  226.6   0.3     3   284    67   412    65   423 0.82 -
GH18                 -            296 FUN_008118-T1        -            320   3.9e-27   91.2   2.7   1   2   1.7e-29   1.2e-26   89.6   0.5     4   203    34   271    31   289 0.78 -
GH18                 -            296 FUN_008118-T1        -            320   3.9e-27   91.2   2.7   2   2    0.0082       5.8    2.0   0.1   268   285   294   311   273   320 0.75 -
CE5                  -            189 FUN_008142-T1        -            295   1.7e-26   88.9   0.0   1   1   3.7e-29   2.6e-26   88.3   0.0     2   167    39   202    38   212 0.90 -
GT41                 -            705 FUN_008147-T1        -            658   3.9e-21   70.6  10.8   1   2   1.1e-11   7.9e-09   30.0   5.6    23   191   193   430   175   436 0.68 -
GT41                 -            705 FUN_008147-T1        -            658   3.9e-21   70.6  10.8   2   2   1.5e-15     1e-12   42.8   0.2    81   191   475   583   449   628 0.87 -
GH16_19              -            174 FUN_008165-T1        -            370   3.9e-76  249.7   7.2   1   1   5.1e-78   5.9e-76  249.1   7.2     3   173    28   197    26   198 0.98 -
GH16_18              -            158 FUN_008165-T1        -            370   1.1e-45  150.4   5.7   1   1   1.2e-47   1.4e-45  150.0   5.1     6   158    40   195    35   195 0.93 -
GH16_21              -            206 FUN_008165-T1        -            370   2.1e-23   78.2   4.8   1   1     3e-25   3.5e-23   77.5   4.8    55   191    48   189     3   199 0.86 -
GH16                 -            189 FUN_008165-T1        -            370   7.1e-23   77.5   7.2   1   1   9.1e-25   1.1e-22   77.0   7.2    53   176    48   193     3   240 0.78 -
GH16_27              -            138 FUN_008165-T1        -            370   5.5e-19   63.9   1.2   1   2       1.7   1.9e+02   -2.7   0.0    94   108    20    34     3    38 0.73 -
GH16_27              -            138 FUN_008165-T1        -            370   5.5e-19   63.9   1.2   2   2   8.6e-21     1e-18   63.0   0.4    10   133    57   182    48   186 0.77 -
GH16_20              -            162 FUN_008165-T1        -            370   6.3e-17   57.1   0.7   1   2       1.3   1.5e+02   -2.6   0.0    60    77    14    31     7    37 0.83 -
GH16_20              -            162 FUN_008165-T1        -            370   6.3e-17   57.1   0.7   2   2   1.1e-18   1.3e-16   56.0   0.7     9   150    42   182    34   192 0.84 -
AA7                  -            458 FUN_008176-T1        -            510   1.6e-48  161.9  13.9   1   2   3.6e-48   2.5e-45  151.4  13.4     4   209    68   275    65   352 0.88 -
AA7                  -            458 FUN_008176-T1        -            510   1.6e-48  161.9  13.9   2   2   4.9e-05     0.035    9.1   0.0   429   454   480   505   437   508 0.72 -
GH55                 -            740 FUN_008222-T1        -            465  3.7e-158  523.4   2.4   1   1  6.5e-161  4.5e-158  523.1   2.4   289   723     9   458     3   465 0.92 -
GT57                 -            481 FUN_008226-T1        -           1673  1.5e-176  583.5  27.1   1   1  2.9e-179    2e-176  583.1  27.1     3   479    17   494    15   496 0.97 -
GT64                 -            248 FUN_008325-T1        -            343   7.8e-52  171.2   0.0   1   1   1.5e-54     1e-51  170.8   0.0     1   240    92   333    92   340 0.92 -
GH2                  -            752 FUN_008385-T1        -            624    9e-102  337.2   0.4   1   1  1.7e-104  1.2e-101  336.9   0.4    26   411    62   509    53   616 0.76 -
AA7                  -            458 FUN_008387-T1        -            580   1.6e-43  145.4   8.0   1   2   2.7e-40   1.9e-37  125.4   5.4    23   203   138   329   128   340 0.92 -
AA7                  -            458 FUN_008387-T1        -            580   1.6e-43  145.4   8.0   2   2   1.8e-08   1.2e-05   20.5   0.0   400   453   502   555   484   559 0.82 -
AA1                  -            358 FUN_008416-T1        -            634   5.5e-89  294.6   0.1   1   1   3.9e-91   6.8e-89  294.3   0.1     6   357    98   611    93   612 0.75 -
AA1_3                -            312 FUN_008416-T1        -            634   1.5e-58  193.8   0.3   1   2   5.9e-60     1e-57  191.1   0.0    13   273    87   378    78   395 0.86 -
AA1_3                -            312 FUN_008416-T1        -            634   1.5e-58  193.8   0.3   2   2     0.075        13    0.2   0.2    58    74   519   535   502   541 0.87 -
AA1_2                -            337 FUN_008416-T1        -            634   7.9e-56  184.9   0.1   1   2   1.2e-57   2.1e-55  183.4   0.0     2   250   106   395   105   485 0.74 -
AA1_2                -            337 FUN_008416-T1        -            634   7.9e-56  184.9   0.1   2   2      0.45        79   -2.5   0.1    28    46   519   537   511   540 0.82 -
AA1_1                -            303 FUN_008416-T1        -            634   7.2e-47  155.3   0.0   1   1   5.7e-49     1e-46  154.9   0.0     2   258   100   386    99   419 0.81 -
GH75                 -            220 FUN_008421-T1        -            300   1.8e-71  235.8  10.4   1   2   5.7e-74     4e-71  234.6   0.2     3   220     8   251     6   251 0.96 -
GH75                 -            220 FUN_008421-T1        -            300   1.8e-71  235.8  10.4   2   2    0.0015       1.1    4.3   5.1    66    91   268   290   261   296 0.86 -
GT22                 -            389 FUN_008479-T1        -            621   1.2e-95  316.4  28.1   1   1   1.9e-98   1.4e-95  316.2  28.1     2   389    39   471    38   471 0.89 -
AA3_2                -            568 FUN_008481-T1        -            629  3.3e-169  559.6   0.0   1   1  2.3e-171    4e-169  559.3   0.0     3   567    38   617    37   618 0.92 -
AA3                  -            618 FUN_008481-T1        -            629  2.5e-101  335.3   0.0   1   1  1.8e-103  3.2e-101  335.0   0.0    88   399    36   617     5   621 0.87 -
AA3_3                -            590 FUN_008481-T1        -            629   3.6e-70  232.4   0.0   1   2   2.2e-61   3.8e-59  195.9   0.0     3   449    38   492    37   505 0.85 -
AA3_3                -            590 FUN_008481-T1        -            629   3.6e-70  232.4   0.0   2   2   1.9e-12   3.4e-10   34.3   0.0   512   587   541   617   533   619 0.88 -
AA3_1                -            548 FUN_008481-T1        -            629     2e-50  167.3   0.0   1   2   5.7e-38     1e-35  118.8   0.0    10   336    31   368    20   409 0.75 -
AA3_1                -            548 FUN_008481-T1        -            629     2e-50  167.3   0.0   2   2   6.5e-16   1.1e-13   45.9   0.0   466   544   535   615   458   618 0.78 -
GH13_40              -            359 FUN_008540-T1        -            367  3.5e-157  518.4   0.3   1   1  1.6e-158    4e-157  518.2   0.3     1   340    34   366    34   367 0.99 -
GH13_31              -            349 FUN_008540-T1        -            367  1.3e-135  447.7   0.4   1   1  5.8e-137  1.4e-135  447.5   0.4     1   329    34   365    34   367 0.97 -
GH13_29              -            344 FUN_008540-T1        -            367  2.9e-121  400.2   0.2   1   1  1.3e-122  3.3e-121  400.0   0.2     1   324    33   365    33   367 0.95 -
GH13_23              -            344 FUN_008540-T1        -            367    2e-106  351.8   5.1   1   1  1.8e-107  4.4e-106  350.7   5.1     1   321    34   363    34   367 0.89 -
GH13_17              -            350 FUN_008540-T1        -            367   2.3e-85  282.2   6.4   1   1   2.2e-85   5.6e-84  277.6   6.4     1   322    34   350    34   365 0.83 -
GH13_30              -            365 FUN_008540-T1        -            367     4e-85  281.5   2.9   1   1   2.3e-86   5.7e-85  281.0   2.9     1   318    34   353    34   363 0.87 -
GH13_36              -            314 FUN_008540-T1        -            367   6.9e-74  244.4   0.0   1   1   3.5e-75   8.8e-74  244.1   0.0     1   294    34   360    34   364 0.88 -
GH13                 -            299 FUN_008540-T1        -            367   2.5e-70  233.5   7.6   1   1   1.2e-71   3.1e-70  233.2   7.6    12   273    33   366    26   367 0.83 -
GH13_16              -            353 FUN_008540-T1        -            367   3.7e-70  232.1   1.0   1   1   2.1e-71   5.4e-70  231.6   0.9     1   243    34   293    34   341 0.82 -
GH13_35              -            351 FUN_008540-T1        -            367   4.7e-63  208.9   1.3   1   2   6.3e-63   1.6e-61  203.9   0.7     1   185    34   220    34   228 0.95 -
GH13_35              -            351 FUN_008540-T1        -            367   4.7e-63  208.9   1.3   2   2     0.055       1.4    3.5   0.0   279   321   304   347   291   357 0.86 -
GH13_21              -            308 FUN_008540-T1        -            367     8e-56  185.1   0.4   1   1     4e-57   9.9e-56  184.7   0.4     1   288    34   361    34   366 0.89 -
GH13_20              -            300 FUN_008540-T1        -            367   3.9e-47  156.4   0.4   1   1   7.5e-47   1.9e-45  150.9   0.4     1   275    34   358    34   366 0.74 -
GH13_4               -            400 FUN_008540-T1        -            367   4.9e-42  139.4   0.1   1   1   2.7e-43   6.7e-42  139.0   0.1     2   187    34   218    33   225 0.94 -
GH13_2               -            310 FUN_008540-T1        -            367   3.5e-33  110.8   0.1   1   1   5.7e-33   1.4e-31  105.5   0.1     2   291    34   358    33   364 0.74 -
GH13_39              -            316 FUN_008540-T1        -            367   1.9e-29   98.4   0.6   1   2   2.1e-30   5.3e-29   97.0   0.2     1   167    34   217    34   233 0.81 -
GH13_39              -            316 FUN_008540-T1        -            367   1.9e-29   98.4   0.6   2   2       1.6        40   -1.2   0.0   254   272   333   351   305   365 0.66 -
GH13_1               -            306 FUN_008540-T1        -            367     2e-29   98.1   0.0   1   1   1.5e-30   3.9e-29   97.1   0.0     2   278    34   357    33   366 0.71 -
GH13_14              -            289 FUN_008540-T1        -            367   2.3e-28   94.7   0.1   1   1   3.6e-29   8.9e-28   92.8   0.1     2   272    44   362    43   367 0.73 -
GH13_18              -            343 FUN_008540-T1        -            367   3.8e-26   87.3   0.0   1   1   3.1e-27   7.6e-26   86.3   0.0     3   215    53   289    51   294 0.73 -
GH13_41              -            294 FUN_008540-T1        -            367   9.5e-23   76.4   0.7   1   1   7.4e-23   1.8e-21   72.2   0.7     1   163    34   218    34   365 0.70 -
GH13_10              -            313 FUN_008540-T1        -            367   6.3e-21   70.4   0.0   1   1   7.9e-22     2e-20   68.8   0.0     5   148    34   219    32   236 0.93 -
GH13_37              -            320 FUN_008540-T1        -            367   2.7e-20   67.9   0.6   1   3   7.4e-20   1.8e-18   61.9   0.0     8    99    33   113    27   129 0.93 -
GH13_37              -            320 FUN_008540-T1        -            367   2.7e-20   67.9   0.6   2   3      0.29       7.3    0.8   0.1   127   160   185   217   153   222 0.80 -
GH13_37              -            320 FUN_008540-T1        -            367   2.7e-20   67.9   0.6   3   3      0.15       3.8    1.7   0.0   251   276   318   342   268   364 0.77 -
GH13_13              -            361 FUN_008540-T1        -            367   4.8e-20   67.3   0.5   1   3    0.0062      0.16    6.4   0.0     3    22    44    63    42    67 0.86 -
GH13_13              -            361 FUN_008540-T1        -            367   4.8e-20   67.3   0.5   2   3   1.1e-18   2.7e-17   58.2   0.1    60   187    66   219    62   221 0.88 -
GH13_13              -            361 FUN_008540-T1        -            367   4.8e-20   67.3   0.5   3   3      0.98        25   -0.9   0.0   307   340   331   359   308   367 0.71 -
GH13_3               -            210 FUN_008540-T1        -            367   4.5e-19   64.2   1.7   1   1   2.8e-19     7e-18   60.3   1.7     3   147    41   211    39   224 0.80 -
GH13_12              -            284 FUN_008540-T1        -            367   9.3e-19   63.5   0.0   1   2   9.5e-20   2.4e-18   62.2   0.0     1   156    34   215    34   226 0.89 -
GH13_12              -            284 FUN_008540-T1        -            367   9.3e-19   63.5   0.0   2   2       6.7   1.7e+02   -2.9   0.0   237   255   321   339   308   361 0.64 -
GH13_26              -            296 FUN_008540-T1        -            367   1.4e-18   62.8   0.1   1   2   1.5e-17   3.9e-16   54.8   0.0     2    78    43   115    42   135 0.88 -
GH13_26              -            296 FUN_008540-T1        -            367   1.4e-18   62.8   0.1   2   2     0.012      0.29    6.0   0.1   196   241   170   213   150   230 0.76 -
GH13_42              -            421 FUN_008540-T1        -            367   1.6e-18   62.4   1.6   1   3   2.5e-13   6.1e-12   40.7   0.1     2    84    34   113    33   166 0.78 -
GH13_42              -            421 FUN_008540-T1        -            367   1.6e-18   62.4   1.6   2   3   6.9e-07   1.7e-05   19.4   0.1   170   232   153   219   119   239 0.73 -
GH13_42              -            421 FUN_008540-T1        -            367   1.6e-18   62.4   1.6   3   3         1        26   -0.9   0.0   360   377   322   339   310   353 0.78 -
GH13_32              -            269 FUN_008540-T1        -            367   1.5e-16   56.2   0.1   1   1   7.1e-17   1.8e-15   52.6   0.1     1   250    50   346    50   365 0.65 -
GH13_19              -            360 FUN_008540-T1        -            367     8e-16   53.4   7.5   1   2     4e-16     1e-14   49.8   1.8     1   103    34   119    34   198 0.68 -
GH13_19              -            360 FUN_008540-T1        -            367     8e-16   53.4   7.5   2   2     0.048       1.2    3.5   0.6   209   230   197   218   175   363 0.64 -
GT22                 -            389 FUN_008542-T1        -            573   3.1e-76  252.5  32.3   1   1   5.4e-79   3.8e-76  252.2  32.3     4   368    12   408     9   434 0.87 -
GH63                 -            570 FUN_008584-T1        -           1031   5.1e-17   57.0   0.0   1   1     2e-19   1.4e-16   55.5   0.0   363   567   436   889   410   891 0.90 -
#
# Program:         hmmscan
# Version:         3.4 (Aug 2023)
# Pipeline mode:   SCAN
# Query file:      /home/zack/Desktop/IsariaPreferralGenome/MyGenomeSubmittedToNCBI/HypocrealesProteinSets/GENOMES/CcateniannulataMBC234/FunannotatePredict/annotate_misc/split_prots/chunk_3.fa
# Target file:     /home/zack/funannotate_db/dbCAN.hmm
# Option settings: hmmscan --domtblout /home/zack/Desktop/IsariaPreferralGenome/MyGenomeSubmittedToNCBI/HypocrealesProteinSets/GENOMES/CcateniannulataMBC234/FunannotatePredict/annotate_misc/split_prots/chunk_3.dbcan.txt -E 1e-15 --cpu 1 /home/zack/funannotate_db/dbCAN.hmm /home/zack/Desktop/IsariaPreferralGenome/MyGenomeSubmittedToNCBI/HypocrealesProteinSets/GENOMES/CcateniannulataMBC234/FunannotatePredict/annotate_misc/split_prots/chunk_3.fa 
# Current dir:     /home/zack
# Date:            Mon Mar  4 00:40:22 2024
# [ok]
