#HMM_family	HMM_len	Query_ID	Query_len	E-value	HMM_start	HMM_end	Query_start	Query_end	Coverage
GH72	312	FUN_005761-T1	515	1.2e-119	2	311	18	332	0.990385
GH47	446	FUN_005768-T1	565	1e-155	1	446	101	563	0.997758
GH18	296	FUN_005771-T1	1471	1.7e-50	4	281	505	854	0.935811
GH76	358	FUN_005787-T1	471	1.5e-93	2	333	18	366	0.924581
GH72	312	FUN_005788-T1	516	4.6e-112	2	311	41	360	0.990385
GT32	90	FUN_005868-T1	366	3.9e-19	7	89	113	193	0.911111
GH3	216	FUN_005897-T1	370	3e-39	7	215	100	324	0.962963
AA7	458	FUN_005902-T1	583	1.1e-56	20	452	130	561	0.943231
GH37	491	FUN_005959-T1	682	5.9e-157	1	489	50	626	0.993890
CE4	130	FUN_005962-T1	324	2.4e-32	6	125	109	238	0.915385
GH76	358	FUN_006010-T1	576	1.3e-89	9	350	26	400	0.952514
GH16_22	216	FUN_006068-T1	390	1.7e-88	2	216	88	312	0.990741
GH16	189	FUN_006068-T1	390	8.5e-24	9	188	85	312	0.947090
GH16_23	192	FUN_006068-T1	390	2.6e-19	8	190	135	311	0.947917
GH16	189	FUN_006091-T1	353	3.2e-30	10	176	106	325	0.878307
AA4	522	FUN_006125-T1	494	9.6e-30	14	248	1	229	0.448276
AA7	458	FUN_006125-T1	494	1.8e-20	5	195	32	235	0.414847
AA3	618	FUN_006162-T1	1058	3.2e-43	82	611	53	649	0.855987
AA3_1	548	FUN_006162-T1	1058	1.4e-20	13	276	57	344	0.479927
GT2_Glyco_tranf_2_3	230	FUN_006334-T1	790	1.7e-20	3	229	265	498	0.982609
GH12	156	FUN_006335-T1	338	1.4e-23	1	156	155	337	0.993590
GH47	446	FUN_006365-T1	727	4.4e-163	2	446	202	725	0.995516
GH5_12	539	FUN_006367-T1	752	1.1e-220	0	539	14	548	1.000000
GH5	275	FUN_006367-T1	752	2.1e-27	3	237	14	548	0.850909
CE5	189	FUN_006381-T1	240	1.4e-37	2	188	29	238	0.984127
GH79	455	FUN_006419-T1	495	5.1e-61	2	395	26	427	0.863736
GT69	239	FUN_006426-T1	543	5.1e-68	0	238	136	413	0.995816
GH16_1	229	FUN_006524-T1	378	2.2e-82	1	229	120	356	0.995633
GH3	216	FUN_006550-T1	762	1.1e-57	2	216	78	292	0.990741
AA3_2	568	FUN_006551-T1	572	2.5e-127	2	567	14	558	0.994718
AA3	618	FUN_006551-T1	572	5.7e-74	88	406	13	565	0.514563
AA3_3	590	FUN_006551-T1	572	2.8e-56	3	317	15	320	0.532203
GT3	637	FUN_006579-T1	712	1.7e-302	0	637	18	658	1.000000
GH88	329	FUN_006620-T1	506	2e-86	1	325	91	496	0.984802
GH154	348	FUN_006621-T1	706	2.5e-122	1	347	14	394	0.994253
GH136	491	FUN_006622-T1	486	2.8e-83	2	490	20	481	0.993890
GT32	90	FUN_006681-T1	396	1.2e-18	8	89	94	177	0.900000
GT8	257	FUN_006683-T1	396	8.8e-19	49	246	113	336	0.766537
AA3_2	568	FUN_006695-T1	674	1.2e-176	0	566	90	669	0.996479
AA3	618	FUN_006695-T1	674	8.1e-88	86	398	89	670	0.504854
AA3_3	590	FUN_006695-T1	674	1.6e-59	0	461	90	569	0.781356
GT20	475	FUN_006699-T1	604	2.3e-125	46	469	104	581	0.890526
GH20	337	FUN_006700-T1	579	1.8e-83	5	336	182	528	0.982196
GH29	346	FUN_006706-T1	478	2.9e-49	40	339	49	371	0.864162
CE5	189	FUN_006716-T1	251	2e-41	1	188	82	249	0.989418
GH88	329	FUN_006731-T1	514	7.9e-82	3	325	97	504	0.978723
GH47	446	FUN_006752-T1	695	5.7e-164	0	446	168	662	1.000000
GT21	233	FUN_006857-T1	526	2.3e-89	0	233	50	354	1.000000
AA3_3	590	FUN_006863-T1	610	6.7e-261	1	590	8	607	0.998305
AA3_2	568	FUN_006863-T1	610	4.7e-120	1	566	8	603	0.994718
AA3	618	FUN_006863-T1	610	3.8e-81	83	401	3	606	0.514563
AA3_1	548	FUN_006863-T1	610	2.4e-40	13	286	6	295	0.498175
GT33	425	FUN_006890-T1	475	3.2e-137	2	424	50	467	0.992941
GT35	674	FUN_006903-T1	901	6.2e-279	1	674	179	895	0.998516
AA7	458	FUN_006922-T1	533	5e-46	12	214	74	280	0.441048
GH20	337	FUN_006934-T1	599	5.4e-85	8	336	207	550	0.973294
GH2	752	FUN_006953-T1	1016	5.5e-206	21	750	42	897	0.969415
GH16_3	230	FUN_006968-T1	284	2.1e-54	0	230	31	281	1.000000
GH16	189	FUN_006968-T1	284	1.2e-36	1	187	31	279	0.984127
GH16_5	238	FUN_006968-T1	284	3.3e-21	76	234	85	277	0.663866
CE1	227	FUN_006999-T1	285	1.6e-45	0	226	22	281	0.995595
GT4	160	FUN_007015-T1	556	1.5e-22	7	149	360	516	0.887500
GH2	752	FUN_007043-T1	895	1.8e-57	48	543	60	729	0.658245
GT17	284	FUN_007054-T1	384	6e-76	3	283	64	358	0.985915
GH16_18	158	FUN_007064-T1	336	1.5e-67	1	158	26	184	0.993671
GH16_19	174	FUN_007064-T1	336	4.7e-42	15	172	31	185	0.902299
GH16_21	206	FUN_007064-T1	336	3e-23	62	190	46	177	0.621359
GH16	189	FUN_007064-T1	336	9.7e-23	55	188	41	202	0.703704
GT34	246	FUN_007082-T1	447	2.8e-83	1	245	143	408	0.991870
GT4	160	FUN_007107-T1	448	1e-34	4	142	280	446	0.862500
GH3	216	FUN_007110-T1	957	2e-56	2	214	298	515	0.981481
GH76	358	FUN_007113-T1	468	2.5e-98	8	356	25	410	0.972067
GT2_Chitin_synth_1	163	FUN_007125-T1	923	6.7e-71	0	163	229	398	1.000000
GH55	740	FUN_007213-T1	775	2.3e-301	5	739	30	773	0.991892
GH18	296	FUN_007233-T1	372	2.1e-55	1	285	19	360	0.959459
GT8	257	FUN_007334-T1	311	5.5e-38	21	255	7	274	0.910506
AA2	255	FUN_007346-T1	946	1.2e-40	10	115	271	377	0.411765
CE4	130	FUN_007354-T1	528	2.3e-19	23	127	261	368	0.800000
GH43_6	292	FUN_007390-T1	203	4.3e-20	94	241	0	171	0.503425
GH114	190	FUN_007391-T1	355	1.4e-37	8	190	44	256	0.957895
GH75	220	FUN_007514-T1	187	2.6e-62	65	219	17	183	0.700000
GT61	119	FUN_007530-T1	397	8.3e-27	4	119	198	324	0.966387
AA7	458	FUN_007534-T1	565	5.2e-51	18	214	123	332	0.427948
GH72	312	FUN_007543-T1	443	3e-119	3	310	24	329	0.983974
AA3_2	568	FUN_007550-T1	649	2e-97	1	567	27	645	0.996479
AA3	618	FUN_007550-T1	649	2.6e-80	87	400	26	646	0.506472
GH16_18	158	FUN_007551-T1	534	9.4e-67	1	158	67	225	0.993671
GH16_19	174	FUN_007551-T1	534	3.7e-44	16	174	73	228	0.908046
GH16_21	206	FUN_007551-T1	534	8.3e-26	49	184	74	212	0.655340
GH16	189	FUN_007551-T1	534	2.1e-25	51	186	78	241	0.714286
GH16_25	163	FUN_007551-T1	534	1.8e-19	7	158	84	239	0.926380
GH16_27	138	FUN_007551-T1	534	1.9e-18	40	132	113	211	0.666667
GH3	216	FUN_007556-T1	950	3.4e-65	6	216	167	380	0.972222
GT4	160	FUN_007594-T1	621	1.6e-29	16	158	398	556	0.887500
AA2	255	FUN_007603-T1	762	3.6e-38	18	114	106	203	0.376471
GH2	752	FUN_007607-T1	1109	2e-201	25	751	39	973	0.965426
GH72	312	FUN_007651-T1	440	1.4e-107	2	293	17	297	0.932692
GH64	367	FUN_007734-T1	449	3.7e-95	1	367	71	445	0.997275
GH36	688	FUN_007754-T1	748	5.6e-242	1	687	40	731	0.997093
AA12	401	FUN_007758-T1	433	5.1e-133	6	400	25	420	0.982544
AA1	358	FUN_007786-T1	623	1.5e-70	6	357	51	601	0.980447
AA1_3	312	FUN_007786-T1	623	2.1e-41	10	261	32	366	0.804487
AA1_1	303	FUN_007786-T1	623	1.3e-30	2	170	48	237	0.554455
GH31	427	FUN_007790-T1	851	5.7e-104	1	427	238	722	0.997658
GH54	316	FUN_007822-T1	505	2.3e-123	0	315	24	344	0.996835
CBM42	136	FUN_007822-T1	505	2.1e-39	1	135	361	500	0.985294
GH89	663	FUN_007824-T1	759	8.9e-196	1	655	66	740	0.986425
GH3	216	FUN_007834-T1	789	1.4e-61	2	216	80	295	0.990741
GT15	273	FUN_007911-T1	422	1.5e-122	0	272	102	373	0.996337
GH17	311	FUN_007921-T1	666	1.5e-31	2	306	377	652	0.977492
CE5	189	FUN_007972-T1	304	1.5e-35	1	188	105	280	0.989418
GH18	296	FUN_007978-T1	390	5.4e-70	5	286	40	356	0.949324
AA3	618	FUN_007989-T1	555	1.2e-85	79	400	1	547	0.519417
GH18	296	FUN_008023-T1	337	1.1e-41	5	270	30	335	0.895270
GH16_23	192	FUN_008084-T1	363	1.3e-91	5	192	98	285	0.973958
GH16	189	FUN_008084-T1	363	7e-21	8	189	59	285	0.957672
GH16_21	206	FUN_008084-T1	363	5.4e-20	26	192	85	270	0.805825
GH64	367	FUN_008085-T1	376	1.4e-111	1	367	2	372	0.997275
GH55	740	FUN_008087-T1	1379	6.6e-268	6	739	203	958	0.990541
GH18	296	FUN_008088-T1	1219	1.1e-68	2	284	66	412	0.952703
GH18	296	FUN_008118-T1	320	3.9e-27	3	203	33	271	0.675676
CE5	189	FUN_008142-T1	295	1.7e-26	1	167	38	202	0.878307
GH16_19	174	FUN_008165-T1	370	3.9e-76	2	173	27	197	0.982759
GH16_18	158	FUN_008165-T1	370	1.1e-45	5	158	39	195	0.968354
GH16_21	206	FUN_008165-T1	370	2.1e-23	54	191	47	189	0.665049
GH16	189	FUN_008165-T1	370	7.1e-23	52	176	47	193	0.656085
AA7	458	FUN_008176-T1	510	1.6e-48	3	209	67	275	0.449782
GH55	740	FUN_008222-T1	465	3.7e-158	288	723	8	458	0.587838
GT57	481	FUN_008226-T1	1673	1.5e-176	2	479	16	494	0.991684
GT64	248	FUN_008325-T1	343	7.8e-52	0	240	91	333	0.967742
GH2	752	FUN_008385-T1	624	9e-102	25	411	61	509	0.513298
AA7	458	FUN_008387-T1	580	1.6e-43	22	203	137	329	0.395197
AA1	358	FUN_008416-T1	634	5.5e-89	5	357	97	611	0.983240
AA1_3	312	FUN_008416-T1	634	1.5e-58	12	273	86	378	0.836538
AA1_2	337	FUN_008416-T1	634	7.9e-56	1	250	105	395	0.738872
AA1_1	303	FUN_008416-T1	634	7.2e-47	1	258	99	386	0.848185
GH75	220	FUN_008421-T1	300	1.8e-71	2	220	7	251	0.990909
GT22	389	FUN_008479-T1	621	1.2e-95	1	389	38	471	0.997429
AA3_2	568	FUN_008481-T1	629	3.3e-169	2	567	37	617	0.994718
AA3	618	FUN_008481-T1	629	2.5e-101	87	399	35	617	0.504854
AA3_3	590	FUN_008481-T1	629	3.6e-70	2	449	37	492	0.757627
AA3_1	548	FUN_008481-T1	629	2e-50	9	336	30	368	0.596715
GH13_40	359	FUN_008540-T1	367	3.5e-157	0	340	33	366	0.947075
GH13_31	349	FUN_008540-T1	367	1.3e-135	0	329	33	365	0.942693
GH13_29	344	FUN_008540-T1	367	2.9e-121	0	324	32	365	0.941860
GH13_23	344	FUN_008540-T1	367	2e-106	0	321	33	363	0.933140
GH13_17	350	FUN_008540-T1	367	2.3e-85	0	322	33	350	0.920000
GH13_30	365	FUN_008540-T1	367	4e-85	0	318	33	353	0.871233
GH13_36	314	FUN_008540-T1	367	6.9e-74	0	294	33	360	0.936306
GH13	299	FUN_008540-T1	367	2.5e-70	11	273	32	366	0.876254
GH13_16	353	FUN_008540-T1	367	3.7e-70	0	243	33	293	0.688385
GH13_35	351	FUN_008540-T1	367	4.7e-63	0	185	33	220	0.527066
GH13_21	308	FUN_008540-T1	367	8e-56	0	288	33	361	0.935065
GH13_20	300	FUN_008540-T1	367	3.9e-47	0	275	33	358	0.916667
GH13_4	400	FUN_008540-T1	367	4.9e-42	1	187	33	218	0.465000
GH13_2	310	FUN_008540-T1	367	3.5e-33	1	291	33	358	0.935484
GH13_39	316	FUN_008540-T1	367	1.9e-29	0	167	33	217	0.528481
GH13_1	306	FUN_008540-T1	367	2e-29	1	278	33	357	0.905229
GH13_14	289	FUN_008540-T1	367	2.3e-28	1	272	43	362	0.937716
GH13_18	343	FUN_008540-T1	367	3.8e-26	2	215	52	289	0.620991
GH13_41	294	FUN_008540-T1	367	9.5e-23	0	163	33	218	0.554422
GH13_10	313	FUN_008540-T1	367	6.3e-21	4	148	33	219	0.460064
GH13_3	210	FUN_008540-T1	367	4.5e-19	2	147	40	211	0.690476
GH13_12	284	FUN_008540-T1	367	9.3e-19	0	156	33	215	0.549296
GT22	389	FUN_008542-T1	573	3.1e-76	3	368	11	408	0.938303
CE5	189	FUN_000018-T1	208	2.2e-20	7	133	47	158	0.666667
AA7	458	FUN_000026-T1	472	1.9e-85	5	458	38	468	0.989083
CE4	130	FUN_000029-T1	461	2.2e-30	5	127	105	239	0.938462
AA3_2	568	FUN_000056-T1	584	1e-142	2	567	23	582	0.994718
AA3	618	FUN_000056-T1	584	1.2e-74	83	399	17	582	0.511327
AA3_3	590	FUN_000056-T1	584	7.1e-67	1	318	22	347	0.537288
AA7	458	FUN_000059-T1	496	1.5e-46	6	453	52	483	0.975983
GH93	307	FUN_000146-T1	358	5.4e-66	2	270	22	296	0.872964
GH47	446	FUN_000169-T1	1071	4.5e-136	0	445	15	555	0.997758
GH16_22	216	FUN_000176-T1	320	8.1e-79	1	216	86	291	0.995370
GH16	189	FUN_000176-T1	320	2.5e-25	8	188	83	291	0.952381
GH31	427	FUN_000291-T1	882	4.2e-143	0	426	250	763	0.997658
GT17	284	FUN_000293-T1	374	1.2e-77	5	283	69	361	0.978873
GT62	268	FUN_000304-T1	445	1e-124	2	268	66	330	0.992537
GH125	402	FUN_000335-T1	544	7.1e-158	0	402	82	517	1.000000
GT2_Chitin_synth_1	163	FUN_000363-T1	921	1.6e-76	0	163	234	397	1.000000
GT2_Chitin_synth_2	527	FUN_000363-T1	921	1.7e-25	203	468	374	664	0.502846
GH32	293	FUN_000364-T1	580	2.6e-88	0	290	59	376	0.989761
GH18	296	FUN_000400-T1	394	2.1e-83	1	287	1	356	0.966216
GH43_34	280	FUN_000434-T1	527	2.7e-95	0	280	63	345	1.000000
GH43_29	278	FUN_000434-T1	527	1.4e-58	3	278	66	346	0.989209
GH43	248	FUN_000434-T1	527	1.3e-56	2	247	63	346	0.987903
GH43_3	299	FUN_000434-T1	527	1.5e-53	2	297	63	343	0.986622
GH43_33	315	FUN_000434-T1	527	3.7e-47	11	143	78	215	0.419048
GH43_2	273	FUN_000434-T1	527	2.2e-43	1	273	71	345	0.996337
GH43_16	311	FUN_000434-T1	527	2.9e-42	1	311	63	346	0.996785
GH43_32	267	FUN_000434-T1	527	4.7e-39	0	266	80	343	0.996255
GH43_30	265	FUN_000434-T1	527	1.5e-35	2	255	71	323	0.954717
GH43_31	268	FUN_000434-T1	527	2.5e-34	3	262	71	334	0.966418
GH43_1	310	FUN_000434-T1	527	6.8e-32	5	154	68	216	0.480645
GH43_19	233	FUN_000434-T1	527	2.8e-31	16	215	81	338	0.854077
GH43_9	272	FUN_000434-T1	527	2.2e-30	1	271	63	345	0.992647
GH43_26	294	FUN_000434-T1	527	6.5e-26	2	293	63	345	0.989796
GH43_10	271	FUN_000434-T1	527	5.2e-25	1	250	63	320	0.918819
GH43_24	246	FUN_000434-T1	527	3.3e-24	4	239	79	317	0.955285
GH43_8	281	FUN_000434-T1	527	9.3e-24	1	277	64	342	0.982206
GH43_22	209	FUN_000434-T1	527	2.5e-22	14	207	79	320	0.923445
CBM66	155	FUN_000434-T1	527	7.2e-22	1	154	360	521	0.987097
GH43_5	287	FUN_000434-T1	527	1.9e-19	2	284	72	343	0.982578
GH43_37	242	FUN_000434-T1	527	2.9e-19	20	233	89	298	0.880165
GH43_12	281	FUN_000434-T1	527	5.7e-18	1	213	63	285	0.754448
GH47	446	FUN_000447-T1	595	7.8e-163	0	446	114	590	1.000000
GT2_Chitin_synth_2	527	FUN_000515-T1	1778	1.3e-228	1	525	1057	1566	0.994307
GT2_Chitin_synth_2	527	FUN_000516-T1	1860	4.2e-248	1	527	1203	1711	0.998102
GT64	248	FUN_000652-T1	329	1.4e-22	0	154	89	246	0.620968
GH72	312	FUN_000711-T1	526	5.2e-128	2	310	16	327	0.987179
AA11	191	FUN_000730-T1	385	4.6e-63	10	187	33	212	0.926702
GT4	160	FUN_000757-T1	496	8.2e-35	6	137	217	348	0.818750
GH105	332	FUN_000783-T1	378	3.6e-21	77	280	119	324	0.611446
GH16_18	158	FUN_000811-T1	366	1.6e-66	1	158	66	221	0.993671
GH16_19	174	FUN_000811-T1	366	4.1e-43	6	174	62	224	0.965517
GH16_21	206	FUN_000811-T1	366	1.7e-23	39	183	60	207	0.699029
GH16	189	FUN_000811-T1	366	1.2e-22	51	176	77	217	0.661376
GH16_27	138	FUN_000811-T1	366	2.5e-18	27	133	103	208	0.768116
GH92	491	FUN_000813-T1	780	1.4e-157	2	490	248	758	0.993890
GT1	382	FUN_000832-T1	1388	2.3e-52	5	377	898	1313	0.973822
GT20	475	FUN_000844-T1	872	3.1e-155	69	474	111	552	0.852632
GT24	248	FUN_000856-T1	1457	1.4e-135	0	248	1150	1398	1.000000
GH17	311	FUN_000860-T1	377	6e-28	7	298	122	368	0.935691
GT48	739	FUN_000862-T1	1942	0.0	0	733	860	1640	0.991881
GT2_Glyco_trans_2_3	197	FUN_000945-T1	890	2.5e-54	0	193	506	717	0.979695
GH16_4	316	FUN_000946-T1	491	2.8e-114	1	315	159	481	0.993671
GH16_3	230	FUN_000946-T1	491	2.6e-49	4	210	160	437	0.895652
GH16	189	FUN_000946-T1	491	4.2e-41	5	176	160	464	0.904762
GH16_5	238	FUN_000946-T1	491	3e-23	25	204	183	389	0.752101
GH18	296	FUN_000951-T1	336	1.8e-23	3	222	32	288	0.739865
AA7	458	FUN_001007-T1	568	1.9e-39	2	217	85	312	0.469432
GH76	358	FUN_001016-T1	583	6.2e-56	33	328	87	491	0.824022
AA3_2	568	FUN_001029-T1	633	1.3e-128	1	546	53	625	0.959507
AA3	618	FUN_001029-T1	633	5.4e-67	76	375	41	622	0.483819
AA3_3	590	FUN_001029-T1	633	3.1e-42	2	461	54	549	0.777966
GH2	752	FUN_001041-T1	854	3.6e-96	25	560	2	748	0.711436
AA3_2	568	FUN_001061-T1	570	4.5e-110	1	527	34	570	0.926056
AA3	618	FUN_001061-T1	570	7.1e-61	81	359	27	570	0.449838
AA3_3	590	FUN_001061-T1	570	1.8e-51	1	307	34	351	0.518644
GH31	427	FUN_001116-T1	932	6.4e-146	0	427	248	812	1.000000
GH3	216	FUN_001126-T1	832	3e-63	4	216	33	245	0.981481
GH5_11	313	FUN_001140-T1	422	2.9e-119	0	313	39	376	1.000000
GH5_16	337	FUN_001140-T1	422	2.2e-56	0	336	39	376	0.997033
GH5_24	315	FUN_001140-T1	422	4.6e-46	0	310	39	379	0.984127
GH5_51	351	FUN_001140-T1	422	4.5e-36	2	349	41	378	0.988604
GH5	275	FUN_001140-T1	422	6e-36	1	232	39	377	0.840000
GH5_1	310	FUN_001140-T1	422	3.3e-26	0	301	41	376	0.970968
PL7_4	214	FUN_001180-T1	245	4.8e-79	0	214	28	245	1.000000
PL7	231	FUN_001180-T1	245	2.9e-41	0	231	28	245	1.000000
PL7_1	219	FUN_001180-T1	245	1.4e-20	1	219	29	245	0.995434
PL7_3	214	FUN_001180-T1	245	1.1e-18	0	214	29	245	1.000000
GH71	375	FUN_001229-T1	613	1.2e-138	0	374	36	427	0.997333
CBM24	76	FUN_001229-T1	613	8.8e-30	32	64	8	41	0.421053
GH76	358	FUN_001234-T1	424	1.2e-102	29	356	3	367	0.913408
GT4	160	FUN_001254-T1	525	5.9e-39	2	159	245	405	0.981250
PL8_4	243	FUN_001258-T1	777	4.5e-126	1	243	389	633	0.995885
PL8	259	FUN_001258-T1	777	6.1e-43	1	257	387	634	0.988417
PL8_3	249	FUN_001258-T1	777	1.6e-36	1	218	387	606	0.871486
GT32	90	FUN_001306-T1	371	1.4e-21	2	84	122	199	0.911111
GT62	268	FUN_001346-T1	406	6.4e-108	1	267	98	363	0.992537
GH79	455	FUN_001379-T1	529	3.3e-86	2	436	33	505	0.953846
GH13_40	359	FUN_001390-T1	600	2e-175	0	358	32	392	0.997214
GH13_31	349	FUN_001390-T1	600	1.4e-132	0	348	32	392	0.997135
GH13_29	344	FUN_001390-T1	600	1.1e-116	0	343	31	392	0.997093
GH13_23	344	FUN_001390-T1	600	6e-112	0	342	32	392	0.994186
GH13_30	365	FUN_001390-T1	600	4.8e-87	0	363	32	390	0.994521
GH13_17	350	FUN_001390-T1	600	2.7e-82	0	349	32	392	0.997143
GH13_36	314	FUN_001390-T1	600	5e-73	0	312	32	391	0.993631
GH13	299	FUN_001390-T1	600	2.4e-70	12	292	32	393	0.936455
GH13_16	353	FUN_001390-T1	600	1.8e-68	0	303	32	357	0.858357
GH13_35	351	FUN_001390-T1	600	1.2e-55	0	195	32	231	0.555556
GH13_21	308	FUN_001390-T1	600	1.7e-54	0	304	32	390	0.987013
GH13_20	300	FUN_001390-T1	600	3.5e-45	0	165	32	217	0.550000
GH13_4	400	FUN_001390-T1	600	2.2e-33	1	187	32	219	0.465000
GH13_1	306	FUN_001390-T1	600	5.9e-31	1	297	32	389	0.967320
GH13_14	289	FUN_001390-T1	600	6.4e-31	0	156	41	218	0.539792
GH13_2	310	FUN_001390-T1	600	1.8e-30	1	175	32	216	0.561290
GH13_39	316	FUN_001390-T1	600	7.4e-27	0	165	32	216	0.522152
GH13_41	294	FUN_001390-T1	600	3.1e-23	0	159	32	215	0.540816
GH13_32	269	FUN_001390-T1	600	1.8e-19	0	155	48	218	0.576208
GH13_18	343	FUN_001390-T1	600	9.3e-19	1	159	50	221	0.460641
GH13_10	313	FUN_001390-T1	600	1.5e-18	7	147	35	219	0.447284
GH13_37	320	FUN_001390-T1	600	2.2e-18	7	155	31	213	0.462500
GH13_6	289	FUN_001390-T1	600	9.8e-18	1	157	42	218	0.539792
GH35	307	FUN_001393-T1	1008	5.2e-91	1	302	52	382	0.980456
GT25	181	FUN_001406-T1	412	6.3e-26	1	178	76	329	0.977901
GH31	427	FUN_001445-T1	843	9.7e-126	0	427	238	727	1.000000
GT39	223	FUN_001450-T1	901	5e-70	1	223	51	297	0.995516
GH16_18	158	FUN_001531-T1	358	1.9e-47	1	158	81	237	0.993671
GH16_19	174	FUN_001531-T1	358	2.5e-43	10	174	81	240	0.942529
GH16	189	FUN_001531-T1	358	1.2e-20	30	185	74	241	0.820106
GH16_21	206	FUN_001531-T1	358	1.6e-19	51	187	90	228	0.660194
CE5	189	FUN_001573-T1	292	4.8e-39	2	187	22	217	0.978836
GH54	316	FUN_001623-T1	498	2.9e-133	0	315	27	335	0.996835
CBM42	136	FUN_001623-T1	498	3.9e-54	1	135	352	492	0.985294
GH18	296	FUN_001627-T1	349	3.9e-22	2	201	41	300	0.672297
GT1	382	FUN_001642-T1	870	1.7e-57	87	377	192	511	0.759162
GH55	740	FUN_001659-T1	731	3.1e-192	10	739	19	729	0.985135
GH47	446	FUN_001725-T1	510	1.2e-126	1	446	41	508	0.997758
AA12	401	FUN_001730-T1	455	4.9e-172	4	401	24	420	0.990025
AA9	220	FUN_001791-T1	480	2.3e-52	1	219	3	225	0.990909
GT2_Glycos_transf_2	170	FUN_001798-T1	426	1.9e-24	0	118	124	284	0.694118
AA2	255	FUN_001835-T1	389	4.7e-57	1	254	90	336	0.992157
AA1	358	FUN_001895-T1	680	9.6e-109	6	357	135	634	0.980447
AA1_2	337	FUN_001895-T1	680	1.2e-80	1	328	137	497	0.970326
AA1_3	312	FUN_001895-T1	680	1.1e-77	10	301	116	425	0.932692
AA1_1	303	FUN_001895-T1	680	8.9e-69	1	301	131	459	0.990099
GH55	740	FUN_001939-T1	1356	3.4e-233	11	732	192	917	0.974324
CBM21	107	FUN_001968-T1	672	1.1e-30	5	107	306	410	0.953271
GH76	358	FUN_001996-T1	487	8.5e-98	12	355	28	408	0.958101
GT2_Chitin_synth_1	163	FUN_002010-T1	918	8e-76	0	163	251	414	1.000000
AA7	458	FUN_002036-T1	385	8.8e-36	105	454	10	359	0.762009
PL20	229	FUN_002044-T1	266	6e-62	0	228	23	258	0.995633
GH35	307	FUN_002140-T1	967	2.5e-84	0	303	50	338	0.986971
GH152	216	FUN_002153-T1	245	2.2e-33	93	216	1	176	0.569444
GT57	481	FUN_002198-T1	592	1.5e-143	2	229	65	297	0.471933
GT22	389	FUN_002206-T1	614	5.4e-104	4	388	16	473	0.987147
GT8	257	FUN_002270-T1	693	3.6e-43	29	255	9	227	0.879377
CBM52	52	FUN_002350-T1	487	1.6e-28	2	49	45	91	0.903846
GT2_Glycos_transf_2	170	FUN_002407-T1	242	1.7e-35	0	169	10	180	0.994118
GH25	177	FUN_002427-T1	228	7.7e-46	1	176	25	209	0.988701
AA2	255	FUN_002445-T1	389	2.8e-52	0	254	92	337	0.996078
GH54	316	FUN_002466-T1	504	4.2e-148	0	315	23	341	0.996835
CBM42	136	FUN_002466-T1	504	2.2e-54	0	136	357	499	1.000000
AA7	458	FUN_002470-T1	1146	1.2e-37	4	182	302	497	0.388646
GH92	491	FUN_002479-T1	813	5.8e-160	3	489	262	770	0.989817
GT15	273	FUN_002492-T1	474	7.4e-102	0	111	117	228	0.406593
GH16_18	158	FUN_002527-T1	380	2.1e-59	7	158	72	221	0.955696
GH16_19	174	FUN_002527-T1	380	2.2e-43	20	174	76	224	0.885057
GH16_21	206	FUN_002527-T1	380	3.4e-25	49	183	73	207	0.650485
GH16	189	FUN_002527-T1	380	3.8e-22	52	176	78	217	0.656085
GH5_9	303	FUN_002533-T1	708	2.1e-107	0	303	341	665	1.000000
GH5_45	299	FUN_002533-T1	708	9.6e-36	1	242	339	577	0.806020
GH5_14	277	FUN_002533-T1	708	1.4e-32	2	233	339	577	0.833935
GH5_44	302	FUN_002533-T1	708	2.8e-32	0	122	341	473	0.403974
GH5	275	FUN_002533-T1	708	1.9e-30	26	275	340	667	0.905455
GH5_50	283	FUN_002533-T1	708	1.5e-26	0	236	339	576	0.833922
GH5_54	263	FUN_002533-T1	708	1.6e-24	1	218	327	556	0.825095
GH5_15	300	FUN_002533-T1	708	5.3e-23	3	248	334	581	0.816667
GH5_46	257	FUN_002533-T1	708	1.5e-19	8	222	340	553	0.832685
GH3	216	FUN_002544-T1	931	4.3e-49	8	215	85	311	0.958333
CE9	373	FUN_002545-T1	440	3e-114	0	365	22	416	0.978552
GH125	402	FUN_002562-T1	519	8e-154	0	401	69	502	0.997512
GH13_1	306	FUN_002577-T1	460	8.1e-111	0	306	56	346	1.000000
GH13	299	FUN_002577-T1	460	2.8e-61	12	297	57	346	0.953177
GH13_2	310	FUN_002577-T1	460	2.6e-51	0	308	56	336	0.993548
GH13_41	294	FUN_002577-T1	460	7.5e-45	0	290	57	338	0.986395
GH13_20	300	FUN_002577-T1	460	1.5e-43	0	300	57	344	1.000000
GH13_36	314	FUN_002577-T1	460	2.5e-41	0	309	57	336	0.984076
GH13_12	284	FUN_002577-T1	460	3.7e-36	0	281	57	336	0.989437
GH13_6	289	FUN_002577-T1	460	1.4e-34	1	177	67	236	0.608997
GH13_14	289	FUN_002577-T1	460	4.4e-33	0	289	66	335	1.000000
GH13_21	308	FUN_002577-T1	460	2e-32	0	307	57	341	0.996753
GH13_13	361	FUN_002577-T1	460	8.2e-31	52	197	83	229	0.401662
GH13_32	269	FUN_002577-T1	460	4.2e-28	0	246	73	304	0.914498
GH13_28	266	FUN_002577-T1	460	1.2e-26	0	214	57	251	0.804511
GH13_7	289	FUN_002577-T1	460	7.5e-26	1	286	66	332	0.986159
GH13_39	316	FUN_002577-T1	460	8.1e-26	0	316	57	345	1.000000
GH13_37	320	FUN_002577-T1	460	2.1e-25	8	165	57	222	0.490625
GH13_10	313	FUN_002577-T1	460	3.2e-25	4	147	57	218	0.456869
GH13_9	301	FUN_002577-T1	460	5e-19	0	137	67	215	0.455150
GH13_11	351	FUN_002577-T1	460	5.6e-18	1	172	57	217	0.487179
CE4	130	FUN_002587-T1	308	1e-19	23	127	44	149	0.800000
GH79	455	FUN_002632-T1	538	2.1e-30	0	424	48	503	0.931868
GH43_30	265	FUN_002643-T1	342	1e-77	0	264	51	330	0.996226
GH43	248	FUN_002643-T1	342	4e-38	12	241	52	335	0.923387
GH43_3	299	FUN_002643-T1	342	8.3e-29	8	227	51	285	0.732441
GH43_34	280	FUN_002643-T1	342	7.8e-27	7	274	52	334	0.953571
GH43_8	281	FUN_002643-T1	342	3.2e-26	6	222	51	285	0.768683
GH43_31	268	FUN_002643-T1	342	9.4e-22	1	130	51	184	0.481343
GH43_33	315	FUN_002643-T1	342	7.4e-21	0	130	50	178	0.412698
GH43_29	278	FUN_002643-T1	342	2.5e-19	42	270	77	333	0.820144
GH43_26	294	FUN_002643-T1	342	1e-18	7	280	51	327	0.928571
GH43_32	267	FUN_002643-T1	342	1.2e-18	1	262	63	334	0.977528
GH114	190	FUN_002703-T1	347	1.7e-69	0	190	91	289	1.000000
GH16_1	229	FUN_002730-T1	788	2.6e-67	2	228	71	305	0.986900
GH16	189	FUN_002730-T1	788	1.5e-19	1	176	36	306	0.925926
GH47	446	FUN_002731-T1	510	4.2e-128	0	446	38	508	1.000000
GH89	663	FUN_002760-T1	759	1.1e-196	1	658	69	748	0.990950
GH76	358	FUN_002774-T1	410	1e-90	28	338	46	397	0.865922
GH17	311	FUN_002800-T1	448	2.3e-18	46	298	80	296	0.810289
GT39	223	FUN_002837-T1	739	1.1e-73	1	223	62	301	0.995516
GH18	296	FUN_002848-T1	425	2.9e-21	4	181	137	353	0.597973
GH128	224	FUN_008597-T1	139	6.4e-26	7	103	37	133	0.428571
CE5	189	FUN_008665-T1	214	4.1e-33	0	189	23	212	1.000000
GH2	752	FUN_008671-T1	846	6.6e-78	69	510	21	647	0.586436
GH128	224	FUN_008708-T1	316	3e-62	8	224	44	278	0.964286
AA5_2	588	FUN_008855-T1	687	2.7e-232	2	587	76	684	0.994898
AA5	1281	FUN_008855-T1	687	2.3e-145	549	1023	112	684	0.370023
CBM32	124	FUN_008855-T1	687	1.6e-19	11	122	71	194	0.895161
GH1	429	FUN_008954-T1	480	1.8e-159	2	428	3	476	0.993007
GH162	484	FUN_008956-T1	450	2.1e-187	45	484	0	448	0.907025
GH75	220	FUN_008967-T1	233	8.9e-87	5	219	9	231	0.972727
GH76	358	FUN_009039-T1	606	6.3e-111	9	352	36	404	0.958101
GH2	752	FUN_009049-T1	937	7.1e-65	51	532	40	783	0.639628
GH75	220	FUN_009054-T1	298	1.7e-83	7	220	11	251	0.968182
AA3_2	568	FUN_009078-T1	594	9.3e-168	1	568	15	589	0.998239
AA3	618	FUN_009078-T1	594	5.4e-86	85	401	12	590	0.511327
AA3_3	590	FUN_009078-T1	594	6.4e-81	2	432	16	450	0.728814
AA3_1	548	FUN_009078-T1	594	4.6e-45	12	546	12	588	0.974453
AA7	458	FUN_009087-T1	605	1.8e-54	18	211	129	339	0.421397
GT1	382	FUN_009109-T1	459	7e-31	109	381	145	456	0.712042
GH5_31	283	FUN_009212-T1	362	8.9e-46	1	280	43	320	0.985866
GH5	275	FUN_009212-T1	362	1.3e-24	12	237	20	323	0.818182
GH5_7	289	FUN_009212-T1	362	3.2e-18	4	264	41	299	0.899654
GH20	337	FUN_009219-T1	627	5.9e-91	5	336	193	570	0.982196
GH55	740	FUN_009236-T1	1897	1.1e-249	5	739	107	871	0.991892
CE5	189	FUN_009331-T1	243	2.4e-29	0	189	29	241	1.000000
CE1	227	FUN_009352-T1	339	1e-19	3	160	51	245	0.691630
GT48	739	FUN_009424-T1	1792	0.0	0	733	814	1589	0.991881
GT109	411	FUN_009426-T1	438	5.3e-117	6	397	3	434	0.951338
GH125	402	FUN_009429-T1	528	2.8e-130	0	402	94	507	1.000000
AA7	458	FUN_009531-T1	500	4.5e-50	3	454	47	486	0.984716
AA3	618	FUN_009618-T1	387	3.4e-64	87	397	11	379	0.501618
CE4	130	FUN_009742-T1	269	3.2e-24	2	129	66	199	0.976923
AA3_2	568	FUN_009783-T1	579	5.2e-148	1	568	7	574	0.998239
AA3	618	FUN_009783-T1	579	8.6e-82	87	402	6	576	0.509709
AA3_3	590	FUN_009783-T1	579	1.9e-51	2	458	8	470	0.772881
AA1	358	FUN_009861-T1	660	1.8e-84	6	357	118	626	0.980447
AA1_3	312	FUN_009861-T1	660	1.3e-58	12	258	101	371	0.788462
AA1_2	337	FUN_009861-T1	660	7.8e-51	0	201	119	347	0.596439
AA1_1	303	FUN_009861-T1	660	1.3e-50	1	234	114	370	0.768977
AA2	255	FUN_009906-T1	358	9.8e-58	3	254	84	337	0.984314
GH76	358	FUN_009934-T1	463	4.7e-104	11	346	28	399	0.935754
GH132	303	FUN_010003-T1	429	6e-98	15	303	131	428	0.950495
GH37	491	FUN_010102-T1	743	2.4e-152	1	490	145	709	0.995927
GH18	296	FUN_010134-T1	489	1.3e-26	2	211	29	280	0.706081
GH15	361	FUN_010137-T1	631	1.2e-79	3	359	48	462	0.986150
CBM20	90	FUN_010137-T1	631	4.4e-25	40	73	168	202	0.366667
GH13_5	342	FUN_010212-T1	512	1.6e-138	1	342	37	380	0.997076
GH13_7	289	FUN_010212-T1	512	2.4e-52	1	288	34	376	0.993080
GH13	299	FUN_010212-T1	512	4.4e-40	14	293	27	384	0.933110
GH13_6	289	FUN_010212-T1	512	2.1e-24	1	288	35	372	0.993080
GH13_1	306	FUN_010212-T1	512	2.9e-22	2	302	26	384	0.980392
GH13_36	314	FUN_010212-T1	512	3.7e-21	8	313	33	382	0.971338
GH13_13	361	FUN_010212-T1	512	4e-19	56	240	58	300	0.509695
GH13_32	269	FUN_010212-T1	512	2.1e-18	0	246	41	343	0.914498
AA1_3	312	FUN_010219-T1	566	6.3e-127	0	311	47	357	0.996795
AA1	358	FUN_010219-T1	566	1.6e-113	6	357	76	523	0.980447
AA1_1	303	FUN_010219-T1	566	4.5e-67	0	278	71	349	0.917492
AA1_2	337	FUN_010219-T1	566	2.2e-60	1	234	78	318	0.691395
GT17	284	FUN_010313-T1	276	2.1e-73	23	283	0	265	0.915493
AA11	191	FUN_010320-T1	423	8.7e-75	0	188	17	214	0.984293
GH76	358	FUN_010323-T1	429	4.2e-87	11	329	48	415	0.888268
GT32	90	FUN_010359-T1	336	6.7e-20	2	88	85	169	0.955556
GH132	303	FUN_010381-T1	470	2.3e-79	35	301	48	316	0.877888
AA1	358	FUN_010396-T1	255	3.9e-33	58	220	0	245	0.452514
AA1_2	337	FUN_010396-T1	255	1.3e-24	51	214	0	252	0.483680
GH43_33	315	FUN_010487-T1	555	7.1e-106	2	314	47	474	0.990476
GH43_31	268	FUN_010487-T1	555	2e-34	1	104	46	180	0.384328
GH43	248	FUN_010487-T1	555	2.7e-34	10	244	45	474	0.943548
GH43_34	280	FUN_010487-T1	555	1.5e-29	7	147	47	241	0.500000
GH43_30	265	FUN_010487-T1	555	3.8e-23	1	263	47	465	0.988679
GH55	740	FUN_010514-T1	1445	1.2e-228	3	717	151	890	0.964865
GH5_5	282	FUN_010525-T1	334	1.2e-78	15	274	27	295	0.918440
GH5	275	FUN_010525-T1	334	1.6e-37	14	250	12	314	0.858182
GH5_25	262	FUN_010525-T1	334	1.8e-21	10	171	42	221	0.614504
GH79	455	FUN_010531-T1	579	4e-31	194	385	12	214	0.419780
GT62	268	FUN_010540-T1	374	5.1e-107	4	267	75	339	0.981343
GT66	693	FUN_010544-T1	739	3.7e-184	8	599	22	660	0.852814
GH65	372	FUN_010549-T1	1002	1.4e-79	2	369	389	753	0.986559
GH3	216	FUN_010599-T1	744	8e-59	2	216	25	244	0.990741
AA7	458	FUN_010619-T1	454	4.1e-45	6	455	29	450	0.980349
GT2_Chitin_synth_2	527	FUN_010731-T1	1212	1.1e-286	2	527	651	1176	0.996205
GH29	346	FUN_010782-T1	595	3.8e-86	26	346	144	501	0.924855
AA1_3	312	FUN_010789-T1	480	1.5e-108	34	311	0	275	0.887821
AA1	358	FUN_010789-T1	480	5e-108	12	357	1	437	0.963687
AA1_2	337	FUN_010789-T1	480	4e-52	5	235	1	236	0.682493
AA1_1	303	FUN_010789-T1	480	5.9e-52	11	277	1	265	0.877888
CE5	189	FUN_010864-T1	223	5.2e-42	1	188	45	219	0.989418
AA7	458	FUN_010913-T1	1160	3.2e-34	77	452	21	387	0.818777
GH18	296	FUN_010966-T1	392	3.2e-70	2	284	20	384	0.952703
GH128	224	FUN_010997-T1	216	9e-51	11	222	8	210	0.941964
GT59	404	FUN_011051-T1	675	2.9e-133	1	404	62	596	0.997525
GH13_9	301	FUN_011062-T1	693	9.9e-60	0	266	214	484	0.883721
GH13_10	313	FUN_011062-T1	693	1.5e-31	5	144	204	352	0.444089
GH13_11	351	FUN_011062-T1	693	5e-22	2	171	204	353	0.481481
GH13_14	289	FUN_011062-T1	693	3.2e-20	1	151	214	349	0.519031
GH13_13	361	FUN_011062-T1	693	2.4e-18	48	181	226	350	0.368421
GH16_1	229	FUN_011144-T1	294	9.9e-82	7	216	67	276	0.912664
GH16	189	FUN_011144-T1	294	4.5e-24	35	189	69	289	0.814815
AA7	458	FUN_011177-T1	929	4.8e-40	8	364	125	505	0.777293
GH55	740	FUN_011197-T1	594	2.6e-183	197	726	2	553	0.714865
GH128	224	FUN_011248-T1	196	5.8e-51	33	224	0	184	0.852679
GH47	446	FUN_011263-T1	481	3.9e-140	1	225	24	248	0.502242
GT90	250	FUN_002920-T1	684	1.1e-65	1	248	407	676	0.988000
GT15	273	FUN_002931-T1	394	8e-118	2	272	75	352	0.989011
AA6	195	FUN_002934-T1	202	5e-84	0	193	2	198	0.989744
CBM66	155	FUN_003003-T1	476	2.6e-29	1	155	312	471	0.993548
GH18	296	FUN_003005-T1	1279	4.1e-53	3	284	501	857	0.949324
GT20	475	FUN_003028-T1	913	3.8e-158	32	475	161	615	0.932632
GH5_27	324	FUN_003074-T1	465	1.7e-140	0	324	22	354	1.000000
GH5	275	FUN_003074-T1	465	3.7e-37	0	239	12	362	0.869091
GH5_28	336	FUN_003074-T1	465	2.3e-35	23	225	43	273	0.601190
GH5_29	342	FUN_003074-T1	465	5.3e-31	0	329	13	350	0.961988
GT17	284	FUN_003164-T1	366	6.3e-71	3	276	53	347	0.961268
GH27	229	FUN_003175-T1	545	3.9e-57	3	227	123	380	0.978166
GH35	307	FUN_003176-T1	631	5.4e-96	0	306	33	355	0.996743
CE5	189	FUN_003197-T1	174	1.6e-24	35	189	8	173	0.814815
AA11	191	FUN_003224-T1	236	4.2e-65	0	188	20	225	0.984293
GH16_4	316	FUN_003237-T1	476	8.3e-118	0	316	129	465	1.000000
GH16_3	230	FUN_003237-T1	476	4.8e-47	1	208	128	415	0.900000
GH16	189	FUN_003237-T1	476	3.3e-41	2	189	128	465	0.989418
GH16_5	238	FUN_003237-T1	476	1.2e-26	5	189	132	351	0.773109
GH16_6	274	FUN_003237-T1	476	4.4e-21	8	205	133	156	0.718978
GH3	216	FUN_003272-T1	734	1.3e-58	1	215	196	447	0.990741
CBM50	40	FUN_003335-T1	712	4.6e-28	0	39	214	258	0.975000
GH18	296	FUN_003336-T1	1111	1.2e-73	2	287	163	515	0.962838
GH3	216	FUN_003382-T1	774	4e-59	1	201	83	297	0.925926
AA7	458	FUN_003417-T1	523	1e-22	5	204	29	223	0.434498
AA5_1	563	FUN_003458-T1	635	3.8e-140	5	552	126	627	0.971581
GH89	663	FUN_003471-T1	754	8.2e-211	1	656	68	739	0.987934
GH92	491	FUN_003496-T1	804	3e-158	2	489	263	782	0.991853
GT50	262	FUN_003512-T1	445	6.2e-98	0	262	150	429	1.000000
GT25	181	FUN_003557-T1	399	1.5e-27	0	180	67	321	0.994475
GH3	216	FUN_003558-T1	541	6.1e-59	6	215	67	292	0.967593
AA11	191	FUN_003607-T1	231	4.4e-64	0	187	19	212	0.979058
GT71	264	FUN_003622-T1	483	5.3e-54	0	253	116	356	0.958333
CE3	194	FUN_003645-T1	915	1.3e-41	0	193	46	259	0.994845
GH18	296	FUN_003684-T1	1064	2.7e-63	4	287	85	432	0.956081
CBM66	155	FUN_003748-T1	334	1.3e-27	2	155	132	292	0.987097
AA11	191	FUN_003749-T1	226	2.4e-65	0	187	19	215	0.979058
GH16_1	229	FUN_003756-T1	346	1.5e-70	2	228	69	308	0.986900
GH16	189	FUN_003756-T1	346	7.7e-20	3	176	33	310	0.915344
GH13_40	359	FUN_003765-T1	596	2.9e-166	0	359	40	402	1.000000
GH13_31	349	FUN_003765-T1	596	3.2e-129	0	349	40	402	1.000000
GH13_29	344	FUN_003765-T1	596	1.1e-113	1	343	40	401	0.994186
GH13_23	344	FUN_003765-T1	596	8.1e-107	0	342	40	401	0.994186
GH13_30	365	FUN_003765-T1	596	4.9e-80	0	364	40	400	0.997260
GH13_17	350	FUN_003765-T1	596	2.3e-79	0	349	40	401	0.997143
GH13_36	314	FUN_003765-T1	596	4.4e-70	0	313	40	401	0.996815
GH13	299	FUN_003765-T1	596	5.3e-70	11	291	39	401	0.936455
GH13_16	353	FUN_003765-T1	596	9e-67	0	241	40	305	0.682720
GH13_35	351	FUN_003765-T1	596	3.2e-57	0	194	40	237	0.552707
GH13_21	308	FUN_003765-T1	596	1.2e-50	0	305	40	400	0.990260
GH13_20	300	FUN_003765-T1	596	5.6e-43	0	166	40	225	0.553333
GH13_4	400	FUN_003765-T1	596	3.5e-34	1	187	40	226	0.465000
GH13_2	310	FUN_003765-T1	596	2.1e-28	1	176	40	224	0.564516
GH13_14	289	FUN_003765-T1	596	4e-28	1	155	50	224	0.532872
GH13_39	316	FUN_003765-T1	596	1.8e-26	0	167	40	225	0.528481
GH13_1	306	FUN_003765-T1	596	2.2e-26	1	298	40	399	0.970588
GH13_10	313	FUN_003765-T1	596	1e-22	4	148	40	227	0.460064
GH13_32	269	FUN_003765-T1	596	2.7e-21	0	246	56	358	0.914498
GH13_41	294	FUN_003765-T1	596	3.5e-20	0	160	40	223	0.544218
GH13_18	343	FUN_003765-T1	596	1.3e-19	2	157	59	226	0.451895
AA1_3	312	FUN_003773-T1	562	4.6e-128	0	311	43	354	0.996795
AA1	358	FUN_003773-T1	562	1.4e-115	7	358	73	518	0.980447
AA1_1	303	FUN_003773-T1	562	2.6e-66	1	290	68	357	0.953795
AA1_2	337	FUN_003773-T1	562	4.3e-58	4	332	77	412	0.973294
AA1_2	337	FUN_003840-T1	630	2.8e-156	1	336	41	377	0.994065
AA1	358	FUN_003840-T1	630	2.5e-111	6	357	39	488	0.980447
AA1_1	303	FUN_003840-T1	630	9.1e-64	1	295	34	325	0.970297
AA1_3	312	FUN_003840-T1	630	6.8e-62	10	297	19	304	0.919872
GH18	296	FUN_003864-T1	401	4.8e-28	2	201	29	284	0.672297
GH15	361	FUN_003914-T1	676	1.1e-77	2	360	288	664	0.991690
GH2	752	FUN_003935-T1	692	3.3e-93	27	414	19	577	0.514628
GH105	332	FUN_003948-T1	401	3e-47	15	332	44	398	0.954819
GH5_15	300	FUN_004017-T1	431	8.4e-116	2	299	97	402	0.990000
GH5_9	303	FUN_004017-T1	431	4.8e-38	0	241	105	364	0.795380
GH5	275	FUN_004017-T1	431	1.4e-30	26	260	101	419	0.850909
GH5_50	283	FUN_004017-T1	431	2.9e-30	1	281	104	394	0.989399
GH5_49	293	FUN_004017-T1	431	1.6e-25	0	290	102	396	0.989761
GH5_46	257	FUN_004017-T1	431	9e-22	3	165	100	272	0.630350
GH5_22	286	FUN_004017-T1	431	5.2e-21	13	250	100	370	0.828671
GH5_47	220	FUN_004017-T1	431	2e-18	8	141	97	237	0.604545
GH3	216	FUN_004046-T1	842	1.4e-58	12	216	63	268	0.944444
GT34	246	FUN_004098-T1	311	2.4e-70	1	241	65	291	0.975610
AA7	458	FUN_004144-T1	592	5.4e-58	12	192	122	313	0.393013
GH5_24	315	FUN_004157-T1	487	3e-153	0	312	142	454	0.990476
GH5_51	351	FUN_004157-T1	487	2.8e-61	0	348	142	450	0.991453
GH5_1	310	FUN_004157-T1	487	9.5e-58	0	304	144	452	0.980645
GH5_11	313	FUN_004157-T1	487	5.5e-46	0	313	142	449	1.000000
GH5	275	FUN_004157-T1	487	1.9e-40	1	240	142	458	0.869091
GH5_20	344	FUN_004157-T1	487	2.2e-23	3	240	150	373	0.688953
GH38	269	FUN_004187-T1	1079	2.5e-88	0	259	281	543	0.962825
AA3_2	568	FUN_004328-T1	545	3.7e-143	1	330	12	326	0.579225
AA3	618	FUN_004328-T1	545	1.2e-91	84	408	8	541	0.524272
AA3_3	590	FUN_004328-T1	545	8.9e-62	1	324	12	323	0.547458
AA3_1	548	FUN_004328-T1	545	2.5e-49	8	545	5	531	0.979927
GH36	688	FUN_004384-T1	737	5.2e-232	1	687	24	720	0.997093
GH55	740	FUN_004420-T1	757	9.6e-163	6	715	30	726	0.958108
GT25	181	FUN_004438-T1	416	7.1e-20	3	181	88	313	0.983425
AA4	522	FUN_004459-T1	612	7.5e-19	7	192	134	319	0.354406
AA7	458	FUN_004459-T1	612	1.8e-18	6	194	174	368	0.410480
GT2_Glyco_tranf_2_3	230	FUN_004463-T1	524	3.5e-26	2	229	72	308	0.986957
GH128	224	FUN_004530-T1	331	1.3e-56	3	224	102	328	0.986607
GT58	364	FUN_004575-T1	436	2.1e-141	2	364	40	404	0.994505
AA12	401	FUN_004649-T1	464	3e-147	7	401	28	429	0.982544
GH81	622	FUN_004674-T1	1001	3.1e-213	7	622	310	995	0.988746
GH18	296	FUN_004752-T1	390	3.1e-25	3	290	30	327	0.969595
GT20	475	FUN_004882-T1	519	7.3e-202	11	474	13	478	0.974737
GH72	312	FUN_004889-T1	513	9.2e-124	2	310	18	332	0.987179
CBM43	83	FUN_004889-T1	513	5.6e-19	1	82	380	467	0.975904
GH76	358	FUN_004917-T1	465	8.3e-100	10	355	27	404	0.963687
GH84	295	FUN_004925-T1	666	1.6e-98	0	294	201	512	0.996610
GT22	389	FUN_004932-T1	515	7.1e-80	1	386	5	397	0.989717
AA3_1	548	FUN_004936-T1	764	6e-65	9	281	229	499	0.496350
AA3	618	FUN_004936-T1	764	5.5e-50	84	397	231	757	0.506472
AA3_2	568	FUN_004936-T1	764	2.2e-40	3	563	237	755	0.985915
GT17	284	FUN_004951-T1	363	7.4e-70	3	282	55	349	0.982394
GH92	491	FUN_004966-T1	1206	9.9e-142	2	489	669	1168	0.991853
CE16	267	FUN_004982-T1	207	1.2e-44	0	173	27	203	0.647940
GH133	372	FUN_005013-T1	1544	1.3e-154	4	371	1072	1532	0.986559
GH31	427	FUN_005030-T1	799	4.2e-120	0	427	157	598	1.000000
GH128	224	FUN_005117-T1	280	2.9e-49	7	224	53	272	0.968750
AA8	182	FUN_005125-T1	506	3.9e-18	15	176	32	181	0.884615
GT76	407	FUN_005172-T1	434	1.3e-102	4	407	21	434	0.990172
GH3	216	FUN_005219-T1	878	3.9e-56	2	216	89	311	0.990741
GH28	325	FUN_005281-T1	435	2.4e-59	12	323	71	428	0.956923
CBM50	40	FUN_005342-T1	398	1.1e-23	4	28	29	56	0.600000
GH135	237	FUN_005382-T1	310	1.3e-33	0	218	19	282	0.919831
GH20	337	FUN_005384-T1	1693	2.4e-54	8	335	1116	1448	0.970326
GH16_1	229	FUN_005403-T1	551	5.6e-38	60	228	2	193	0.733624
AA1	358	FUN_005415-T1	458	1.2e-62	58	358	0	430	0.837989
AA1_2	337	FUN_005415-T1	458	2.3e-37	51	328	0	308	0.821958
AA1_3	312	FUN_005415-T1	458	1.3e-32	81	268	0	206	0.599359
AA1_1	303	FUN_005415-T1	458	1.6e-28	61	233	0	193	0.567657
GH27	229	FUN_005450-T1	531	1.8e-57	1	227	123	378	0.986900
AA3_1	548	FUN_005491-T1	564	2.2e-183	6	547	16	561	0.987226
AA3_2	568	FUN_005491-T1	564	7.7e-59	1	566	25	559	0.994718
AA3	618	FUN_005491-T1	564	1.2e-51	87	400	24	561	0.506472
AA3_3	590	FUN_005491-T1	564	1.7e-28	1	289	25	301	0.488136
GT39	223	FUN_005500-T1	764	1.8e-71	1	223	59	304	0.995516
GT69	239	FUN_005501-T1	412	2.3e-82	0	238	58	316	0.995816
GH5_5	282	FUN_005506-T1	413	1.4e-89	0	281	22	315	0.996454
GH5	275	FUN_005506-T1	413	3.3e-34	35	243	59	320	0.756364
GH5_4	276	FUN_005506-T1	413	1.2e-19	10	242	58	308	0.840580
GH5_25	262	FUN_005506-T1	413	5.8e-19	14	145	65	198	0.500000
GH5_39	293	FUN_005506-T1	413	1.5e-18	19	154	70	205	0.460751
GH16_3	230	FUN_005509-T1	317	9.6e-49	2	230	38	312	0.991304
GH16	189	FUN_005509-T1	317	5.9e-33	2	189	37	312	0.989418
AA7	458	FUN_005591-T1	471	3.6e-56	11	453	36	461	0.965066
