#                                                                            --- full sequence --- -------------- this domain -------------   hmm coord   ali coord   env coord
# target name        accession   tlen query name           accession   qlen   E-value  score  bias   #  of  c-Evalue  i-Evalue  score  bias  from    to  from    to  from    to  acc description of target
#------------------- ---------- ----- -------------------- ---------- ----- --------- ------ ----- --- --- --------- --------- ------ ----- ----- ----- ----- ----- ----- ----- ---- ---------------------
GH71                 -            375 FUN_004661-T1        -            427  4.8e-133  438.9   0.5   1   1  7.8e-136  5.4e-133  438.7   0.5     1   372    31   403    31   406 0.98 -
GH2                  -            752 FUN_004710-T1        -            616  1.7e-102  339.6   0.2   1   1  3.1e-105  2.2e-102  339.3   0.2    24   411    55   503    46   608 0.79 -
GT2_Glycos_transf_2  PF00535.25   170 FUN_004712-T1        -            413   5.9e-24   80.2   0.0   1   1   1.9e-26   1.3e-23   79.1   0.0     1   107   116   256   116   294 0.91 Glycosyl transferase family 2
AA9                  -            220 FUN_004718-T1        -            378   6.1e-54  178.4   0.0   1   1   1.1e-56   7.9e-54  178.0   0.0     3   219     8   229     6   230 0.90 -
CE3                  -            194 FUN_004754-T1        -            157   6.3e-18   60.8   0.0   1   1   1.1e-20   7.5e-18   60.5   0.0    95   194    14   110     7   110 0.93 -
GT39                 -            223 FUN_004774-T1        -            944   5.1e-70  230.9  17.0   1   1   1.5e-72   1.1e-69  229.9  17.0     2   223    66   311    65   311 0.95 -
GH13_40              -            359 FUN_004824-T1        -            598  6.3e-173  570.1   0.0   1   1  3.2e-174  7.7e-173  569.9   0.0     1   359    33   393    33   393 0.99 -
GH13_31              -            349 FUN_004824-T1        -            598  3.9e-134  442.8   0.0   1   1  2.4e-135  5.8e-134  442.3   0.0     1   349    33   393    33   393 0.94 -
GH13_29              -            344 FUN_004824-T1        -            598    3e-116  383.7   0.0   1   1  1.6e-117  3.9e-116  383.3   0.0     1   343    32   392    32   393 0.93 -
GH13_23              -            344 FUN_004824-T1        -            598  4.3e-113  373.8   0.1   1   1  2.9e-114  6.9e-113  373.1   0.1     1   340    33   390    33   393 0.92 -
GH13_30              -            365 FUN_004824-T1        -            598   1.1e-88  293.2   1.0   1   1   4.4e-89   1.1e-87  290.0   1.0     1   362    33   389    33   392 0.87 -
GH13_17              -            350 FUN_004824-T1        -            598   1.4e-81  269.8   0.0   1   1     9e-83   2.2e-81  269.1   0.0     1   349    33   392    33   393 0.81 -
GH13_36              -            314 FUN_004824-T1        -            598   7.1e-75  247.7   0.0   1   1   4.1e-76   9.8e-75  247.2   0.0     1   311    33   390    33   393 0.86 -
GH13                 -            299 FUN_004824-T1        -            598   8.1e-74  244.9   1.3   1   1   6.9e-75   1.7e-73  243.9   1.3    13   292    33   393    28   399 0.83 -
GH13_16              -            353 FUN_004824-T1        -            598   6.9e-72  237.8   0.2   1   1   5.8e-72   1.4e-70  233.5   0.2     1   283    33   348    33   392 0.81 -
GH13_35              -            351 FUN_004824-T1        -            598   1.3e-57  191.1   0.0   1   1   2.9e-58     7e-57  188.6   0.0     1   349    33   390    33   392 0.74 -
GH13_21              -            308 FUN_004824-T1        -            598   1.1e-56  187.8   0.0   1   1   8.1e-58     2e-56  187.1   0.0     1   304    33   390    33   393 0.88 -
GH13_20              -            300 FUN_004824-T1        -            598   5.4e-48  159.3   0.5   1   3   8.2e-42     2e-40  134.4   0.1     1   164    33   216    33   219 0.92 -
GH13_20              -            300 FUN_004824-T1        -            598   5.4e-48  159.3   0.5   2   3   2.2e-07   5.3e-06   21.4   0.0   205   294   297   390   247   395 0.73 -
GH13_20              -            300 FUN_004824-T1        -            598   5.4e-48  159.3   0.5   3   3       5.1   1.2e+02   -2.8   0.0   141   176   463   499   453   520 0.69 -
GH13_4               -            400 FUN_004824-T1        -            598   7.8e-33  109.1   0.0   1   2   1.8e-33   4.5e-32  106.7   0.0     2   186    33   218    32   224 0.85 -
GH13_4               -            400 FUN_004824-T1        -            598   7.8e-33  109.1   0.0   2   2       0.5        12   -0.1   0.0   370   400   362   392   326   392 0.79 -
GH13_14              -            289 FUN_004824-T1        -            598   6.7e-32  106.3   0.1   1   2   4.4e-27   1.1e-25   86.0   0.0     1   155    42   217    42   219 0.75 -
GH13_14              -            289 FUN_004824-T1        -            598   6.7e-32  106.3   0.1   2   2   1.9e-06   4.5e-05   18.3   0.0   227   289   321   387   241   387 0.65 -
GH13_1               -            306 FUN_004824-T1        -            598   1.1e-30  102.2   0.0   1   1   7.6e-32   1.8e-30  101.5   0.0     2   297    33   389    32   396 0.75 -
GH13_2               -            310 FUN_004824-T1        -            598   1.3e-30  102.4   0.0   1   2   7.6e-27   1.8e-25   85.4   0.0     2   174    33   215    32   219 0.81 -
GH13_2               -            310 FUN_004824-T1        -            598   1.3e-30  102.4   0.0   2   2   3.2e-05   0.00078   14.4   0.0   223   307   296   387   241   388 0.67 -
GH13_39              -            316 FUN_004824-T1        -            598   1.1e-29   99.2   0.8   1   3   2.7e-26   6.4e-25   83.6   0.2     1   164    33   215    33   220 0.79 -
GH13_39              -            316 FUN_004824-T1        -            598   1.1e-29   99.2   0.8   2   3   0.00021    0.0049   11.7   0.0   254   310   341   391   334   395 0.86 -
GH13_39              -            316 FUN_004824-T1        -            598   1.1e-29   99.2   0.8   3   3      0.64        16    0.2   0.0   137   168   457   488   437   516 0.72 -
GH13_41              -            294 FUN_004824-T1        -            598   2.4e-25   85.0   0.0   1   2   9.1e-22   2.2e-20   68.7   0.0     1   159    33   215    33   219 0.81 -
GH13_41              -            294 FUN_004824-T1        -            598   2.4e-25   85.0   0.0   2   2   5.8e-05    0.0014   13.5   0.0   220   290   315   390   252   393 0.73 -
GH13_37              -            320 FUN_004824-T1        -            598     2e-20   68.4   0.1   1   1   2.1e-20   5.1e-19   63.7   0.1     8   320    32   389    26   389 0.60 -
GH13_10              -            313 FUN_004824-T1        -            598   4.9e-20   67.5   0.0   1   2   9.3e-19   2.2e-17   58.7   0.0     5   144    33   216    31   221 0.92 -
GH13_10              -            313 FUN_004824-T1        -            598   4.9e-20   67.5   0.0   2   2     0.015      0.35    5.5   0.0   262   313   338   389   313   389 0.86 -
GH13_3               -            210 FUN_004824-T1        -            598   7.1e-20   66.8   0.3   1   2   1.1e-19   2.7e-18   61.6   0.0     3   153    40   220    38   222 0.78 -
GH13_3               -            210 FUN_004824-T1        -            598   7.1e-20   66.8   0.3   2   2         9   2.2e+02   -3.4   0.0    55    99   281   325   271   355 0.65 -
GH13_19              -            360 FUN_004824-T1        -            598     2e-19   65.3   1.1   1   3   4.7e-17   1.1e-15   52.9   0.1     1    97    33   113    33   144 0.81 -
GH13_19              -            360 FUN_004824-T1        -            598     2e-19   65.3   1.1   2   3     0.009      0.22    6.0   0.0   209   225   198   214   163   219 0.76 -
GH13_19              -            360 FUN_004824-T1        -            598     2e-19   65.3   1.1   3   3      0.14       3.5    2.0   0.0   275   359   296   387   279   388 0.66 -
GH13_18              -            343 FUN_004824-T1        -            598   2.2e-19   65.0   0.0   1   2   1.4e-19   3.3e-18   61.2   0.0     2   159    51   221    50   226 0.80 -
GH13_18              -            343 FUN_004824-T1        -            598   2.2e-19   65.0   0.0   2   2      0.33       7.9    0.8   0.0   166   218   245   298   234   346 0.81 -
GH13_34              -            244 FUN_004824-T1        -            598   9.2e-19   63.4   0.0   1   3   1.7e-13     4e-12   41.6   0.0     2    88    34   123    33   131 0.88 -
GH13_34              -            244 FUN_004824-T1        -            598   9.2e-19   63.4   0.0   2   3   4.2e-05     0.001   14.1   0.0    94   116   194   216   176   220 0.85 -
GH13_34              -            244 FUN_004824-T1        -            598   9.2e-19   63.4   0.0   3   3      0.06       1.4    3.8   0.0   216   241   364   389   274   392 0.73 -
GH13_32              -            269 FUN_004824-T1        -            598   1.5e-18   62.7   0.1   1   2   1.6e-17   3.9e-16   54.8   0.0     1   153    49   216    49   219 0.76 -
GH13_32              -            269 FUN_004824-T1        -            598   1.5e-18   62.7   0.1   2   2     0.015      0.36    5.7   0.0   230   267   334   370   248   372 0.74 -
GH13_13              -            361 FUN_004824-T1        -            598     2e-18   62.0   0.0   1   2   4.1e-17   9.8e-16   53.1   0.0    59   184    64   217    41   220 0.76 -
GH13_13              -            361 FUN_004824-T1        -            598     2e-18   62.0   0.0   2   2      0.29         7    0.9   0.0   306   361   338   388   256   388 0.77 -
GH13_6               -            289 FUN_004824-T1        -            598   7.6e-18   60.4   0.3   1   2   1.9e-18   4.6e-17   57.9   0.2     2   156    43   217    42   221 0.78 -
GH13_6               -            289 FUN_004824-T1        -            598   7.6e-18   60.4   0.3   2   2      0.92        22   -0.2   0.0   250   272   339   361   312   372 0.72 -
GH13_42              -            421 FUN_004824-T1        -            598   1.1e-17   59.7   0.0   1   3   2.7e-14   6.5e-13   43.9   0.0     2    83    33   111    32   127 0.90 -
GH13_42              -            421 FUN_004824-T1        -            598   1.1e-17   59.7   0.0   2   3   5.1e-05    0.0012   13.3   0.0   177   226   160   214   117   219 0.63 -
GH13_42              -            421 FUN_004824-T1        -            598   1.1e-17   59.7   0.0   3   3       6.5   1.6e+02   -3.5   0.0   366   392   336   359   329   388 0.58 -
GH13_12              -            284 FUN_004824-T1        -            598   1.7e-17   59.4   0.0   1   2   3.2e-18   7.8e-17   57.2   0.0     1   154    33   214    33   218 0.83 -
GH13_12              -            284 FUN_004824-T1        -            598   1.7e-17   59.4   0.0   2   2       8.1   1.9e+02   -3.1   0.0   249   282   341   389   332   390 0.52 -
GH13_1               -            306 FUN_004829-T1        -            463  3.2e-116  383.1   0.4   1   1  1.8e-117    4e-116  382.8   0.4     1   306    58   346    58   346 0.99 -
GH13                 -            299 FUN_004829-T1        -            463   1.2e-59  198.4   3.4   1   1   8.2e-61   1.9e-59  197.8   3.4    13   297    59   346    56   348 0.80 -
GH13_2               -            310 FUN_004829-T1        -            463   2.1e-54  180.4   1.2   1   1   1.4e-54   3.3e-53  176.6   1.2     1   308    58   336    58   338 0.89 -
GH13_41              -            294 FUN_004829-T1        -            463   4.5e-46  153.0   0.0   1   1   2.6e-47   5.8e-46  152.6   0.0     1   292    59   340    59   342 0.87 -
GH13_20              -            300 FUN_004829-T1        -            463   5.8e-44  146.0   0.1   1   1   3.8e-45   8.6e-44  145.5   0.1     1   300    59   344    59   344 0.90 -
GH13_36              -            314 FUN_004829-T1        -            463   3.9e-39  130.3   0.2   1   1   5.1e-38   1.1e-36  122.2   0.2     1   310    59   337    59   341 0.83 -
GH13_12              -            284 FUN_004829-T1        -            463   3.3e-38  127.4   0.1   1   1   1.7e-38   3.9e-37  123.8   0.1     1   281    59   336    59   339 0.82 -
GH13_14              -            289 FUN_004829-T1        -            463   4.9e-36  119.9   0.1   1   1   3.2e-37   7.3e-36  119.3   0.1     1   289    68   335    68   335 0.87 -
GH13_19              -            360 FUN_004829-T1        -            463   2.2e-35  117.8   6.4   1   2   2.2e-24     5e-23   77.2   1.4     1   111    59   154    59   177 0.80 -
GH13_19              -            360 FUN_004829-T1        -            463   2.2e-35  117.8   6.4   2   2   1.7e-11   3.8e-10   34.8   0.2   195   359   183   335   175   336 0.68 -
GH13_42              -            421 FUN_004829-T1        -            463   2.7e-33  111.0   4.6   1   3   6.3e-22   1.4e-20   69.1   0.6     2    82    59   137    58   143 0.93 -
GH13_42              -            421 FUN_004829-T1        -            463   2.7e-33  111.0   4.6   2   3   7.9e-09   1.8e-07   26.0   0.0   161   241   147   227   136   244 0.81 -
GH13_42              -            421 FUN_004829-T1        -            463   2.7e-33  111.0   4.6   3   3   4.8e-06   0.00011   16.8   0.0   343   421   267   341   235   341 0.75 -
GH13_32              -            269 FUN_004829-T1        -            463   1.1e-32  109.1   0.1   1   1   7.7e-34   1.7e-32  108.4   0.1     1   247    75   309    75   325 0.81 -
GH13_13              -            361 FUN_004829-T1        -            463   6.7e-32  106.3   1.9   1   3     0.016      0.37    5.2   0.0     1    21    67    87    67    89 0.91 -
GH13_13              -            361 FUN_004829-T1        -            463   6.7e-32  106.3   1.9   2   3   1.4e-25   3.1e-24   81.0   1.5    54   219    86   241    84   250 0.83 -
GH13_13              -            361 FUN_004829-T1        -            463   6.7e-32  106.3   1.9   3   3   1.6e-06   3.7e-05   18.3   0.0   285   361   270   336   252   336 0.78 -
GH13_6               -            289 FUN_004829-T1        -            463   7.3e-32  106.4   3.2   1   2   2.8e-30   6.3e-29   96.8   1.0     2   178    69   237    68   243 0.91 -
GH13_6               -            289 FUN_004829-T1        -            463   7.3e-32  106.4   3.2   2   2     0.001     0.023    9.6   0.0   216   289   263   331   256   331 0.83 -
GH13_21              -            308 FUN_004829-T1        -            463   5.4e-31  103.5   0.3   1   1   4.2e-31   9.5e-30   99.4   0.3     1   307    59   341    59   342 0.87 -
GH13_28              -            266 FUN_004829-T1        -            463   1.5e-29   98.4   0.0   1   1   1.1e-30   2.5e-29   97.7   0.0     1   260    59   301    59   304 0.85 -
GH13_39              -            316 FUN_004829-T1        -            463   1.4e-28   95.5   0.5   1   1   8.1e-30   1.8e-28   95.2   0.5     1   315    59   344    59   345 0.88 -
GH13_23              -            344 FUN_004829-T1        -            463   1.9e-25   85.5   0.1   1   3     2e-18   4.5e-17   58.0   0.5     1    77    59   136    59   141 0.93 -
GH13_23              -            344 FUN_004829-T1        -            463   1.9e-25   85.5   0.1   2   3    0.0036     0.081    7.8   0.0   138   181   174   218   162   221 0.85 -
GH13_23              -            344 FUN_004829-T1        -            463   1.9e-25   85.5   0.1   3   3   1.7e-05   0.00037   15.5   0.0   234   338   230   336   223   341 0.72 -
GH13_7               -            289 FUN_004829-T1        -            463   8.1e-25   83.1   0.5   1   1   3.2e-25   7.2e-24   80.0   0.5     2   286    68   332    67   334 0.81 -
GH13_31              -            349 FUN_004829-T1        -            463   1.9e-24   82.1   2.7   1   3   1.7e-18   3.7e-17   58.1   0.8     1    77    59   136    59   140 0.93 -
GH13_31              -            349 FUN_004829-T1        -            463   1.9e-24   82.1   2.7   2   3    0.0063      0.14    6.9   0.0   135   180   172   218   142   229 0.80 -
GH13_31              -            349 FUN_004829-T1        -            463   1.9e-24   82.1   2.7   3   3   1.8e-05    0.0004   15.3   0.0   288   344   285   336   261   340 0.75 -
GH13_5               -            342 FUN_004829-T1        -            463   1.6e-23   78.8   0.1   1   2   4.6e-10     1e-08   30.1   0.3     3    84    72   143    70   152 0.89 -
GH13_5               -            342 FUN_004829-T1        -            463   1.6e-23   78.8   0.1   2   2     6e-15   1.4e-13   46.1   0.0   157   338   165   334   157   337 0.78 -
GH13_37              -            320 FUN_004829-T1        -            463   1.5e-22   75.3   2.2   1   2   1.2e-22   2.8e-21   71.1   0.9     9   168    59   225    54   242 0.81 -
GH13_37              -            320 FUN_004829-T1        -            463   1.5e-22   75.3   2.2   2   2     0.083       1.9    2.7   0.0   248   318   278   335   254   337 0.67 -
GH13_10              -            313 FUN_004829-T1        -            463   4.2e-22   74.3   0.2   1   2     3e-22   6.7e-21   70.3   0.1     5   147    59   218    57   227 0.85 -
GH13_10              -            313 FUN_004829-T1        -            463   4.2e-22   74.3   0.2   2   2      0.26       5.9    1.5   0.0   258   311   288   335   258   337 0.64 -
GH13_15              -            285 FUN_004829-T1        -            463   6.5e-21   70.3   0.2   1   1   8.1e-20   1.8e-18   62.2   0.2    31   271   102   317    75   324 0.79 -
GH13_29              -            344 FUN_004829-T1        -            463   1.3e-20   69.3   1.9   1   3   5.8e-19   1.3e-17   59.4   0.4     2    79    59   137    58   142 0.93 -
GH13_29              -            344 FUN_004829-T1        -            463   1.3e-20   69.3   1.9   2   3      0.86        20   -0.4   0.0   141   180   178   218   171   222 0.81 -
GH13_29              -            344 FUN_004829-T1        -            463   1.3e-20   69.3   1.9   3   3    0.0044     0.098    7.2   0.0   289   339   291   336   267   340 0.75 -
GH13_16              -            353 FUN_004829-T1        -            463   1.6e-19   65.6   1.2   1   3   1.8e-18     4e-17   57.7   0.1     1    77    59   136    59   140 0.94 -
GH13_16              -            353 FUN_004829-T1        -            463   1.6e-19   65.6   1.2   2   3      0.12       2.8    2.3   0.0   142   178   178   215   172   221 0.83 -
GH13_16              -            353 FUN_004829-T1        -            463   1.6e-19   65.6   1.2   3   3      0.14       3.1    2.2   0.0   329   348   314   335   302   339 0.65 -
GH13_30              -            365 FUN_004829-T1        -            463   4.1e-19   64.3   0.9   1   2   1.1e-18   2.5e-17   58.5   0.2     1    77    59   136    59   141 0.94 -
GH13_30              -            365 FUN_004829-T1        -            463   4.1e-19   64.3   0.9   2   2     0.033      0.75    4.2   0.0   147   185   176   215   156   222 0.84 -
GH13_40              -            359 FUN_004829-T1        -            463   6.4e-19   63.5   2.9   1   3   2.1e-17   4.8e-16   54.1   0.6     1    77    59   136    59   142 0.93 -
GH13_40              -            359 FUN_004829-T1        -            463   6.4e-19   63.5   2.9   2   3    0.0062      0.14    6.5   0.1   138   184   170   216   138   227 0.75 -
GH13_40              -            359 FUN_004829-T1        -            463   6.4e-19   63.5   2.9   3   3      0.24       5.4    1.3   0.0   306   318   294   306   262   337 0.79 -
GH13_27              -            318 FUN_004829-T1        -            463     3e-18   61.5   0.0   1   2   1.6e-11   3.5e-10   35.0   0.1     3    80    65   141    63   150 0.90 -
GH13_27              -            318 FUN_004829-T1        -            463     3e-18   61.5   0.0   2   2     2e-08   4.5e-07   24.8   0.0   121   286   152   303   141   331 0.76 -
GH13_17              -            350 FUN_004829-T1        -            463   1.2e-17   59.5   1.1   1   3   6.6e-16   1.5e-14   49.3   0.5     1    77    59   136    59   145 0.92 -
GH13_17              -            350 FUN_004829-T1        -            463   1.2e-17   59.5   1.1   2   3     0.031       0.7    4.3   0.0   145   182   178   216   172   225 0.84 -
GH13_17              -            350 FUN_004829-T1        -            463   1.2e-17   59.5   1.1   3   3      0.12       2.7    2.4   0.0   281   345   271   336   255   340 0.70 -
GH13_9               -            301 FUN_004829-T1        -            463   1.7e-16   55.7   0.5   1   1   1.5e-17   3.5e-16   54.7   0.5     1   137    69   215    69   224 0.86 -
GH13_26              -            296 FUN_004829-T1        -            463   1.9e-16   55.8   0.7   1   2   5.5e-17   1.2e-15   53.2   0.4     2   104    68   167    67   187 0.84 -
GH13_26              -            296 FUN_004829-T1        -            463   1.9e-16   55.8   0.7   2   2      0.52        12    0.7   0.0   205   240   177   212   172   217 0.80 -
AA3                  -            618 FUN_004836-T1        -           1166     4e-24   80.3   0.0   1   4   8.8e-22   6.1e-19   63.2   0.0   157   407    26   484    12   498 0.66 -
AA3                  -            618 FUN_004836-T1        -           1166     4e-24   80.3   0.0   2   4   0.00015      0.11    6.2   0.0   487   560   593   669   548   695 0.81 -
AA3                  -            618 FUN_004836-T1        -           1166     4e-24   80.3   0.0   3   4   0.00019      0.13    5.9   0.0   569   611   707   748   697   754 0.85 -
AA3                  -            618 FUN_004836-T1        -           1166     4e-24   80.3   0.0   4   4     0.054        38   -2.2   0.0   328   346   874   907   785   913 0.67 -
GH20                 -            337 FUN_004853-T1        -            708     6e-56  185.6   0.0   1   1   1.2e-58   8.4e-56  185.1   0.0    10   335   163   496   154   498 0.85 -
GT1                  -            382 FUN_004860-T1        -            490   4.2e-16   55.4   0.7   1   2     0.028        20    0.7   0.1    31   106   145   220   129   275 0.65 -
GT1                  -            382 FUN_004860-T1        -            490   4.2e-16   55.4   0.7   2   2   3.1e-18   2.2e-15   53.0   0.2   281   363   375   468   247   481 0.85 -
GH17                 -            311 FUN_004886-T1        -            743   4.6e-35  116.8   4.0   1   1   3.5e-37   2.4e-34  114.4   4.0    10   306   463   729   456   732 0.81 -
GT20                 -            475 FUN_004890-T1        -            649  2.3e-127  420.8   0.1   1   1  4.2e-130  2.9e-127  420.4   0.1    53   473   149   628    95   630 0.85 -
AA7                  -            458 FUN_004911-T1        -            587     1e-58  195.5   5.2   1   2   1.7e-53   1.2e-50  168.9   5.7    12   185   116   301   111   317 0.96 -
AA7                  -            458 FUN_004911-T1        -            587     1e-58  195.5   5.2   2   2   1.5e-09   1.1e-06   24.0   0.0   388   452   501   565   422   568 0.81 -
AA3_2                -            568 FUN_004930-T1        -            615  4.2e-132  437.1   0.0   1   1  2.9e-134  5.1e-132  436.8   0.0     2   567    19   605    18   606 0.88 -
AA3                  -            618 FUN_004930-T1        -            615   1.3e-77  257.0   0.0   1   1   9.7e-80   1.7e-77  256.6   0.0    85   401    15   607     6   613 0.86 -
AA3_3                -            590 FUN_004930-T1        -            615   4.3e-61  202.4   0.0   1   1   3.7e-63   6.5e-61  201.8   0.0    16   587    25   605    22   607 0.84 -
AA3_1                -            548 FUN_004930-T1        -            615   5.2e-44  146.1   0.0   1   2   1.7e-31     3e-29   97.4   0.0    10   383    13   380     6   466 0.81 -
AA3_1                -            548 FUN_004930-T1        -            615   5.2e-44  146.1   0.0   2   2   4.6e-16     8e-14   46.5   0.0   471   542   533   601   510   605 0.84 -
GH2                  -            752 FUN_004950-T1        -            924   2.4e-70  233.3   6.9   1   1   4.5e-73   3.1e-70  232.9   6.9    65   555    50   788    18   866 0.71 -
GH27                 -            229 FUN_004951-T1        -            621   3.4e-33  110.5   1.5   1   1   7.6e-36   5.3e-33  109.9   1.5     8   227   325   597   267   599 0.77 -
AA7                  -            458 FUN_004955-T1        -            481   5.1e-68  226.2   0.1   1   2   3.1e-64   2.2e-61  204.3   0.1     7   223    56   274    53   285 0.94 -
AA7                  -            458 FUN_004955-T1        -            481   5.1e-68  226.2   0.1   2   2   2.8e-08   1.9e-05   19.9   0.0   422   454   444   476   372   478 0.80 -
GH3                  -            216 FUN_004962-T1        -            744     2e-59  196.2   0.0   1   1   4.8e-62   3.3e-59  195.5   0.0     5   216    81   287    77   287 0.98 -
GH3                  -            216 FUN_004963-T1        -            797   8.1e-54  177.8   0.0   1   1   2.3e-56   1.6e-53  176.9   0.0     4   215    96   344    93   345 0.92 -
GH3                  -            216 FUN_004982-T1        -            838   1.1e-57  190.5   0.0   1   1   2.6e-60   1.8e-57  189.8   0.0     5   216    41   252    38   252 0.97 -
AA3_2                -            568 FUN_004986-T1        -            484   1.2e-98  326.6   0.0   1   1  8.8e-101   1.5e-98  326.3   0.0     3   500     3   478     2   483 0.82 -
AA3                  -            618 FUN_004986-T1        -            484   3.3e-52  173.1   0.0   1   1   2.4e-54   4.2e-52  172.7   0.0    90   323     3   445     2   480 0.84 -
AA3_3                -            590 FUN_004986-T1        -            484   7.9e-41  135.4   0.0   1   2   4.6e-42     8e-40  132.1   0.0     4   315     4   304     2   316 0.86 -
AA3_3                -            590 FUN_004986-T1        -            484   7.9e-41  135.4   0.0   2   2     0.028       4.9    0.7   0.0   403   440   383   420   352   438 0.72 -
AA3_1                -            548 FUN_004986-T1        -            484     7e-22   73.1   1.8   1   2   8.4e-13   1.5e-10   35.7   1.0    17   121     3   103     1   119 0.86 -
AA3_1                -            548 FUN_004986-T1        -            484     7e-22   73.1   1.8   2   2     6e-13     1e-10   36.2   0.0   220   317   211   298   201   326 0.78 -
GH54                 -            316 FUN_004991-T1        -            500  4.9e-159  524.1  15.7   1   1  2.6e-161  8.9e-159  523.2  15.7     1   315    23   337    23   338 0.99 -
CBM42                -            136 FUN_004991-T1        -            500   5.4e-59  193.5   3.7   1   1   2.5e-61   8.8e-59  192.8   3.7     2   136   355   495   354   495 0.99 -
AA3_3                -            590 FUN_005002-T1        -            421  2.9e-168  556.3   0.0   1   1  1.9e-170  3.2e-168  556.1   0.0     1   401    14   420    14   421 0.98 -
AA3_2                -            568 FUN_005002-T1        -            421   1.5e-90  300.0   0.0   1   1   9.8e-93   1.7e-90  299.7   0.0     2   398    15   411    14   419 0.88 -
AA3                  -            618 FUN_005002-T1        -            421   6.1e-56  185.4   0.0   1   1   4.3e-58   7.5e-56  185.1   0.0    85   285    11   347     3   409 0.77 -
AA3_1                -            548 FUN_005002-T1        -            421   1.1e-34  115.3   0.0   1   1   1.8e-36   3.1e-34  113.8   0.0    15   357    14   362     6   370 0.77 -
AA3_3                -            590 FUN_005003-T1        -            594   1.3e-78  260.3   0.0   1   1   8.8e-81   1.5e-78  260.0   0.0   410   590     1   222     1   222 0.98 -
AA3_2                -            568 FUN_005003-T1        -            594   1.1e-31  105.5   0.0   1   1   6.8e-33   1.2e-30  102.1   0.0   420   567     4   219     1   220 0.83 -
AA3                  -            618 FUN_005003-T1        -            594   8.3e-29   95.8   0.0   1   1   6.7e-31   1.2e-28   95.3   0.0   285   416     7   236     3   256 0.89 -
GH18                 -            296 FUN_005003-T1        -            594     2e-23   79.0   1.1   1   1   3.7e-24   6.6e-22   74.0   1.1    16   203   243   477   228   523 0.72 -
GT1                  -            382 FUN_005009-T1        -            837     4e-60  199.8   4.0   1   1     1e-62   7.2e-60  198.9   4.0    82   376   193   517   108   521 0.93 -
AA1_2                -            337 FUN_005015-T1        -            614  5.7e-150  494.4   6.4   1   3  3.2e-152  5.7e-150  494.4   6.4     1   336    37   375    37   376 0.98 -
AA1_2                -            337 FUN_005015-T1        -            614  5.7e-150  494.4   6.4   2   3      0.08        14   -0.0   1.0     9    47   384   420   381   426 0.65 -
AA1_2                -            337 FUN_005015-T1        -            614  5.7e-150  494.4   6.4   3   3       0.1        18   -0.4   0.0    72   106   472   505   462   514 0.76 -
AA1                  -            358 FUN_005015-T1        -            614  2.1e-111  368.4   4.9   1   1  1.5e-113  2.6e-111  368.1   4.9     7   358    36   496    24   496 0.85 -
AA1_3                -            312 FUN_005015-T1        -            614   3.3e-64  212.4   6.9   1   3   5.3e-65   9.3e-63  207.6   3.5    11   297    16   298    11   311 0.87 -
AA1_3                -            312 FUN_005015-T1        -            614   3.3e-64  212.4   6.9   2   3     0.026       4.6    1.7   0.1   209   231   401   423   354   425 0.85 -
AA1_3                -            312 FUN_005015-T1        -            614   3.3e-64  212.4   6.9   3   3      0.02       3.6    2.1   0.0    95   137   465   506   462   513 0.85 -
AA1_1                -            303 FUN_005015-T1        -            614   1.2e-59  197.3   0.5   1   1   1.5e-61   2.6e-59  196.2   0.5     2   270    31   295    30   330 0.82 -
CE1                  -            227 FUN_005018-T1        -            306   7.9e-27   89.9   0.2   1   1   1.8e-29   1.2e-26   89.2   0.2     4   143    54   207    52   290 0.74 -
CBM13                -            188 FUN_005019-T1        -            144   1.1e-16   57.1   0.6   1   1   5.2e-18   3.6e-15   52.1   0.5     7   135     8   143     5   144 0.76 -
GH16_18              -            158 FUN_005022-T1        -            451   5.8e-64  209.8   0.2   1   1   4.9e-66   8.6e-64  209.2   0.2     2   158    69   224    68   224 0.97 -
GH16_19              -            174 FUN_005022-T1        -            451   2.4e-42  139.7   0.7   1   1   1.9e-44   3.3e-42  139.3   0.7    13   174    71   227    58   227 0.91 -
GH16_21              -            206 FUN_005022-T1        -            451   1.1e-22   75.9   0.7   1   2   6.1e-25   1.1e-22   75.9   0.7    51   205    77   240    45   241 0.82 -
GH16_21              -            206 FUN_005022-T1        -            451   1.1e-22   75.9   0.7   2   2      0.28        49   -1.3   0.0    63    91   250   278   248   291 0.77 -
GH16                 -            189 FUN_005022-T1        -            451   6.5e-22   74.4   2.0   1   1   6.9e-24   1.2e-21   73.5   2.0    51   188    79   242    33   243 0.73 -
GH75                 -            220 FUN_005053-T1        -            300     2e-74  245.4   0.9   1   2   2.9e-77     2e-74  245.4   0.9     3   220     8   251     6   251 0.98 -
GH75                 -            220 FUN_005053-T1        -            300     2e-74  245.4   0.9   2   2     0.016        11    1.0   6.0    67    91   267   288   263   296 0.81 -
PL7_4                -            214 FUN_005054-T1        -            252   2.3e-63  209.0   1.8   1   1   1.5e-65   2.7e-63  208.8   1.8     1   214    31   249    31   249 0.95 -
PL7                  -            231 FUN_005054-T1        -            252     5e-38  126.5   0.0   1   1   3.3e-40   5.7e-38  126.4   0.0     1   231    31   249    31   249 0.92 -
PL7_1                -            219 FUN_005054-T1        -            252   9.5e-23   76.1   0.0   1   1   6.2e-25   1.1e-22   75.9   0.0     2   206    32   239    31   249 0.81 -
PL7_3                -            214 FUN_005054-T1        -            252   4.3e-20   67.8   0.0   1   1   3.1e-22   5.3e-20   67.5   0.0     1   209    32   244    32   250 0.78 -
GH3                  -            216 FUN_005057-T1        -            955     3e-62  205.4   0.1   1   1   6.6e-65   4.6e-62  204.8   0.1     8   216   170   381   166   381 0.97 -
GH17                 -            311 FUN_005065-T1        -            401   4.7e-17   57.6   1.2   1   2    0.0014         1    4.0   0.0    26    99    65   140    49   179 0.63 -
GH17                 -            311 FUN_005065-T1        -            401   4.7e-17   57.6   1.2   2   2   2.6e-18   1.8e-15   52.4   0.3   215   311   224   315   205   315 0.81 -
GT90                 -            250 FUN_005095-T1        -            596   2.5e-65  216.0   0.0   1   1     7e-68   4.9e-65  215.0   0.0     3   248   309   585   307   586 0.91 -
GH12                 -            156 FUN_005114-T1        -            234   1.8e-49  163.2   5.7   1   1   4.5e-52   3.1e-49  162.5   5.7     3   156    87   233    85   233 0.95 -
GT69                 -            239 FUN_005117-T1        -            421   8.6e-75  246.8   0.0   1   1   1.5e-77   1.1e-74  246.4   0.0     1   238   104   345   104   346 0.95 -
GH37                 -            491 FUN_005122-T1        -            686    1e-155  514.8   0.0   1   1  1.7e-158  1.2e-155  514.6   0.0     2   489    56   632    55   634 0.95 -
GT17                 -            284 FUN_005124-T1        -            370   1.7e-79  262.4   0.0   1   1     3e-82   2.1e-79  262.0   0.0     5   284    65   358    62   358 0.94 -
GT57                 -            481 FUN_005162-T1        -            574  5.8e-144  476.0  28.3   1   1  1.7e-145  1.2e-142  471.7  28.3     3   480    55   552    53   553 0.95 -
AA7                  -            458 FUN_005181-T1        -            479   1.6e-73  244.3   8.8   1   1     1e-75     7e-73  242.2   8.8     5   454    37   467    34   471 0.80 -
GH27                 -            229 FUN_005184-T1        -            486   8.6e-65  213.9   0.0   1   2      0.29     1e+02   -2.2   0.0    17    33    31    51    26    77 0.65 -
GH27                 -            229 FUN_005184-T1        -            486   8.6e-65  213.9   0.0   2   2   6.7e-67   2.3e-64  212.5   0.0     3   226    94   390    73   393 0.89 -
GH36                 -            688 FUN_005184-T1        -            486   8.2e-18   59.7   2.0   1   2   2.1e-19   7.4e-17   56.5   0.4   310   388     2    81     1    84 0.91 -
GH36                 -            688 FUN_005184-T1        -            486   8.2e-18   59.7   2.0   2   2    0.0047       1.6    2.5   0.0   445   467   107   129   101   143 0.85 -
GT41                 -            705 FUN_005277-T1        -            823   1.8e-23   78.3  10.7   1   4   1.5e-05     0.011    9.7   0.0    85   173    84   175    76   183 0.76 -
GT41                 -            705 FUN_005277-T1        -            823   1.8e-23   78.3  10.7   2   4   1.8e-12   1.3e-09   32.6   0.6    47   191   527   661   482   663 0.81 -
GT41                 -            705 FUN_005277-T1        -            823   1.8e-23   78.3  10.7   3   4   5.9e-13   4.1e-10   34.2   0.9   120   191   657   729   656   738 0.95 -
GT41                 -            705 FUN_005277-T1        -            823   1.8e-23   78.3  10.7   4   4    0.0001     0.072    6.9   0.1    93   160   743   800   730   803 0.61 -
GT69                 -            239 FUN_005308-T1        -            515   8.7e-68  223.8   0.0   1   1   1.7e-70   1.2e-67  223.4   0.0     1   238   193   433   193   434 0.94 -
GH152                -            216 FUN_005342-T1        -            354   8.1e-55  181.2   8.2   1   2   5.9e-05     0.041    9.0   0.0     1    17    39    55    39    59 0.90 -
GH152                -            216 FUN_005342-T1        -            354   8.1e-55  181.2   8.2   2   2   2.6e-55   1.8e-52  173.5   5.1    43   216    60   285    55   285 0.94 -
GH35                 -            307 FUN_005357-T1        -            990   1.7e-87  289.3   0.0   1   1   3.5e-90   2.4e-87  288.8   0.0     1   303    52   351    52   354 0.92 -
GH13_8               -            293 FUN_005409-T1        -            691  8.5e-155  509.6   7.1   1   2   4.4e-05     0.003   12.2   0.2    96   139    53    99    35   113 0.86 -
GH13_8               -            293 FUN_005409-T1        -            691  8.5e-155  509.6   7.1   2   2  9.8e-154  6.9e-152  500.1   2.2     1   293   236   529   236   529 0.99 -
GH13_9               -            301 FUN_005409-T1        -            691   5.4e-60  198.5   0.5   1   1   1.1e-61   7.7e-60  198.0   0.5     1   266   213   482   213   532 0.90 -
GH13_10              -            313 FUN_005409-T1        -            691   5.1e-33  110.1   4.4   1   2   9.8e-35   6.9e-33  109.7   3.7     6   145   203   351   200   359 0.85 -
GH13_10              -            313 FUN_005409-T1        -            691   5.1e-33  110.1   4.4   2   2       3.8   2.6e+02   -3.9   0.0   258   272   457   471   453   499 0.75 -
GH13                 -            299 FUN_005409-T1        -            691   3.8e-28   95.0   3.6   1   2       1.7   1.2e+02   -1.9   0.1   153   189    61    97    27   126 0.69 -
GH13                 -            299 FUN_005409-T1        -            691   3.8e-28   95.0   3.6   2   2   5.5e-30   3.8e-28   95.0   3.6    21   281   210   501   199   533 0.72 -
GH13_11              -            351 FUN_005409-T1        -            691   5.7e-23   77.1   1.9   1   1   1.2e-24   8.7e-23   76.5   1.9     3   175   203   355   202   401 0.85 -
GH13_14              -            289 FUN_005409-T1        -            691   5.7e-20   67.2   0.7   1   2     1e-19   7.1e-18   60.3   0.3     2   152   213   348   212   354 0.83 -
GH13_14              -            289 FUN_005409-T1        -            691   5.7e-20   67.2   0.7   2   2    0.0078      0.55    4.9   0.0   240   287   456   504   432   506 0.78 -
GH13_36              -            314 FUN_005409-T1        -            691   1.1e-19   66.3   0.0   1   2   2.1e-14   1.5e-12   42.9   0.1    10    79   212   283   208   300 0.94 -
GH13_36              -            314 FUN_005409-T1        -            691   1.1e-19   66.3   0.0   2   2   1.3e-07   8.8e-06   20.7   0.0   139   279   315   476   286   504 0.79 -
GH13_13              -            361 FUN_005409-T1        -            691   1.2e-18   62.7   1.4   1   2   5.1e-20   3.6e-18   61.1   0.7    48   182   224   349   143   354 0.79 -
GH13_13              -            361 FUN_005409-T1        -            691   1.2e-18   62.7   1.4   2   2      0.34        24   -0.8   0.0   297   354   452   507   433   510 0.70 -
GH13_37              -            320 FUN_005409-T1        -            691   7.5e-18   59.9   0.6   1   1   1.6e-19   1.1e-17   59.3   0.6    17   155   211   347    23   354 0.79 -
GH13_12              -            284 FUN_005409-T1        -            691     2e-17   59.2   0.3   1   1     6e-19   4.2e-17   58.1   0.3    10   154   212   348   203   354 0.80 -
GT71                 -            264 FUN_005479-T1        -            509   2.8e-50  166.8   0.0   1   1     6e-53   4.2e-50  166.2   0.0     1   264   150   407   150   407 0.89 -
AA3_2                -            568 FUN_005494-T1        -            586  7.7e-149  492.4   0.0   1   1    5e-151  8.7e-149  492.2   0.0     2   567    12   578    11   579 0.93 -
AA3                  -            618 FUN_005494-T1        -            586   3.9e-83  275.2   0.0   1   1     3e-85   5.2e-83  274.8   0.0    87   402    10   581     7   583 0.85 -
AA3_3                -            590 FUN_005494-T1        -            586   9.3e-53  174.8   0.0   1   2   1.8e-38   3.1e-36  120.3   0.0     3   450    13   467    11   495 0.73 -
AA3_3                -            590 FUN_005494-T1        -            586   9.3e-53  174.8   0.0   2   2     1e-17   1.8e-15   51.7   0.0   508   588   499   579   493   580 0.97 -
AA3_1                -            548 FUN_005494-T1        -            586   3.9e-40  133.3   0.0   1   3   9.3e-16   1.6e-13   45.4   0.1    13   137     9   135     2   142 0.82 -
AA3_1                -            548 FUN_005494-T1        -            586   3.9e-40  133.3   0.0   2   3   7.8e-17   1.4e-14   49.0   0.0   197   369   210   369   203   388 0.83 -
AA3_1                -            548 FUN_005494-T1        -            586   3.9e-40  133.3   0.0   3   3   1.2e-12   2.1e-10   35.2   0.0   392   545   420   577   405   580 0.74 -
GT22                 -            389 FUN_005527-T1        -            645  5.8e-108  356.9  28.3   1   1  1.1e-110  7.5e-108  356.5  28.3     6   388    27   524    24   525 0.90 -
AA7                  -            458 FUN_005575-T1        -            518     2e-27   92.3   0.1   1   2   6.8e-29   4.8e-26   87.8   0.0     5   192    31   211    27   246 0.90 -
AA7                  -            458 FUN_005575-T1        -            518     2e-27   92.3   0.1   2   2    0.0049       3.4    2.6   0.0   430   452   457   479   386   482 0.84 -
GH76                 -            358 FUN_005598-T1        -            594  1.2e-109  362.4  17.5   1   1  2.3e-112  1.6e-109  361.9  17.5    12   356    35   402    26   404 0.95 -
GT3                  -            637 FUN_005673-T1        -            706  1.7e-305 1010.0   0.0   1   1  2.8e-308    2e-305 1009.8   0.0     1   637    17   657    17   657 0.98 -
AA1                  -            358 FUN_005805-T1        -            634   4.2e-87  288.4   0.0   1   1   3.2e-89   5.6e-87  288.0   0.0     7   358   118   605   107   605 0.76 -
AA1_2                -            337 FUN_005805-T1        -            634   1.1e-55  184.3   0.0   1   3   1.4e-56   2.4e-54  180.0   0.0     2   331   120   485   119   490 0.82 -
AA1_2                -            337 FUN_005805-T1        -            634   1.1e-55  184.3   0.0   2   3      0.19        33   -1.3   0.1    28    47   511   530   505   537 0.84 -
AA1_2                -            337 FUN_005805-T1        -            634   1.1e-55  184.3   0.0   3   3     0.056       9.7    0.5   0.0    72   106   581   614   570   627 0.73 -
AA1_3                -            312 FUN_005805-T1        -            634   5.7e-55  182.1   0.0   1   2   3.4e-56   5.9e-54  178.7   0.0    11   271    99   383    91   397 0.86 -
AA1_3                -            312 FUN_005805-T1        -            634   5.7e-55  182.1   0.0   2   2     0.063        11    0.5   0.0    97   137   576   616   570   626 0.83 -
AA1_1                -            303 FUN_005805-T1        -            634     3e-43  143.5   0.0   1   2   4.1e-45   7.2e-43  142.2   0.0     2   234   114   368   113   393 0.82 -
AA1_1                -            303 FUN_005805-T1        -            634     3e-43  143.5   0.0   2   2       1.3   2.2e+02   -3.9   0.0    86   126   584   623   582   625 0.78 -
PL38                 -            279 FUN_005807-T1        -            422  7.7e-104  342.0   0.1   1   1  1.4e-106  9.5e-104  341.7   0.1     1   275    82   358    82   363 0.97 -
GT41                 -            705 FUN_005835-T1        -            580   4.7e-19   63.8  15.0   1   4   1.1e-09   7.5e-07   23.4   0.1   132   191     8    67     2    72 0.86 -
GT41                 -            705 FUN_005835-T1        -            580   4.7e-19   63.8  15.0   2   4     0.018        13   -0.5   0.0   138   177    82   121    68   125 0.78 -
GT41                 -            705 FUN_005835-T1        -            580   4.7e-19   63.8  15.0   3   4   1.8e-09   1.3e-06   22.7   0.2   123   190   247   313   236   318 0.85 -
GT41                 -            705 FUN_005835-T1        -            580   4.7e-19   63.8  15.0   4   4   1.3e-09   9.4e-07   23.1   2.8    43   209   345   491   315   548 0.75 -
GT2_Glyco_tranf_2_3  PF13641.5    230 FUN_005867-T1        -            530   5.3e-25   84.0   0.0   1   1   1.1e-27   7.8e-25   83.5   0.0     3   229    74   309    72   310 0.88 Glycosyltransferase like family 2
AA4                  -            522 FUN_005872-T1        -            669   1.8e-21   71.7   0.0   1   2   1.3e-23   4.7e-21   70.4   0.0     3   247   188   425   186   438 0.81 -
AA4                  -            522 FUN_005872-T1        -            669   1.8e-21   71.7   0.0   2   2      0.25        89   -3.1   0.0   444   506   589   651   578   657 0.59 -
AA7                  -            458 FUN_005872-T1        -            669   9.4e-21   70.3   0.5   1   1   8.5e-23     3e-20   68.7   0.3    11   195   237   428   228   499 0.86 -
GH47                 -            446 FUN_005886-T1        -           1182  2.5e-142  470.4   0.0   1   1  4.3e-145    3e-142  470.1   0.0     1   445   126   668   126   669 0.95 -
GT32                 -             90 FUN_005897-T1        -            405   4.3e-19   64.2   0.3   1   2   1.5e-21     1e-18   63.0   0.1     6    88    94   178    89   180 0.93 -
GT32                 -             90 FUN_005897-T1        -            405   4.3e-19   64.2   0.3   2   2      0.48   3.3e+02   -2.7   0.0    38    49   356   367   328   385 0.64 -
GH55                 -            740 FUN_005969-T1        -            759  1.8e-230  762.5  16.2   1   1  3.1e-233  2.2e-230  762.2  16.2     8   739    31   757    24   758 0.95 -
GH16_3               -            230 FUN_006036-T1        -            287   2.8e-50  166.7   0.9   1   1   1.9e-52   3.3e-50  166.5   0.9     1   230    34   284    34   284 0.87 -
GH16                 -            189 FUN_006036-T1        -            287   6.9e-36  120.0   3.3   1   1   4.7e-38   8.2e-36  119.7   3.3     8   189    44   284    33   284 0.77 -
GH16_5               -            238 FUN_006036-T1        -            287   2.7e-22   74.4   0.1   1   1     3e-24   5.2e-22   73.5   0.1   106   238   125   284   121   284 0.75 -
GH16_6               -            274 FUN_006036-T1        -            287   2.2e-18   61.9   4.5   1   2     0.016       2.7    2.6   0.1     1    45    34    81    34    99 0.80 -
GH16_6               -            274 FUN_006036-T1        -            287   2.2e-18   61.9   4.5   2   2   2.2e-19   3.9e-17   57.8   1.0   100   273   129   281   123   282 0.84 -
GH71                 -            375 FUN_006060-T1        -            472   6.5e-93  306.8   5.4   1   2   6.6e-58   4.6e-55  182.3   4.4     1   161    45   198    45   210 0.96 -
GH71                 -            375 FUN_006060-T1        -            472   6.5e-93  306.8   5.4   2   2   3.8e-40   2.6e-37  123.8   0.0   235   374   211   362   208   363 0.98 -
GH3                  -            216 FUN_006061-T1        -            949   1.1e-53  177.4   0.0   1   1   2.5e-56   1.7e-53  176.8   0.0     4   210   114   335   111   340 0.91 -
GH76                 -            358 FUN_006076-T1        -            463  1.8e-103  342.0   6.4   1   1  3.2e-106  2.2e-103  341.7   6.4    12   356    27   408    19   410 0.95 -
GH25                 -            177 FUN_006080-T1        -            228   1.4e-49  164.2   1.8   1   1   2.2e-52   1.6e-49  164.0   1.8     2   172    26   205    25   210 0.93 -
GT90                 -            250 FUN_006096-T1        -            838   6.5e-70  231.0   0.1   1   1   1.7e-72   1.2e-69  230.1   0.1     3   248   562   829   560   830 0.94 -
GH11                 -            177 FUN_006113-T1        -            152   2.3e-33  110.6   4.2   1   1   4.2e-36   2.9e-33  110.3   4.2     8   124    39   152    15   152 0.91 -
GH31                 -            427 FUN_006147-T1        -            964  1.9e-148  490.4   2.2   1   1  3.5e-151  2.5e-148  490.0   2.2     1   427   290   849   290   849 0.97 -
GH3                  -            216 FUN_006151-T1        -            834   2.3e-61  202.5   0.0   1   1   5.4e-64   3.8e-61  201.8   0.0     5   216    34   245    30   245 0.97 -
GH28                 -            325 FUN_006160-T1        -            405   7.3e-68  224.5  18.7   1   1   1.3e-70   9.3e-68  224.1  18.7     8   322    55   393    49   396 0.88 -
GH28                 -            325 FUN_006161-T1        -            219   5.2e-46  152.6  12.4   1   1     9e-49   6.3e-46  152.4  12.4   119   290     2   205     1   212 0.91 -
GT109                -            411 FUN_006170-T1        -            409  1.6e-113  375.3   0.0   1   1  2.5e-116  1.8e-113  375.1   0.0     7   394     3   406     1   409 0.92 -
AA1                  -            358 FUN_006176-T1        -            603   4.2e-62  206.2   0.0   1   1   5.2e-64   9.1e-62  205.1   0.0     7   357    39   571    28   572 0.72 -
AA1_3                -            312 FUN_006176-T1        -            603   4.3e-35  116.8   0.6   1   2     5e-36   8.7e-34  112.5   0.2    12   271    21   339    15   364 0.90 -
AA1_3                -            312 FUN_006176-T1        -            603   4.3e-35  116.8   0.6   2   2      0.24        43   -1.5   0.0   100   134   546   579   541   592 0.80 -
AA1_2                -            337 FUN_006176-T1        -            603   1.7e-28   95.0   0.1   1   2     7e-23   1.2e-20   69.2   0.1     2    84    41   121    40   165 0.93 -
AA1_2                -            337 FUN_006176-T1        -            603   1.7e-28   95.0   0.1   2   2   5.4e-09   9.5e-07   23.5   0.0   147   225   248   330   228   340 0.83 -
AA1_1                -            303 FUN_006176-T1        -            603   1.5e-27   91.9   0.1   1   2   9.5e-21   1.7e-18   62.2   0.0     2   162    35   189    35   198 0.76 -
AA1_1                -            303 FUN_006176-T1        -            603   1.5e-27   91.9   0.1   2   2   4.1e-10   7.2e-08   27.3   0.0   183   253   274   344   251   377 0.84 -
GH72                 -            312 FUN_006196-T1        -            511  1.4e-126  417.3   4.1   1   1  6.1e-129  2.1e-126  416.8   4.1    11   311    14   316     5   317 0.97 -
CBM43                -             83 FUN_006196-T1        -            511   2.1e-19   65.4   8.1   1   1   1.8e-21   6.2e-19   63.9   8.1     2    82   367   453   366   454 0.97 -
GH89                 -            663 FUN_006205-T1        -            596  1.1e-166  551.2   8.9   1   1  1.9e-169  1.3e-166  550.9   8.9    97   652     4   577     1   588 0.94 -
GH27                 -            229 FUN_006212-T1        -            624   2.1e-33  111.2   1.3   1   1   4.7e-36   3.3e-33  110.6   1.3     8   227   328   599   280   601 0.78 -
GH95                 -            722 FUN_006224-T1        -            352   3.5e-82  272.2   0.0   1   1   5.9e-85   4.2e-82  272.0   0.0    91   408    15   351     4   352 0.89 -
GH95                 -            722 FUN_006225-T1        -            335   4.6e-87  288.4   4.8   1   1   7.9e-90   5.5e-87  288.1   4.8   414   714     4   328     1   333 0.91 -
GH109                -            399 FUN_006227-T1        -            331   7.9e-16   53.0   0.1   1   1     2e-18   1.4e-15   52.2   0.1     6   168     2   155     1   166 0.93 -
GH27                 -            229 FUN_006234-T1        -            473   4.4e-43  142.9   0.7   1   1   7.8e-46   5.5e-43  142.6   0.7     6   228   176   449   126   450 0.81 -
GH30_3               -            417 FUN_006237-T1        -            476  1.3e-119  395.0   1.9   1   1  1.8e-121  1.6e-119  394.8   1.9    11   416    57   472    49   473 0.94 -
GH30                 -            417 FUN_006237-T1        -            476  9.6e-110  362.8   3.7   1   1  1.3e-111  1.2e-109  362.5   3.7    22   416    58   473    48   474 0.92 -
GH30_1               -            416 FUN_006237-T1        -            476   2.3e-76  252.5   0.1   1   1   3.4e-78     3e-76  252.1   0.1    10   415    58   471    51   472 0.90 -
GH30_2               -            417 FUN_006237-T1        -            476     4e-51  169.5   0.1   1   1   7.1e-53   6.2e-51  168.9   0.1     7   415    58   470    52   472 0.87 -
GH30_9               -            442 FUN_006237-T1        -            476   1.2e-43  144.6   3.6   1   1     2e-45   1.8e-43  144.0   3.6    11   432    58   461    50   470 0.86 -
GH30_6               -            450 FUN_006237-T1        -            476   2.1e-28   94.8   1.3   1   1   6.6e-29   5.7e-27   90.1   1.3     8   408    59   455    51   463 0.74 -
GH30_7               -            443 FUN_006237-T1        -            476   3.9e-24   80.6   4.2   1   1   7.8e-26   6.8e-24   79.8   4.2    10   400    58   456    49   472 0.76 -
GH30_8               -            342 FUN_006237-T1        -            476     1e-19   66.3   3.8   1   2   2.2e-19   1.9e-17   58.8   2.7     7   228    57   325    51   345 0.79 -
GH30_8               -            342 FUN_006237-T1        -            476     1e-19   66.3   3.8   2   2    0.0023       0.2    6.1   0.0   280   330   390   445   365   456 0.68 -
GH36                 -            688 FUN_006261-T1        -            746  2.7e-235  778.4   0.0   1   1  4.4e-238  3.1e-235  778.3   0.0     2   687    37   728    36   729 0.95 -
GH47                 -            446 FUN_006273-T1        -            599  1.8e-157  520.3   0.0   1   1    3e-160  2.1e-157  520.1   0.0     2   446   107   596   106   596 0.92 -
GH2                  -            752 FUN_006278-T1        -            942   6.7e-64  212.0   8.5   1   1   1.3e-66   9.4e-64  211.5   8.5    51   581    44   839    22   890 0.69 -
GH55                 -            740 FUN_006285-T1        -            763  7.1e-219  724.2  16.9   1   1  1.2e-221  8.6e-219  723.9  16.9     6   739    32   761    27   762 0.95 -
GH109                -            399 FUN_006293-T1        -            363   1.5e-19   65.3   0.0   1   2   4.2e-20     3e-17   57.7   0.0     5   161     5   153     2   167 0.89 -
GH109                -            399 FUN_006293-T1        -            363   1.5e-19   65.3   0.0   2   2   0.00033      0.23    5.4   0.0   243   294   211   262   195   286 0.89 -
GT32                 -             90 FUN_006362-T1        -            373   2.7e-18   61.7   0.0   1   1   9.8e-21   6.8e-18   60.4   0.0     4    89   130   213   127   214 0.95 -
GH72                 -            312 FUN_006368-T1        -            540  3.7e-129  425.8   2.9   1   1  1.3e-131  4.7e-129  425.5   2.9     4   311    21   331    18   332 0.97 -
CBM43                -             83 FUN_006368-T1        -            540   1.6e-18   62.5   2.9   1   1   1.3e-20   4.6e-18   61.1   2.9     1    82   381   467   381   468 0.94 -
AA3_2                -            568 FUN_006372-T1        -            583  6.1e-149  492.7   0.0   1   1  4.3e-151  7.5e-149  492.4   0.0     2   566    29   577    28   579 0.91 -
AA3                  -            618 FUN_006372-T1        -            583   5.8e-73  241.6   0.1   1   1   4.2e-75   7.3e-73  241.3   0.1    85   401    25   580    21   582 0.84 -
AA3_3                -            590 FUN_006372-T1        -            583   6.1e-60  198.5   0.0   1   3   1.4e-41   2.4e-39  130.6   0.0     2   317    29   338    28   353 0.88 -
AA3_3                -            590 FUN_006372-T1        -            583   6.1e-60  198.5   0.0   2   3   8.2e-06    0.0014   12.4   0.0   411   451   425   465   406   475 0.86 -
AA3_3                -            590 FUN_006372-T1        -            583   6.1e-60  198.5   0.0   3   3   1.2e-17     2e-15   51.5   0.0   507   587   498   578   484   580 0.94 -
AA3_1                -            548 FUN_006372-T1        -            583   4.7e-34  113.2   4.0   1   3   3.2e-10   5.6e-08   27.2   0.0    11    50    24    64    14    94 0.80 -
AA3_1                -            548 FUN_006372-T1        -            583   4.7e-34  113.2   4.0   2   3      0.14        24   -1.3   0.1   118   159   119   160   106   165 0.73 -
AA3_1                -            548 FUN_006372-T1        -            583   4.7e-34  113.2   4.0   3   3   7.1e-28   1.2e-25   85.4   0.3   215   545   236   577   223   579 0.65 -
GH128                -            224 FUN_006381-T1        -            272   9.4e-47  155.0   0.0   1   1   1.7e-49   1.2e-46  154.7   0.0     8   224    44   264    38   264 0.91 -
GT8                  -            257 FUN_006451-T1        -            546   4.7e-45  149.7   0.1   1   1   9.9e-48   6.9e-45  149.1   0.1    29   254     9   223     3   225 0.88 -
GT41                 -            705 FUN_006481-T1        -           1766  5.3e-170  562.7   0.0   1   4   1.5e-10   1.1e-07   26.2   0.0    85   227   669   760   595   874 0.74 -
GT41                 -            705 FUN_006481-T1        -           1766  5.3e-170  562.7   0.0   2   4   3.2e-17   2.3e-14   48.3   0.0   116   240  1040  1227   990  1247 0.83 -
GT41                 -            705 FUN_006481-T1        -           1766  5.3e-170  562.7   0.0   3   4   2.2e-99   1.5e-96  319.9   0.0   478   681  1260  1466  1252  1513 0.91 -
GT41                 -            705 FUN_006481-T1        -           1766  5.3e-170  562.7   0.0   4   4   1.9e-51   1.3e-48  161.4   0.2   300   519  1479  1755  1472  1760 0.88 -
GH67                 -            669 FUN_006539-T1        -            847  1.1e-266  882.1   0.0   1   1  1.8e-269  1.3e-266  881.8   0.0     2   668    22   701    21   702 0.98 -
GT15                 -            273 FUN_006591-T1        -            394  9.4e-118  388.0   9.9   1   1  1.6e-120  1.1e-117  387.8   9.9     1   272    74   352    74   353 0.99 -
AA5                  -           1281 FUN_006635-T1        -            927   4.5e-60  198.8  55.2   1   3      0.11        39   -3.1   2.4   224   307   533   615   518   620 0.56 -
AA5                  -           1281 FUN_006635-T1        -            927   4.5e-60  198.8  55.2   2   3   3.7e-43   1.3e-40  134.3  26.1    56   245   615   810   604   824 0.87 -
AA5                  -           1281 FUN_006635-T1        -            927   4.5e-60  198.8  55.2   3   3   3.1e-26   1.1e-23   78.2  12.3    48   142   823   917   817   922 0.92 -
AA2                  -            255 FUN_006635-T1        -            927   8.5e-24   79.8   0.0   1   1   4.2e-26   1.5e-23   79.0   0.0    19   195    61   242    51   286 0.83 -
GH5_24               -            315 FUN_006718-T1        -            528    2e-158  522.3   3.0   1   1  2.8e-160  2.5e-158  522.0   3.0     1   315   184   498   184   498 1.00 -
GH5_1                -            310 FUN_006718-T1        -            528   1.3e-57  191.2   0.1   1   1   2.1e-59   1.8e-57  190.7   0.1     1   304   186   493   186   497 0.91 -
GH5_51               -            351 FUN_006718-T1        -            528   2.7e-56  186.6   4.7   1   1     4e-56   3.5e-54  179.7   4.7     1   348   184   491   184   494 0.91 -
GH5_11               -            313 FUN_006718-T1        -            528   4.9e-45  149.5   0.0   1   1   1.5e-46   1.3e-44  148.2   0.0     1   313   184   490   184   490 0.92 -
GH5                  -            275 FUN_006718-T1        -            528   6.3e-39  129.6   2.8   1   1     1e-40   8.8e-39  129.1   2.8     2   242   184   501   183   519 0.80 -
GH5_20               -            344 FUN_006718-T1        -            528   1.2e-25   85.8   0.2   1   1   8.4e-26   7.3e-24   80.0   0.2     3   237   191   411   189   422 0.83 -
GH5_16               -            337 FUN_006718-T1        -            528   7.2e-22   73.3   1.3   1   2   2.3e-11   2.1e-09   32.4   0.0     1    57   184   241   184   246 0.93 -
GH5_16               -            337 FUN_006718-T1        -            528   7.2e-22   73.3   1.3   2   2     5e-13   4.3e-11   37.9   1.7   101   336   261   490   246   491 0.79 -
GH5_8                -            253 FUN_006718-T1        -            528   1.9e-17   59.0   0.1   1   1   3.1e-19   2.7e-17   58.5   0.1     1   243   185   488   185   498 0.86 -
GH18                 -            296 FUN_006733-T1        -           1269   2.6e-48  160.7   1.5   1   1   7.2e-51     5e-48  159.8   1.5     6   278   439   785   435   800 0.82 -
AA7                  -            458 FUN_006743-T1        -            574   1.3e-53  178.6  13.2   1   2   8.3e-50   5.8e-47  156.8  12.3    19   208   135   331   125   351 0.91 -
AA7                  -            458 FUN_006743-T1        -            574   1.3e-53  178.6  13.2   2   2   1.9e-08   1.3e-05   20.4   0.0   415   452   514   551   478   555 0.82 -
CE5                  -            189 FUN_006746-T1        -            302   5.4e-42  139.5   8.5   1   1   9.5e-45   6.6e-42  139.2   8.5     1   189    32   237    32   237 0.94 -
CBM1                 -             29 FUN_006747-T1        -            316   1.5e-16   55.6   8.1   1   1   7.3e-19   5.1e-16   53.9   8.1     1    29   284   312   284   312 0.99 -
AA9                  -            220 FUN_006748-T1        -            344   1.1e-68  226.6   1.2   1   2   1.9e-71   1.3e-68  226.3   0.1     2   219    10   233     9   234 0.89 -
AA9                  -            220 FUN_006748-T1        -            344   1.1e-68  226.6   1.2   2   2     0.097        68   -1.6   0.1    44    76   272   305   244   323 0.56 -
AA7                  -            458 FUN_006806-T1        -            488   6.8e-33  110.4   0.9   1   1   1.1e-35   7.4e-33  110.2   0.9     8   185    34   215    29   393 0.91 -
GT90                 -            250 FUN_006820-T1        -            513   1.1e-82  272.8   6.4   1   2   0.00068      0.48    5.4   0.0     2    36   123   157   122   160 0.89 -
GT90                 -            250 FUN_006820-T1        -            513   1.1e-82  272.8   6.4   2   2   5.1e-84   3.6e-81  267.9   3.8     3   243   248   513   246   513 0.95 -
GT41                 -            705 FUN_006863-T1        -            852   3.9e-35  116.9   3.4   1   4   2.4e-13   1.7e-10   35.5   1.5    78   189    28   129     4   132 0.86 -
GT41                 -            705 FUN_006863-T1        -            852   3.9e-35  116.9   3.4   2   4   6.6e-12   4.6e-09   30.7   0.0    77   189    95   202    93   204 0.94 -
GT41                 -            705 FUN_006863-T1        -            852   3.9e-35  116.9   3.4   3   4   1.8e-06    0.0012   12.8   0.0   129   175   213   259   208   262 0.88 -
GT41                 -            705 FUN_006863-T1        -            852   3.9e-35  116.9   3.4   4   4     6e-16   4.2e-13   44.1   0.6    65   191   265   382   258   399 0.92 -
GH128                -            224 FUN_006884-T1        -            452     1e-54  181.0   0.1   1   1   2.4e-57   1.7e-54  180.3   0.1     7   224   235   449   228   449 0.92 -
GH18                 -            296 FUN_006887-T1        -            324   4.7e-26   87.6   5.0   1   2   1.2e-28   8.5e-26   86.8   1.5     2   198    26   272    25   296 0.77 -
GH18                 -            296 FUN_006887-T1        -            324   4.7e-26   87.6   5.0   2   2    0.0055       3.8    2.6   0.2   256   283   284   312   277   319 0.76 -
AA3_1                -            548 FUN_006906-T1        -            739   1.2e-78  260.4   0.5   1   1   3.4e-78   4.8e-76  251.8   0.5    11   541   212   732   205   736 0.88 -
AA3                  -            618 FUN_006906-T1        -            739   1.1e-50  168.1   0.1   1   1   1.1e-52   1.6e-50  167.5   0.1    88   394   216   732   206   737 0.75 -
AA3_2                -            568 FUN_006906-T1        -            739   1.8e-41  137.9   0.2   1   1   8.9e-40   1.2e-37  125.2   0.2     4   563   219   733   217   738 0.73 -
AA3_3                -            590 FUN_006906-T1        -            739   2.7e-23   77.6   0.3   1   3   9.3e-08   1.3e-05   19.2   0.0     3   128   218   336   216   351 0.71 -
AA3_3                -            590 FUN_006906-T1        -            739   2.7e-23   77.6   0.3   2   3   2.3e-08   3.2e-06   21.2   0.0   222   300   412   499   401   504 0.75 -
AA3_3                -            590 FUN_006906-T1        -            739   2.7e-23   77.6   0.3   3   3   3.6e-12   5.1e-10   33.7   0.0   526   579   676   729   672   739 0.92 -
AA3_4                -            549 FUN_006906-T1        -            739   4.4e-18   60.7   0.2   1   3   8.8e-08   1.2e-05   19.6   0.1     3    34   218   249   216   254 0.95 -
AA3_4                -            549 FUN_006906-T1        -            739   4.4e-18   60.7   0.2   2   3   3.7e-05    0.0051   10.9   0.0   259   292   451   484   437   514 0.83 -
AA3_4                -            549 FUN_006906-T1        -            739   4.4e-18   60.7   0.2   3   3   6.8e-10   9.5e-08   26.6   0.0   480   538   673   728   663   739 0.86 -
GT22                 -            389 FUN_006911-T1        -            515   5.6e-78  258.2  36.8   1   1   9.7e-81   6.8e-78  257.9  36.8     1   386     5   395     5   397 0.91 -
#
# Program:         hmmscan
# Version:         3.4 (Aug 2023)
# Pipeline mode:   SCAN
# Query file:      /home/zack/Desktop/IsariaPreferralGenome/MyGenomeSubmittedToNCBI/HypocrealesProteinSets/GENOMES/TrichodermaReesei_QM6a/FunannotatePredict/annotate_misc/split_prots/chunk_3.fa
# Target file:     /home/zack/funannotate_db/dbCAN.hmm
# Option settings: hmmscan --domtblout /home/zack/Desktop/IsariaPreferralGenome/MyGenomeSubmittedToNCBI/HypocrealesProteinSets/GENOMES/TrichodermaReesei_QM6a/FunannotatePredict/annotate_misc/split_prots/chunk_3.dbcan.txt -E 1e-15 --cpu 1 /home/zack/funannotate_db/dbCAN.hmm /home/zack/Desktop/IsariaPreferralGenome/MyGenomeSubmittedToNCBI/HypocrealesProteinSets/GENOMES/TrichodermaReesei_QM6a/FunannotatePredict/annotate_misc/split_prots/chunk_3.fa 
# Current dir:     /home/zack
# Date:            Mon Mar  4 00:50:22 2024
# [ok]
