#                                                                            --- full sequence --- -------------- this domain -------------   hmm coord   ali coord   env coord
# target name        accession   tlen query name           accession   qlen   E-value  score  bias   #  of  c-Evalue  i-Evalue  score  bias  from    to  from    to  from    to  acc description of target
#------------------- ---------- ----- -------------------- ---------- ----- --------- ------ ----- --- --- --------- --------- ------ ----- ----- ----- ----- ----- ----- ----- ---- ---------------------
AA5                  -           1281 FUN_006986-T1        -            614   4.5e-17   56.3  12.7   1   2         1     7e+02  -12.4  21.9   237   298   352   414   341   496 0.81 -
AA5                  -           1281 FUN_006986-T1        -            614   4.5e-17   56.3  12.7   2   2   6.4e-20   4.5e-17   56.3  12.7   154   249   497   592   484   607 0.85 -
PL20                 -            229 FUN_007004-T1        -            258  5.3e-116  381.4  11.4   1   1  8.4e-119  5.9e-116  381.2  11.4     1   228    24   257    24   258 1.00 -
GH15                 -            361 FUN_007007-T1        -            659   1.5e-78  259.9   0.4   1   1   5.5e-81   1.9e-78  259.5   0.4    17   360    90   490    75   491 0.92 -
CBM20                -             90 FUN_007007-T1        -            659   1.7e-26   87.7   0.6   1   1   1.2e-28   4.1e-26   86.5   0.6     1    85   557   644   557   648 0.96 -
AA1_2                -            337 FUN_007076-T1        -            631  5.6e-154  507.5   6.2   1   2  4.8e-156  8.3e-154  507.0   0.8     2   336    41   376    40   377 0.99 -
AA1_2                -            337 FUN_007076-T1        -            631  5.6e-154  507.5   6.2   2   2     0.016       2.8    2.3   0.5    18   100   393   491   381   511 0.52 -
AA1                  -            358 FUN_007076-T1        -            631  2.1e-108  358.5   1.2   1   1  1.5e-110  2.6e-108  358.2   1.2     7   357    39   487    27   488 0.85 -
AA1_3                -            312 FUN_007076-T1        -            631   5.9e-65  214.9   1.2   1   3   6.3e-65   1.1e-62  207.4   0.2    11   297    19   303    13   313 0.87 -
AA1_3                -            312 FUN_007076-T1        -            631   5.9e-65  214.9   1.2   2   3      0.37        64   -2.1   0.1    50    74   395   418   375   429 0.62 -
AA1_3                -            312 FUN_007076-T1        -            631   5.9e-65  214.9   1.2   3   3    0.0025      0.44    5.0   0.0    93   129   455   491   452   502 0.90 -
AA1_1                -            303 FUN_007076-T1        -            631   1.4e-64  213.5   0.0   1   2   2.4e-66   4.2e-64  211.9   0.0     2   297    34   326    33   332 0.88 -
AA1_1                -            303 FUN_007076-T1        -            631   1.4e-64  213.5   0.0   2   2      0.31        54   -1.9   0.0    82   111   464   492   454   513 0.75 -
GH109                -            399 FUN_007114-T1        -            391   6.1e-16   53.4   0.0   1   1   1.3e-18   9.3e-16   52.8   0.0    30   158    41   164     7   179 0.84 -
CE5                  -            189 FUN_007186-T1        -            299   2.7e-47  156.8   2.8   1   1   5.4e-50   3.8e-47  156.3   2.8     4   188    28   222    25   223 0.91 -
GT2_Glycos_transf_2  PF00535.25   170 FUN_007250-T1        -            243   9.9e-37  121.8   0.0   1   1   1.7e-39   1.2e-36  121.5   0.0     1   169    12   181    12   182 0.97 Glycosyl transferase family 2
GH92                 -            491 FUN_007279-T1        -            753  5.8e-164  541.9   0.0   1   1    1e-166  7.3e-164  541.6   0.0     3   490   212   731   211   732 0.96 -
GH79                 -            455 FUN_007283-T1        -            488   3.4e-61  202.9   6.7   1   1   5.9e-64   4.1e-61  202.6   6.7     2   425    23   452    22   468 0.80 -
GH16_3               -            230 FUN_007292-T1        -            310   5.8e-39  129.7   0.0   1   1   3.1e-41   7.3e-39  129.4   0.0     1   214    52   269    52   279 0.88 -
GH16                 -            189 FUN_007292-T1        -            310   3.5e-28   94.8   0.3   1   1     2e-30   4.6e-28   94.5   0.3    12   176    64   271    51   301 0.77 -
GH16_5               -            238 FUN_007292-T1        -            310   3.4e-20   67.6   0.0   1   1   2.1e-22   4.8e-20   67.1   0.0    13   219    66   266    54   278 0.79 -
GH55                 -            740 FUN_007293-T1        -            764  2.8e-162  537.0  17.8   1   1  4.9e-165  3.4e-162  536.7  17.8     8   714    32   733    26   760 0.90 -
PL7_4                -            214 FUN_007297-T1        -            248   4.2e-88  289.8   0.5   1   1   3.4e-90   4.8e-88  289.7   0.5     1   214    29   248    29   248 0.96 -
PL7                  -            231 FUN_007297-T1        -            248   3.9e-45  149.8   0.0   1   1   3.2e-47   4.4e-45  149.6   0.0     1   231    29   248    29   248 0.92 -
PL7_1                -            219 FUN_007297-T1        -            248   2.8e-23   77.8   0.0   1   1   2.3e-25   3.2e-23   77.6   0.0     2   219    30   248    29   248 0.79 -
PL7_3                -            214 FUN_007297-T1        -            248   1.1e-20   69.7   0.0   1   1     9e-23   1.3e-20   69.5   0.0     1   193    30   235    30   248 0.78 -
PL7_5                -            267 FUN_007297-T1        -            248   2.3e-16   55.5   0.0   1   1   1.2e-13   1.7e-11   39.5   0.0     1   255    29   238    29   248 0.62 -
CE4                  -            130 FUN_007305-T1        -            260   7.6e-19   63.6   0.1   1   2     3e-21   2.1e-18   62.2   0.0    30   127     2   100     1   103 0.94 -
CE4                  -            130 FUN_007305-T1        -            260   7.6e-19   63.6   0.1   2   2      0.21   1.5e+02   -2.0   0.0    14    29   181   196   179   203 0.81 -
GH5_15               -            300 FUN_007307-T1        -            429  2.2e-128  423.0   3.1   1   1  4.5e-130  2.9e-128  422.6   3.1     3   299    98   400    96   401 0.98 -
GH5_9                -            303 FUN_007307-T1        -            429   5.9e-39  129.9   4.1   1   2   3.5e-35   2.2e-33  111.6   0.0     1   235   106   356   106   363 0.85 -
GH5_9                -            303 FUN_007307-T1        -            429   5.9e-39  129.9   4.1   2   2   9.6e-07   6.1e-05   18.2   2.7   276   303   363   392   355   392 0.89 -
GH5                  -            275 FUN_007307-T1        -            429   2.4e-28   94.9   7.4   1   1   5.5e-30   3.5e-28   94.3   7.4    20   257   100   414    86   422 0.68 -
GH5_50               -            283 FUN_007307-T1        -            429   1.6e-27   92.0   4.3   1   1   2.1e-28   1.3e-26   89.0   4.3     2   281   105   392   104   393 0.76 -
GH5_49               -            293 FUN_007307-T1        -            429   1.9e-21   71.9   1.0   1   1   8.2e-23   5.2e-21   70.5   1.0     1   290   103   394   103   396 0.76 -
GH5_46               -            257 FUN_007307-T1        -            429   1.4e-18   62.6   0.5   1   2       4.7     3e+02   -4.0   0.0   146   182    38    74    30    81 0.76 -
GH5_46               -            257 FUN_007307-T1        -            429   1.4e-18   62.6   0.5   2   2   9.2e-20   5.8e-18   60.6   0.5     5   164   102   271    98   392 0.70 -
GH5_47               -            220 FUN_007307-T1        -            429   3.1e-17   58.3   0.1   1   1   8.8e-19   5.6e-17   57.5   0.1    18   140   107   236    94   242 0.82 -
GH5_22               -            286 FUN_007307-T1        -            429   4.8e-17   57.9   0.0   1   1   1.1e-18   7.1e-17   57.3   0.0    16   167   103   272    87   391 0.73 -
GH5_14               -            277 FUN_007307-T1        -            429   7.9e-17   57.0   6.0   1   1   3.4e-18   2.2e-16   55.5   6.0     3   275   104   398   102   400 0.79 -
GH5_54               -            263 FUN_007307-T1        -            429   3.6e-16   54.9   0.1   1   1   1.1e-17     7e-16   53.9   0.1    13   143   102   240    92   270 0.81 -
GH5_45               -            299 FUN_007307-T1        -            429   6.6e-16   53.8   2.1   1   2   9.4e-17     6e-15   50.6   0.1     2   135   104   236   103   275 0.82 -
GH5_45               -            299 FUN_007307-T1        -            429   6.6e-16   53.8   2.1   2   2     0.042       2.7    2.5   0.4   275   298   367   392   331   393 0.74 -
GH28                 -            325 FUN_007311-T1        -            457   1.2e-55  184.3   7.9   1   1   2.2e-58   1.5e-55  184.0   7.9    44   319   113   438    68   444 0.82 -
GH65                 -            372 FUN_007320-T1        -            632   1.9e-69  229.7   2.4   1   1   1.7e-71   1.2e-68  227.1   2.4     1   296   359   619   359   623 0.96 -
GH45                 -            198 FUN_007352-T1        -            242   4.1e-18   62.0  18.2   1   3   1.5e-11   1.1e-08   31.3   9.7     1   113    20   115    20   117 0.87 -
GH45                 -            198 FUN_007352-T1        -            242   4.1e-18   62.0  18.2   2   3   3.7e-11   2.6e-08   30.0   0.1   151   197   115   166   111   168 0.93 -
GH45                 -            198 FUN_007352-T1        -            242   4.1e-18   62.0  18.2   3   3         1     7e+02   -4.0   0.3    15    32   217   233   208   239 0.51 -
GH24                 -            137 FUN_007372-T1        -            268   5.6e-39  128.8   0.0   1   1     1e-41   7.2e-39  128.5   0.0     1   137   108   250   108   250 0.96 -
AA5                  -           1281 FUN_007405-T1        -           1557     2e-96  319.2  92.7   1   4   2.4e-40   1.7e-37  124.0  40.5    52   307   916  1195   902  1196 0.77 -
AA5                  -           1281 FUN_007405-T1        -           1557     2e-96  319.2  92.7   2   4   9.3e-27   6.5e-24   79.0  13.0   154   263  1190  1299  1180  1312 0.86 -
AA5                  -           1281 FUN_007405-T1        -           1557     2e-96  319.2  92.7   3   4   4.8e-30   3.4e-27   89.9   8.9   152   278  1313  1441  1301  1451 0.84 -
AA5                  -           1281 FUN_007405-T1        -           1557     2e-96  319.2  92.7   4   4   2.3e-16   1.6e-13   44.6   7.3    52   141  1452  1549  1448  1554 0.67 -
GH18                 -            296 FUN_007425-T1        -            359   1.6e-18   62.9   0.2   1   1   4.1e-21   2.8e-18   62.1   0.3     4   211    34   293    32   347 0.68 -
GT32                 -             90 FUN_007446-T1        -            366   1.9e-22   75.0   0.2   1   1   5.6e-25   3.9e-22   74.0   0.2     2    83   117   193   116   200 0.94 -
AA7                  -            458 FUN_007451-T1        -            502   7.3e-54  179.5   3.7   1   2     4e-50   2.8e-47  157.8   1.2    19   195    78   256    63   303 0.88 -
AA7                  -            458 FUN_007451-T1        -            502   7.3e-54  179.5   3.7   2   2   5.1e-09   3.6e-06   22.3   0.1   400   455   440   494   353   497 0.65 -
AA7                  -            458 FUN_007454-T1        -            510   1.1e-52  175.7   0.1   1   1   4.8e-55   3.4e-52  174.0   0.1    14   453    81   502    69   507 0.72 -
GH64                 -            367 FUN_007479-T1        -            445   1.3e-83  276.7   0.0   1   1   2.5e-86   1.7e-83  276.3   0.0     4   367    66   440    64   440 0.90 -
GT34                 -            246 FUN_007505-T1        -            332     4e-72  238.1   0.4   1   1   1.1e-73     8e-71  233.9   0.4     2   242    66   314    65   319 0.90 -
GH5_5                -            282 FUN_007526-T1        -            438   4.5e-89  293.8   0.1   1   1   3.1e-91   5.5e-89  293.5   0.1     1   281    24   316    24   317 0.97 -
GH5                  -            275 FUN_007526-T1        -            438   8.8e-32  106.1   0.1   1   1   6.6e-34   1.2e-31  105.8   0.1    40   237    66   315    27   334 0.76 -
GH5_4                -            276 FUN_007526-T1        -            438   2.8e-20   68.5   0.2   1   1   2.3e-22     4e-20   68.0   0.2    17   244    66   281    60   314 0.71 -
GH5_25               -            262 FUN_007526-T1        -            438   1.3e-17   59.2   0.0   1   2   1.7e-18     3e-16   54.7   0.0    17   149    69   204    61   236 0.87 -
GH5_25               -            262 FUN_007526-T1        -            438   1.3e-17   59.2   0.0   2   2     0.018       3.1    2.2   0.0   205   231   253   279   233   296 0.87 -
AA3_2                -            568 FUN_007533-T1        -            585  1.9e-163  540.6   0.0   1   1  1.2e-165  2.1e-163  540.4   0.0     2   567     3   583     2   584 0.92 -
AA3                  -            618 FUN_007533-T1        -            585   2.9e-87  288.9   0.0   1   1   1.8e-89   3.2e-87  288.7   0.0    88   400     2   584     1   585 0.87 -
AA3_3                -            590 FUN_007533-T1        -            585   4.5e-70  232.0   0.0   1   2   1.4e-54   2.4e-52  173.5   0.0     3   448     4   474     2   479 0.78 -
AA3_3                -            590 FUN_007533-T1        -            585   4.5e-70  232.0   0.0   2   2   4.1e-18   7.2e-16   53.0   0.0   498   588   494   584   481   585 0.87 -
AA3_1                -            548 FUN_007533-T1        -            585   5.2e-59  195.6   0.0   1   2   7.8e-37   1.4e-34  115.0   0.1    16   374     3   367     1   409 0.74 -
AA3_1                -            548 FUN_007533-T1        -            585   5.2e-59  195.6   0.0   2   2   1.1e-25     2e-23   78.2   0.0   391   544   432   581   423   583 0.85 -
CE5                  -            189 FUN_007544-T1        -            235     7e-43  142.4   7.0   1   1   1.1e-45     8e-43  142.2   7.0     1   187    29   232    29   234 0.93 -
AA2                  -            255 FUN_007547-T1        -            564   1.4e-26   88.9   0.3   1   1   2.8e-29     2e-26   88.4   0.3    17   244    66   295    59   303 0.79 -
AA1                  -            358 FUN_007590-T1        -            610   9.6e-73  241.2   0.0   1   1   5.2e-74   9.1e-72  238.0   0.0     6   357    41   587    36   588 0.70 -
AA1_3                -            312 FUN_007590-T1        -            610   5.7e-55  182.1   2.0   1   2     9e-55   1.6e-52  174.0   1.1    11   269    28   365    22   376 0.86 -
AA1_3                -            312 FUN_007590-T1        -            610   5.7e-55  182.1   2.0   2   2       1.1     2e+02   -3.7   0.0    99   125   561   587   553   590 0.77 -
AA1_2                -            337 FUN_007590-T1        -            610   9.3e-40  132.0   1.6   1   3   7.4e-31   1.3e-28   95.4   0.1     1   106    48   151    48   160 0.94 -
AA1_2                -            337 FUN_007590-T1        -            610   9.3e-40  132.0   1.6   2   3   1.5e-12   2.6e-10   35.2   0.0   170   304   304   441   280   450 0.77 -
AA1_2                -            337 FUN_007590-T1        -            610   9.3e-40  132.0   1.6   3   3      0.68   1.2e+02   -3.1   0.1    77    97   568   588   560   597 0.73 -
AA1_1                -            303 FUN_007590-T1        -            610     1e-37  125.3   0.0   1   2   2.2e-31   3.9e-29   97.1   0.0     2   172    43   227    42   240 0.84 -
AA1_1                -            303 FUN_007590-T1        -            610     1e-37  125.3   0.0   2   2   1.1e-09   1.9e-07   25.9   0.0   169   248   284   367   253   383 0.80 -
AA7                  -            458 FUN_007592-T1        -            475   8.1e-48  159.6  14.6   1   2   1.1e-43   7.6e-41  136.6  11.4    12   181    21   198    16   228 0.90 -
AA7                  -            458 FUN_007592-T1        -            475   8.1e-48  159.6  14.6   2   2   1.4e-09   9.9e-07   24.1   0.1   410   455   411   456   381   459 0.75 -
GH18                 -            296 FUN_007625-T1        -            401   1.5e-25   86.0   1.1   1   2   1.1e-27   7.6e-25   83.7   0.2     4   203    31   268    28   286 0.78 -
GH18                 -            296 FUN_007625-T1        -            401   1.5e-25   86.0   1.1   2   2     0.015        10    1.2   0.1   268   284   291   307   269   318 0.78 -
GH28                 -            325 FUN_007685-T1        -            379     3e-73  242.2  26.5   1   1     5e-76   3.5e-73  241.9  26.5    20   320    54   373    36   379 0.87 -
GH11                 -            177 FUN_007687-T1        -            229   2.4e-61  201.8  11.1   1   1   4.5e-64   3.1e-61  201.4  11.1     5   175    56   224    36   226 0.93 -
GH39                 -            431 FUN_007691-T1        -            440   8.1e-20   66.5   0.1   1   1   2.1e-22   1.5e-19   65.7   0.1   113   292   120   284   103   350 0.81 -
GH16_21              -            206 FUN_007692-T1        -            206     2e-24   81.5   0.3   1   1   7.1e-27   2.5e-24   81.3   0.3     5   202    15   198    11   202 0.80 -
GH16                 -            189 FUN_007692-T1        -            206   8.8e-19   64.2   1.0   1   1     3e-21     1e-18   64.0   1.0     9   186    16   201     8   204 0.67 -
GH64                 -            367 FUN_007720-T1        -            379  2.4e-109  361.3   0.0   1   1  3.9e-112  2.7e-109  361.2   0.0     1   367     3   376     3   376 0.95 -
GH16_23              -            192 FUN_007721-T1        -            396   2.7e-89  293.1   0.0   1   1   2.1e-91   3.7e-89  292.6   0.0     7   192   112   298    97   298 0.97 -
GH16_21              -            206 FUN_007721-T1        -            396   6.4e-21   70.1   0.0   1   1     1e-22   1.7e-20   68.7   0.0    54   205   136   295   117   296 0.79 -
GH16                 -            189 FUN_007721-T1        -            396   1.3e-20   70.2   0.1   1   1   9.7e-23   1.7e-20   69.8   0.1    30   189    96   298    56   298 0.63 -
GH16_22              -            216 FUN_007721-T1        -            396   4.2e-16   54.4   0.0   1   1   3.3e-18   5.9e-16   54.0   0.0    58   213   136   294    71   297 0.78 -
GT41                 -            705 FUN_007754-T1        -            961   1.6e-16   55.4   2.3   1   3   3.3e-06    0.0023   11.9   0.1   139   191    90   142    25   157 0.73 -
GT41                 -            705 FUN_007754-T1        -            961   1.6e-16   55.4   2.3   2   3     4e-11   2.8e-08   28.1   4.3    62   189    91   248    70   306 0.65 -
GT41                 -            705 FUN_007754-T1        -            961   1.6e-16   55.4   2.3   3   3   1.7e-08   1.2e-05   19.5   0.0    76   192   372   602   348   929 0.67 -
GT57                 -            481 FUN_007817-T1        -            501    5e-176  581.7  28.2   1   1  8.5e-179  5.9e-176  581.5  28.2     3   479    16   493    14   495 0.98 -
GH72                 -            312 FUN_007949-T1        -            478  6.2e-114  375.8   0.1   1   1  1.1e-116  7.6e-114  375.5   0.1     4   312    17   332    14   332 0.97 -
GT90                 -            250 FUN_007995-T1        -            543   3.7e-63  208.8   0.0   1   1   8.7e-66   6.1e-63  208.1   0.0    13   248   257   529   245   530 0.90 -
GH16_22              -            216 FUN_008048-T1        -            427     5e-91  299.4   6.2   1   1   3.7e-93   6.5e-91  299.0   6.2     3   216    97   314    95   314 0.99 -
GH16                 -            189 FUN_008048-T1        -            427     4e-24   81.6   6.3   1   1   3.8e-26   6.6e-24   80.9   6.3     4   188    87   314    84   315 0.64 -
GH16_23              -            192 FUN_008048-T1        -            427     3e-20   67.8   0.5   1   1   2.9e-22   5.1e-20   67.1   0.5     6   190   132   313   125   315 0.82 -
GH16_21              -            206 FUN_008048-T1        -            427   4.3e-17   57.6   2.7   1   1   3.7e-19   6.5e-17   57.1   2.7    36   205   139   312    88   313 0.77 -
GT41                 -            705 FUN_008060-T1        -            709   1.1e-23   79.1   4.4   1   3   2.8e-14   1.9e-11   38.6   0.2    83   189   196   292   192   294 0.86 -
GT41                 -            705 FUN_008060-T1        -            709   1.1e-23   79.1   4.4   2   3   1.6e-08   1.1e-05   19.5   0.0   119   191   372   457   295   457 0.74 -
GT41                 -            705 FUN_008060-T1        -            709   1.1e-23   79.1   4.4   3   3   1.1e-11   7.5e-09   30.0   0.6    82   191   426   529   421   602 0.82 -
CE1                  -            227 FUN_008063-T1        -            286   8.5e-48  158.5   0.1   1   1   1.4e-50   9.8e-48  158.2   0.1     2   225    25   281    24   283 0.86 -
GH55                 -            740 FUN_008091-T1        -            776    6e-289  955.8  34.3   1   1    1e-291  7.3e-289  955.5  34.3     4   739    32   773    29   774 0.97 -
GH3                  -            216 FUN_008109-T1        -            883   8.3e-57  187.6   0.0   1   1   1.7e-59   1.2e-56  187.1   0.0     3   216    95   316    93   316 0.94 -
AA7                  -            458 FUN_008139-T1        -            514   2.3e-45  151.5   2.5   1   2   8.8e-44   6.1e-41  136.9   2.7     5   209    56   262    53   282 0.94 -
AA7                  -            458 FUN_008139-T1        -            514   2.3e-45  151.5   2.5   2   2   5.3e-06    0.0037   12.3   0.0   430   453   482   505   434   508 0.75 -
GH65                 -            372 FUN_008145-T1        -           1079   4.2e-80  264.8   0.7   1   1   1.8e-82   1.3e-79  263.2   0.7     3   369   406   769   405   772 0.95 -
AA7                  -            458 FUN_008202-T1        -            474   4.6e-84  279.1   5.9   1   2   2.1e-81   1.5e-78  260.9   3.5     7   219    41   261    37   279 0.92 -
AA7                  -            458 FUN_008202-T1        -            474   4.6e-84  279.1   5.9   2   2   6.6e-08   4.6e-05   18.6   0.0   357   458   366   471   321   471 0.70 -
CE4                  -            130 FUN_008209-T1        -            304   8.1e-31  102.3   0.0   1   1   1.9e-33   1.3e-30  101.6   0.0     6   127    88   221    83   224 0.89 -
GT2_Chitin_synth_2   PF03142.14   527 FUN_008211-T1        -            648   7.5e-38  125.8   6.8   1   2   6.1e-09   4.3e-06   21.0   0.0    25    83   182   241   160   254 0.82 Chitin synthase
GT2_Chitin_synth_2   PF03142.14   527 FUN_008211-T1        -            648   7.5e-38  125.8   6.8   2   2   8.2e-35   5.8e-32  106.4   2.4   154   503   283   636   275   643 0.75 Chitin synthase
CBM21                -            107 FUN_008242-T1        -            656   1.6e-32  107.6   0.7   1   1   3.7e-35   2.6e-32  106.9   0.7     2   107   322   430   321   430 0.97 -
GH18                 -            296 FUN_008259-T1        -            605   1.8e-34  115.3   0.0   1   1   4.1e-37   2.9e-34  114.6   0.0     5   158   417   604   414   605 0.83 -
GH75                 -            220 FUN_008261-T1        -            265     2e-76  252.0   1.2   1   2   7.6e-79   5.3e-76  250.6   0.6     9   219    13   227     4   228 0.95 -
GH75                 -            220 FUN_008261-T1        -            265     2e-76  252.0   1.2   2   2     0.037        26   -0.2   0.0    66    87   241   263   235   265 0.75 -
GH30_7               -            443 FUN_008271-T1        -            438  6.7e-151  498.3   7.3   1   2   9.1e-98   6.4e-96  317.2   0.2     3   248    28   269    26   272 0.98 -
GH30_7               -            443 FUN_008271-T1        -            438  6.7e-151  498.3   7.3   2   2   1.1e-57   7.7e-56  185.1   2.2   276   443   271   436   267   436 0.98 -
GH30                 -            417 FUN_008271-T1        -            438   1.1e-76  253.9   0.4   1   1   8.1e-78   5.6e-76  251.6   0.4     9   415    22   436    16   438 0.87 -
GH30_3               -            417 FUN_008271-T1        -            438   1.7e-41  137.8   0.0   1   2   1.2e-33   8.1e-32  105.9   0.0     4   220    27   248    24   272 0.83 -
GH30_3               -            417 FUN_008271-T1        -            438   1.7e-41  137.8   0.0   2   2   1.5e-10     1e-08   29.8   0.1   305   391   296   407   275   437 0.70 -
GH30_1               -            416 FUN_008271-T1        -            438   5.2e-33  109.7   0.0   1   2   1.1e-27   7.5e-26   86.1   0.0     3   212    28   244    26   271 0.85 -
GH30_1               -            416 FUN_008271-T1        -            438   5.2e-33  109.7   0.0   2   2   4.9e-08   3.4e-06   21.4   0.0   320   400   313   393   275   411 0.85 -
GH30_6               -            450 FUN_008271-T1        -            438   2.3e-30  101.3   2.9   1   3      0.28        20   -0.7   0.0     2    55    30    89    29    95 0.72 -
GH30_6               -            450 FUN_008271-T1        -            438   2.3e-30  101.3   2.9   2   3   6.5e-12   4.6e-10   34.4   0.0   105   208   124   235   113   246 0.75 -
GH30_6               -            450 FUN_008271-T1        -            438   2.3e-30  101.3   2.9   3   3     2e-21   1.4e-19   65.7   0.5   291   445   279   430   268   435 0.87 -
GH30_8               -            342 FUN_008271-T1        -            438     9e-30   99.4   1.8   1   2   1.8e-15   1.3e-13   46.3   0.1     2   157    29   224    28   233 0.77 -
GH30_8               -            342 FUN_008271-T1        -            438     9e-30   99.4   1.8   2   2     2e-17   1.4e-15   52.7   0.3   236   339   277   393   228   396 0.81 -
GH30_4               -            484 FUN_008271-T1        -            438     2e-27   91.7   3.7   1   2   2.9e-10     2e-08   29.0   0.0     2   185    29   205    28   256 0.78 -
GH30_4               -            484 FUN_008271-T1        -            438     2e-27   91.7   3.7   2   2   1.3e-19   9.2e-18   59.8   1.4   324   483   284   435   275   436 0.87 -
GH30_2               -            417 FUN_008271-T1        -            438     1e-22   75.9   0.1   1   2   1.5e-19     1e-17   59.4   0.0     2   221    30   240    29   266 0.83 -
GH30_2               -            417 FUN_008271-T1        -            438     1e-22   75.9   0.1   2   2   8.3e-06   0.00058   14.1   0.1   296   414   296   409   279   435 0.83 -
GH30_5               -            456 FUN_008271-T1        -            438     8e-18   60.1   0.5   1   2     5e-08   3.5e-06   21.7   0.0     1   240    30   256    30   264 0.77 -
GH30_5               -            456 FUN_008271-T1        -            438     8e-18   60.1   0.5   2   2   6.7e-12   4.7e-10   34.5   0.2   262   456   251   435   247   435 0.83 -
GH30_9               -            442 FUN_008271-T1        -            438   2.6e-16   54.5   0.1   1   3   0.00035     0.025    8.4   0.0     5    66    29    92    25    98 0.85 -
GH30_9               -            442 FUN_008271-T1        -            438   2.6e-16   54.5   0.1   2   3   7.7e-15   5.4e-13   43.6   0.0   116   240   126   246   120   266 0.85 -
GH30_9               -            442 FUN_008271-T1        -            438   2.6e-16   54.5   0.1   3   3       1.2        81   -3.2   0.0   375   425   348   393   313   398 0.61 -
GH7                  -            415 FUN_008275-T1        -            514  2.2e-185  611.6  19.1   1   1  7.8e-188  2.7e-185  611.3  19.1     2   414    20   447    19   448 0.98 -
CBM1                 -             29 FUN_008275-T1        -            514   9.4e-16   53.0   8.1   1   4     0.016       5.6    2.6   1.9    15    25    35    45    33    46 0.89 -
CBM1                 -             29 FUN_008275-T1        -            514   9.4e-16   53.0   8.1   2   4      0.92   3.2e+02   -3.1   1.8     7    22    70    84    64    87 0.57 -
CBM1                 -             29 FUN_008275-T1        -            514   9.4e-16   53.0   8.1   3   4      0.98   3.4e+02   -3.1   0.1    19    28   224   233   223   233 0.71 -
CBM1                 -             29 FUN_008275-T1        -            514   9.4e-16   53.0   8.1   4   4   2.7e-18   9.4e-16   53.0   8.1     1    29   482   510   482   510 0.99 -
GH92                 -            491 FUN_008288-T1        -            674  1.6e-148  491.0   0.0   1   1  2.8e-151    2e-148  490.7   0.0     2   491   158   659   157   659 0.95 -
GH20                 -            337 FUN_008296-T1        -            603   7.5e-86  283.9   0.0   1   1   1.5e-88     1e-85  283.5   0.0     8   336   207   550   200   551 0.92 -
GH3                  -            216 FUN_008298-T1        -            533   2.3e-58  192.7   0.0   1   1   5.5e-61   3.9e-58  192.0   0.0     8   215    69   291    62   292 0.94 -
AA3_3                -            590 FUN_008305-T1        -            616  2.1e-265  877.1   0.0   1   1  1.3e-267  2.3e-265  876.9   0.0     1   590     8   613     8   613 0.99 -
AA3_2                -            568 FUN_008305-T1        -            616  1.2e-126  419.1   0.0   1   1  8.2e-129  1.4e-126  418.8   0.0     2   567     9   610     8   611 0.85 -
AA3                  -            618 FUN_008305-T1        -            616   1.5e-82  273.3   0.0   1   1     1e-84   1.7e-82  273.1   0.0    85   401     5   612     1   614 0.88 -
AA3_1                -            548 FUN_008305-T1        -            616   1.5e-42  141.3   0.0   1   2   2.4e-33   4.1e-31  103.5   0.0    10   287     3   302     1   321 0.80 -
AA3_1                -            548 FUN_008305-T1        -            616   1.5e-42  141.3   0.0   2   2   1.4e-12   2.4e-10   35.0   0.0   475   546   541   609   509   611 0.82 -
CE4                  -            130 FUN_008307-T1        -            495   1.2e-33  111.5   0.0   1   1     3e-36   2.1e-33  110.7   0.0     8   125   144   271   139   275 0.93 -
AA7                  -            458 FUN_008371-T1        -            485   2.4e-59  197.6   1.8   1   1   3.4e-59   2.4e-56  187.7   1.8    12   454    56   474    49   476 0.70 -
GH92                 -            491 FUN_008376-T1        -            821  7.5e-167  551.5   0.0   1   1  1.3e-169  9.2e-167  551.1   0.0     4   490   267   802   265   803 0.97 -
GH95                 -            722 FUN_008395-T1        -            385     2e-93  309.4   1.8   1   1   3.4e-96   2.4e-93  309.2   1.8   364   705     2   369     1   382 0.92 -
GH95                 -            722 FUN_008396-T1        -            400   1.1e-81  270.6   0.0   1   1   1.8e-84   1.2e-81  270.4   0.0     6   355    19   400    14   400 0.89 -
GH18                 -            296 FUN_008419-T1        -            401   2.3e-23   78.8   3.3   1   1   4.7e-25   3.3e-22   75.0   3.3     5   290    34   322    32   328 0.71 -
GH64                 -            367 FUN_008425-T1        -            449     1e-91  303.4   0.0   1   1   1.7e-94   1.2e-91  303.1   0.0     3   367    72   445    70   445 0.92 -
GT32                 -             90 FUN_008520-T1        -            373   1.2e-18   62.8   0.0   1   1   4.3e-21     3e-18   61.5   0.0     5    88   107   188   104   190 0.90 -
GT8                  -            257 FUN_008523-T1        -            378     2e-21   72.2   0.1   1   1   3.9e-24   2.7e-21   71.8   0.1    26   256    66   317    42   318 0.81 -
AA1_3                -            312 FUN_008546-T1        -            563    8e-123  405.0   0.0   1   2  4.6e-125    8e-123  405.0   0.0     1   309    36   353    36   357 0.96 -
AA1_3                -            312 FUN_008546-T1        -            563    8e-123  405.0   0.0   2   2      0.34        59   -1.9   1.6    68    78   450   460   413   527 0.52 -
AA1                  -            358 FUN_008546-T1        -            563  2.7e-115  381.1   0.0   1   1    2e-117  3.5e-115  380.8   0.0     7   357    65   520    55   521 0.82 -
AA1_2                -            337 FUN_008546-T1        -            563   1.2e-71  236.9   0.0   1   2   5.3e-72   9.2e-70  230.7   0.0     2   328    67   412    66   421 0.86 -
AA1_2                -            337 FUN_008546-T1        -            563   1.2e-71  236.9   0.0   2   2    0.0048      0.83    4.0   0.4    21   101   434   525   418   534 0.68 -
AA1_1                -            303 FUN_008546-T1        -            563   5.8e-65  214.8   0.0   1   1   5.1e-67     9e-65  214.1   0.0     1   279    60   347    60   366 0.87 -
GH16_4               -            316 FUN_008598-T1        -            483  3.4e-112  370.0   5.8   1   2       1.5   2.1e+02   -3.8   0.0   269   282    87   105    83   110 0.62 -
GH16_4               -            316 FUN_008598-T1        -            483  3.4e-112  370.0   5.8   2   2  2.5e-114  3.4e-112  370.0   5.8     2   313   151   471   150   473 0.95 -
GH16_3               -            230 FUN_008598-T1        -            483   1.4e-47  157.9   1.2   1   1   2.5e-49   3.4e-47  156.6   1.2     4   209   151   428   149   442 0.84 -
GH16                 -            189 FUN_008598-T1        -            483   2.3e-37  124.8   8.2   1   1   2.6e-39   3.6e-37  124.1   8.2     4   176   150   439   148   471 0.81 -
GH16_5               -            238 FUN_008598-T1        -            483   3.4e-24   80.7   0.2   1   2   8.7e-23   1.2e-20   69.0   0.5    55   204   186   381   162   382 0.76 -
GH16_5               -            238 FUN_008598-T1        -            483   3.4e-24   80.7   0.2   2   2   0.00023     0.032    8.7   0.0   197   215   408   426   399   438 0.78 -
GH16_6               -            274 FUN_008598-T1        -            483   3.9e-19   64.4   1.7   1   1   3.7e-19   5.2e-17   57.4   1.7    73   252   245   426   148   435 0.76 -
GT2_Glyco_trans_2_3  PF13632.5    197 FUN_008599-T1        -            894   2.9e-53  176.1   2.8   1   2   4.2e-56   2.9e-53  176.1   2.8     1   186   511   719   511   729 0.82 Glycosyl transferase family group 2
GT2_Glyco_trans_2_3  PF13632.5    197 FUN_008599-T1        -            894   2.9e-53  176.1   2.8   2   2      0.16   1.1e+02   -2.0   0.5   152   194   774   790   726   852 0.58 Glycosyl transferase family group 2
GH47                 -            446 FUN_008614-T1        -            549  2.8e-151  499.9   0.0   1   1  4.5e-154  3.2e-151  499.7   0.0     2   445    72   546    71   547 0.94 -
GH92                 -            491 FUN_008650-T1        -            794  2.3e-158  523.5   0.0   1   1    4e-161  2.8e-158  523.2   0.0     5   490   266   774   263   775 0.96 -
GH16_18              -            158 FUN_008652-T1        -            401   2.1e-67  220.9   0.8   1   1     2e-69   3.4e-67  220.3   0.8     2   158    70   227    69   227 0.98 -
GH16_19              -            174 FUN_008652-T1        -            401   1.1e-43  144.1   0.6   1   1   9.9e-46   1.7e-43  143.4   0.6     9   174    68   230    60   230 0.92 -
GH16                 -            189 FUN_008652-T1        -            401     6e-23   77.8   0.3   1   2   3.4e-25     6e-23   77.8   0.3    52   176    81   223    41   249 0.80 -
GH16                 -            189 FUN_008652-T1        -            401     6e-23   77.8   0.3   2   2       1.3   2.4e+02   -2.4   0.2   112   115   305   308   256   350 0.53 -
GH16_21              -            206 FUN_008652-T1        -            401   3.4e-19   64.5   0.1   1   1   3.3e-21   5.7e-19   63.8   0.1    56   186    83   216    42   231 0.84 -
GH47                 -            446 FUN_008680-T1        -            564    3e-158  522.9   0.0   1   1  4.9e-161  3.4e-158  522.7   0.0     1   446    98   558    98   558 0.96 -
AA12                 -            401 FUN_008681-T1        -            512  4.8e-165  544.4   0.0   1   1  7.9e-168  5.5e-165  544.2   0.0     8   401    34   427    26   427 0.96 -
GH15                 -            361 FUN_008686-T1        -            624   4.4e-77  255.1   0.0   1   2      0.26   1.8e+02   -3.6   0.0   191   210   122   141   113   153 0.78 -
GH15                 -            361 FUN_008686-T1        -            624   4.4e-77  255.1   0.0   2   2   1.1e-79   7.5e-77  254.3   0.0     2   360   233   610   232   611 0.88 -
GT76                 -            407 FUN_008741-T1        -            436  5.2e-112  370.2  11.3   1   1  8.4e-115  5.9e-112  370.0  11.3     3   407    17   436    15   436 0.96 -
GH47                 -            446 FUN_008744-T1        -            523  4.2e-132  436.7   0.0   1   1  6.9e-135  4.8e-132  436.5   0.0     1   445    42   511    42   512 0.94 -
GH18                 -            296 FUN_008758-T1        -            376   3.1e-52  173.6   4.0   1   1   5.5e-55   3.9e-52  173.3   4.0     4   284    21   357    18   367 0.83 -
GH18                 -            296 FUN_008767-T1        -            438     3e-71  236.0   1.7   1   1   5.3e-74   3.7e-71  235.7   1.7     2   287    44   404    43   412 0.85 -
GT2_Glyco_trans_2_3  PF13632.5    197 FUN_008810-T1        -            637   4.4e-20   67.8   0.5   1   2       0.7   4.9e+02   -4.1   0.9   160   174    47    62    37    76 0.48 Glycosyl transferase family group 2
GT2_Glyco_trans_2_3  PF13632.5    197 FUN_008810-T1        -            637   4.4e-20   67.8   0.5   2   2   6.3e-23   4.4e-20   67.8   0.5     1   182   250   514   250   540 0.79 Glycosyl transferase family group 2
AA4                  -            522 FUN_008909-T1        -            522   8.6e-24   79.4   0.0   1   1   5.1e-26   1.8e-23   78.4   0.0    10   238    89   308    81   321 0.82 -
AA7                  -            458 FUN_008909-T1        -            522   1.4e-19   66.5   0.0   1   1   1.1e-21   3.9e-19   65.0   0.0     8   200   126   324   119   341 0.87 -
GH74                 -            233 FUN_008911-T1        -           1508   1.4e-28   95.2  16.4   1   7   1.4e-12     1e-09   33.6   0.0    36   111    51   121    29   149 0.86 -
GH74                 -            233 FUN_008911-T1        -           1508   1.4e-28   95.2  16.4   2   7   1.6e-08   1.1e-05   20.3   0.1    42   118   381   470   261   477 0.78 -
GH74                 -            233 FUN_008911-T1        -           1508   1.4e-28   95.2  16.4   3   7    0.0016       1.1    4.0   0.0    38    70   481   517   472   543 0.68 -
GH74                 -            233 FUN_008911-T1        -           1508   1.4e-28   95.2  16.4   4   7   0.00012     0.083    7.7   0.0    93   116   734   764   682   784 0.62 -
GH74                 -            233 FUN_008911-T1        -           1508   1.4e-28   95.2  16.4   5   7   6.1e-06    0.0043   11.9   0.0    44   116   781   860   774   889 0.76 -
GH74                 -            233 FUN_008911-T1        -           1508   1.4e-28   95.2  16.4   6   7   2.3e-05     0.016   10.0   3.5    31   114  1026  1141   983  1152 0.77 -
GH74                 -            233 FUN_008911-T1        -           1508   1.4e-28   95.2  16.4   7   7   4.6e-07   0.00032   15.6   6.8    38   112  1113  1185  1085  1204 0.75 -
GH47                 -            446 FUN_008914-T1        -            699    6e-167  551.5   0.1   1   1    1e-169  7.1e-167  551.3   0.1     1   446   173   666   173   666 0.95 -
GT39                 -            223 FUN_008919-T1        -            773   3.9e-70  231.3  18.0   1   3   5.6e-73   3.9e-70  231.3  18.0     2   223    61   305    60   305 0.97 -
GT39                 -            223 FUN_008919-T1        -            773   3.9e-70  231.3  18.0   2   3     0.043        30   -0.5   0.0   120   159   572   616   555   623 0.67 -
GT39                 -            223 FUN_008919-T1        -            773   3.9e-70  231.3  18.0   3   3      0.04        28   -0.4   0.1   146   179   708   741   633   762 0.59 -
GT69                 -            239 FUN_008920-T1        -            415   1.7e-85  281.8   0.0   1   1   3.3e-88   2.3e-85  281.4   0.0     1   238    63   318    63   319 0.97 -
GH5_7                -            289 FUN_008966-T1        -            436   1.4e-85  282.4   0.9   1   2     1e-87   1.4e-85  282.4   0.9     2   289    62   334    61   334 0.91 -
GH5_7                -            289 FUN_008966-T1        -            436   1.4e-85  282.4   0.9   2   2       1.3   1.9e+02   -3.6   0.0    92   113   348   369   339   370 0.74 -
GH5_30               -            436 FUN_008966-T1        -            436   4.2e-59  196.0  12.7   1   3   7.1e-33   9.9e-31  102.5   0.3     5    99    46   141    42   142 0.95 -
GH5_30               -            436 FUN_008966-T1        -            436   4.2e-59  196.0  12.7   2   3   2.6e-28   3.6e-26   87.5   1.5   131   231   142   233   141   245 0.95 -
GH5_30               -            436 FUN_008966-T1        -            436   4.2e-59  196.0  12.7   3   3   6.3e-06   0.00088   13.7   0.2   321   409   244   319   234   352 0.81 -
GH5                  -            275 FUN_008966-T1        -            436   8.7e-34  112.7   8.2   1   1   8.4e-36   1.2e-33  112.3   8.2    12   239    47   342    34   369 0.69 -
GH5_41               -            256 FUN_008966-T1        -            436     2e-24   81.7   0.0   1   1   2.2e-26   3.1e-24   81.1   0.0     5   171    68   244    65   341 0.74 -
GH5_19               -            273 FUN_008966-T1        -            436   6.7e-17   57.1   0.2   1   1   7.8e-18   1.1e-15   53.1   0.2    98   246   158   314    48   336 0.75 -
GH18                 -            296 FUN_008992-T1        -           1125   4.2e-54  179.7   2.1   1   1     1e-56     7e-54  179.0   2.1     5   278   365   719   362   734 0.82 -
GH27                 -            229 FUN_009008-T1        -            404   2.9e-58  192.5   2.5   1   2      0.11        40   -0.9   0.0    18    31    43    56    30    95 0.79 -
GH27                 -            229 FUN_009008-T1        -            404   2.9e-58  192.5   2.5   2   2   8.4e-61   2.9e-58  192.5   2.5     2   228   105   377    92   378 0.89 -
GH36                 -            688 FUN_009008-T1        -            404   9.5e-17   56.1   0.4   1   2   5.8e-19     2e-16   55.1   0.1   309   388    12    93     3    95 0.92 -
GH36                 -            688 FUN_009008-T1        -            404   9.5e-17   56.1   0.4   2   2      0.18        63   -2.8   0.0   561   597   255   291   249   296 0.74 -
GT22                 -            389 FUN_009033-T1        -            659     3e-92  305.2  33.6   1   1   5.1e-95   3.6e-92  304.9  33.6     2   389    59   509    58   509 0.91 -
GT20                 -            475 FUN_009071-T1        -            905    6e-159  524.9   0.2   1   1  1.3e-161  9.4e-159  524.3   0.2    32   475   156   613   132   613 0.93 -
GH13_25              -            434 FUN_009120-T1        -           1557  2.2e-210  694.1   0.0   1   2   4.6e-09   1.6e-06   22.4   0.0   169   218   240   285   222   305 0.89 -
GH13_25              -            434 FUN_009120-T1        -           1557  2.2e-210  694.1   0.0   2   2  1.9e-205  6.6e-203  669.5   0.0     2   434  1091  1542  1090  1542 0.99 -
GH133                -            372 FUN_009120-T1        -           1557  9.8e-157  517.0   0.0   1   1  4.2e-159  1.5e-156  516.4   0.0     5   371  1083  1542  1079  1543 0.97 -
CE9                  -            373 FUN_009153-T1        -            470   9.5e-16   52.7   0.6   1   2   2.5e-09   1.7e-06   22.2   0.1     1    57    49   101    49   119 0.93 -
CE9                  -            373 FUN_009153-T1        -            470   9.5e-16   52.7   0.6   2   2   3.1e-11   2.2e-08   28.5   0.0   308   363   331   384   330   401 0.92 -
GH92                 -            491 FUN_009155-T1        -            853  1.6e-155  514.0   2.5   1   1  2.9e-158    2e-155  513.7   2.5     3   491   338   844   336   844 0.95 -
GT59                 -            404 FUN_009164-T1        -            695  1.9e-136  450.9   3.8   1   1  9.3e-139  6.5e-136  449.2   3.8     2   404    68   612    67   612 0.95 -
GT15                 -            273 FUN_009221-T1        -            406  5.6e-126  415.0   9.4   1   1  9.8e-129  6.9e-126  414.7   9.4     1   272    83   353    83   354 0.99 -
GT58                 -            364 FUN_009229-T1        -            420  2.9e-144  476.4  18.1   1   1    5e-147  3.5e-144  476.1  18.1     4   364    26   389    23   389 0.97 -
GH55                 -            740 FUN_009248-T1        -            767  6.8e-202  668.0   9.6   1   1  1.1e-204    8e-202  667.8   9.6     5   732    24   751    20   761 0.92 -
GT64                 -            248 FUN_009255-T1        -            354   8.1e-53  174.4   0.0   1   1   1.4e-55     1e-52  174.1   0.0     1   244    91   336    91   339 0.92 -
GT32                 -             90 FUN_009256-T1        -            359   6.3e-20   66.9   0.0   1   1   1.6e-22   1.1e-19   66.1   0.0     3    84    89   165    87   169 0.93 -
GH5_5                -            282 FUN_009288-T1        -            471     5e-95  313.3   1.7   1   1   5.8e-97   6.8e-95  312.9   1.7    30   281    68   324    54   325 0.96 -
GH5                  -            275 FUN_009288-T1        -            471   7.5e-34  112.9   2.0   1   1   9.1e-36   1.1e-33  112.4   2.0    37   238    69   324    31   332 0.77 -
GH5_4                -            276 FUN_009288-T1        -            471   1.2e-22   76.3   0.0   1   1   1.7e-24   1.9e-22   75.6   0.0    13   260    69   304    63   318 0.80 -
GH5_25               -            262 FUN_009288-T1        -            471   5.9e-20   66.9   0.0   1   1   1.8e-20     2e-18   61.8   0.0    15   172    74   244    69   315 0.76 -
GH5_39               -            293 FUN_009288-T1        -            471   5.7e-19   64.0   0.0   1   2   9.4e-19   1.1e-16   56.5   0.0    16   152    75   211    68   246 0.84 -
GH5_39               -            293 FUN_009288-T1        -            471   5.7e-19   64.0   0.0   2   2    0.0038      0.45    5.3   0.0   226   260   252   286   245   316 0.82 -
GH5_8                -            253 FUN_009288-T1        -            471   2.1e-16   55.6   0.3   1   1   2.8e-18   3.2e-16   55.0   0.3    46   243    97   315    72   321 0.69 -
GH79                 -            455 FUN_009291-T1        -            414   5.6e-27   90.1   0.5   1   1   1.1e-29   7.8e-27   89.6   0.5    48   389     5   341     4   392 0.76 -
GH105                -            332 FUN_009294-T1        -            372  5.2e-107  353.3   1.9   1   1  1.2e-109  8.5e-107  352.6   1.9     8   331    47   368    31   369 0.95 -
GH6                  -            294 FUN_009295-T1        -            328   2.1e-92  305.3   0.8   1   1   3.7e-95   2.6e-92  305.0   0.8    20   290     2   287     1   293 0.96 -
#
# Program:         hmmscan
# Version:         3.4 (Aug 2023)
# Pipeline mode:   SCAN
# Query file:      /home/zack/Desktop/IsariaPreferralGenome/MyGenomeSubmittedToNCBI/HypocrealesProteinSets/GENOMES/TrichodermaReesei_QM6a/FunannotatePredict/annotate_misc/split_prots/chunk_4.fa
# Target file:     /home/zack/funannotate_db/dbCAN.hmm
# Option settings: hmmscan --domtblout /home/zack/Desktop/IsariaPreferralGenome/MyGenomeSubmittedToNCBI/HypocrealesProteinSets/GENOMES/TrichodermaReesei_QM6a/FunannotatePredict/annotate_misc/split_prots/chunk_4.dbcan.txt -E 1e-15 --cpu 1 /home/zack/funannotate_db/dbCAN.hmm /home/zack/Desktop/IsariaPreferralGenome/MyGenomeSubmittedToNCBI/HypocrealesProteinSets/GENOMES/TrichodermaReesei_QM6a/FunannotatePredict/annotate_misc/split_prots/chunk_4.fa 
# Current dir:     /home/zack
# Date:            Mon Mar  4 00:50:28 2024
# [ok]
