#                                                                            --- full sequence --- -------------- this domain -------------   hmm coord   ali coord   env coord
# target name        accession   tlen query name           accession   qlen   E-value  score  bias   #  of  c-Evalue  i-Evalue  score  bias  from    to  from    to  from    to  acc description of target
#------------------- ---------- ----- -------------------- ---------- ----- --------- ------ ----- --- --- --------- --------- ------ ----- ----- ----- ----- ----- ----- ----- ---- ---------------------
GH18                 -            296 FUN_002340-T1        -            338     2e-52  174.2   0.0   1   1   3.5e-55   2.4e-52  173.9   0.0     3   270    19   328    17   332 0.84 -
GH76                 -            358 FUN_002356-T1        -            613   2.3e-56  187.0   0.0   1   1   6.4e-59   4.5e-56  186.1   0.0    19   329    64   488    53   514 0.84 -
GH2                  -            752 FUN_002371-T1        -            854   1.3e-91  303.6   4.5   1   1   2.2e-94   1.5e-91  303.4   4.5    27   587     4   773     1   845 0.73 -
GT24                 -            248 FUN_002428-T1        -           1486  2.1e-135  445.1   0.7   1   1  4.8e-138  3.3e-135  444.5   0.7     1   248  1171  1418  1171  1418 1.00 -
GT48                 -            739 FUN_002429-T1        -           1938         0 1085.5   5.5   1   2         0         0 1081.4   0.0     1   733   852  1631   852  1645 0.98 -
GT48                 -            739 FUN_002429-T1        -           1938         0 1085.5   5.5   2   2    0.0072         5    0.5   6.8   481   626  1686  1828  1650  1847 0.80 -
GT25                 -            181 FUN_002431-T1        -            393   8.5e-26   86.4   0.0   1   1   1.8e-28   1.3e-25   85.8   0.0     2   168    83   293    82   306 0.92 -
AA3_2                -            568 FUN_002538-T1        -            598  5.3e-172  568.8   0.0   1   1  3.4e-174    6e-172  568.6   0.0     1   568    12   593    12   593 0.94 -
AA3                  -            618 FUN_002538-T1        -            598   2.4e-88  292.5   0.0   1   1   1.6e-90   2.9e-88  292.2   0.0    86   404    10   597     5   598 0.86 -
AA3_3                -            590 FUN_002538-T1        -            598   4.1e-76  252.0   0.0   1   2   3.1e-58   5.3e-56  185.5   0.0     3   461    14   490    12   510 0.79 -
AA3_3                -            590 FUN_002538-T1        -            598   4.1e-76  252.0   0.0   2   2   6.3e-21   1.1e-18   62.3   0.3   509   588   512   593   508   595 0.96 -
AA3_1                -            548 FUN_002538-T1        -            598   2.8e-42  140.4   0.4   1   3   2.7e-17   4.7e-15   50.5   0.0    13   147    10   143     3   160 0.79 -
AA3_1                -            548 FUN_002538-T1        -            598   2.8e-42  140.4   0.4   2   3   7.4e-14   1.3e-11   39.2   0.0   213   357   225   361   217   395 0.86 -
AA3_1                -            548 FUN_002538-T1        -            598   2.8e-42  140.4   0.4   3   3   2.7e-16   4.7e-14   47.2   0.0   477   546   523   592   484   594 0.87 -
GT41                 -            705 FUN_002566-T1        -           1420   7.1e-34  112.7  20.0   1   7   2.5e-11   1.8e-08   28.8   0.8    90   192     9   182     1   254 0.65 -
GT41                 -            705 FUN_002566-T1        -           1420   7.1e-34  112.7  20.0   2   7   3.2e-08   2.2e-05   18.6   0.1    90   191   380   486   357   542 0.74 -
GT41                 -            705 FUN_002566-T1        -           1420   7.1e-34  112.7  20.0   3   7   0.00012     0.087    6.7   0.1    91   189   549   638   489   646 0.64 -
GT41                 -            705 FUN_002566-T1        -           1420   7.1e-34  112.7  20.0   4   7   1.8e-08   1.2e-05   19.4   0.0    59   219   664   919   649   926 0.58 -
GT41                 -            705 FUN_002566-T1        -           1420   7.1e-34  112.7  20.0   5   7   2.9e-10     2e-07   25.3   0.0    67   202   937  1053   926  1086 0.81 -
GT41                 -            705 FUN_002566-T1        -           1420   7.1e-34  112.7  20.0   6   7   5.3e-08   3.7e-05   17.8   3.5    63   262  1127  1338  1076  1341 0.62 -
GT41                 -            705 FUN_002566-T1        -           1420   7.1e-34  112.7  20.0   7   7   0.00041      0.29    5.0   0.1    61   182  1243  1363  1225  1386 0.78 -
GH5_12               -            539 FUN_002568-T1        -            770  1.5e-223  738.6   1.1   1   1  1.6e-225  1.8e-223  738.3   1.1     1   539    15   548    15   548 0.99 -
GH5                  -            275 FUN_002568-T1        -            770   3.2e-31  104.3   0.2   1   1   2.9e-32   3.4e-30  100.9   0.2     4   238    15   549    12   565 0.75 -
GH5_28               -            336 FUN_002568-T1        -            770   2.8e-26   87.5   0.1   1   4    0.0017       0.2    5.8   0.0     2    23    15    36    14    48 0.87 -
GH5_28               -            336 FUN_002568-T1        -            770   2.8e-26   87.5   0.1   2   4   3.1e-18   3.6e-16   54.3   0.0    38   114    73   149    61   164 0.92 -
GH5_28               -            336 FUN_002568-T1        -            770   2.8e-26   87.5   0.1   3   4   1.1e-05    0.0013   12.9   0.0   145   185   211   256   204   292 0.85 -
GH5_28               -            336 FUN_002568-T1        -            770   2.8e-26   87.5   0.1   4   4   0.00017      0.02    9.1   0.0   176   302   362   506   340   530 0.74 -
GH5_43               -            371 FUN_002568-T1        -            770     2e-18   61.8   0.9   1   2   2.2e-18   2.6e-16   54.9   0.4     1   207    15   253    15   264 0.69 -
GH5_43               -            371 FUN_002568-T1        -            770     2e-18   61.8   0.9   2   2      0.28        33   -1.4   0.0   271   285   420   434   412   448 0.77 -
GH5_27               -            324 FUN_002568-T1        -            770   2.2e-18   62.0   0.3   1   1   6.5e-20   7.5e-18   60.2   0.3     1   193    48   253    48   266 0.77 -
GH5_29               -            342 FUN_002568-T1        -            770   9.6e-17   56.2   0.1   1   3   1.1e-15   1.3e-13   46.0   0.0     2   101    14   132    13   159 0.78 -
GH5_29               -            342 FUN_002568-T1        -            770   9.6e-17   56.2   0.1   2   3    0.0024      0.28    5.4   0.0   159   196   211   253   184   261 0.80 -
GH5_29               -            342 FUN_002568-T1        -            770   9.6e-17   56.2   0.1   3   3      0.33        38   -1.6   0.0   250   264   417   431   362   440 0.81 -
GH1                  -            429 FUN_002585-T1        -            484  5.2e-160  528.2   0.0   1   1  9.4e-163  6.5e-160  527.9   0.0     4   427     6   477     4   479 0.93 -
AA7                  -            458 FUN_002618-T1        -            571   9.3e-50  166.0  14.3   1   2   5.9e-47   4.2e-44  147.3  13.5    19   204   129   325   120   347 0.88 -
AA7                  -            458 FUN_002618-T1        -            571   9.3e-50  166.0  14.3   2   2   1.6e-07   0.00011   17.4   0.0   392   453   486   548   451   553 0.79 -
GT1                  -            382 FUN_002621-T1        -            512   5.8e-19   64.7   3.6   1   1   8.2e-22   5.8e-19   64.7   3.6   229   382   321   509   206   509 0.87 -
GT109                -            411 FUN_002628-T1        -            276   3.3e-59  196.4   2.6   1   1   5.5e-62   3.9e-59  196.2   2.6     6   232    14   252     1   258 0.90 -
GH92                 -            491 FUN_002632-T1        -            810  5.7e-156  515.6   0.1   1   1  3.1e-158  2.2e-155  513.6   0.1     4   490   262   762   260   763 0.97 -
GH43_11              -            292 FUN_002639-T1        -            553  6.6e-148  487.1   0.0   1   2  2.9e-148  9.1e-147  483.4   0.0     1   292     4   295     4   295 1.00 -
GH43_11              -            292 FUN_002639-T1        -            553  6.6e-148  487.1   0.0   2   2       0.2       6.3    1.4   0.0   192   207   465   480   453   486 0.85 -
GH43_12              -            281 FUN_002639-T1        -            553   4.3e-93  307.3   0.2   1   2   7.7e-94   2.4e-92  304.8   0.0     1   280     5   294     5   303 0.96 -
GH43_12              -            281 FUN_002639-T1        -            553   4.3e-93  307.3   0.2   2   2      0.67        21   -0.1   0.0   183   196   467   480   463   486 0.83 -
GH43_13              -            304 FUN_002639-T1        -            553   1.3e-80  266.7   1.1   1   2   1.2e-80   3.7e-79  262.0   0.1     1   303     4   294     4   295 0.91 -
GH43_13              -            304 FUN_002639-T1        -            553   1.3e-80  266.7   1.1   2   2     0.092       2.9    2.9   0.1   204   220   465   481   456   488 0.84 -
GH43_14              -            291 FUN_002639-T1        -            553   3.2e-78  258.7   0.2   1   2   1.8e-78   5.7e-77  254.6   0.0     2   290     5   294     4   295 0.94 -
GH43_14              -            291 FUN_002639-T1        -            553   3.2e-78  258.7   0.2   2   2       0.2       6.2    1.7   0.0   193   207   466   480   462   486 0.82 -
GH43                 -            248 FUN_002639-T1        -            553   7.9e-64  211.4   0.9   1   2   1.2e-64   3.8e-63  209.2   0.8     1   247     4   295     4   296 0.83 -
GH43                 -            248 FUN_002639-T1        -            553   7.9e-64  211.4   0.9   2   2      0.93        30   -0.1   0.0   152   188   399   437   349   511 0.66 -
GH43_10              -            271 FUN_002639-T1        -            553   2.4e-52  173.8   0.0   1   2   3.3e-53   1.1e-51  171.7   0.0     1   270     5   294     5   294 0.87 -
GH43_10              -            271 FUN_002639-T1        -            553   2.4e-52  173.8   0.0   2   2       1.2        37   -0.7   0.0   161   210   382   429   357   454 0.76 -
GH43_9               -            272 FUN_002639-T1        -            553     9e-50  164.9   0.0   1   2   7.2e-51   2.3e-49  163.6   0.0     1   272     5   295     5   295 0.85 -
GH43_9               -            272 FUN_002639-T1        -            553     9e-50  164.9   0.0   2   2       7.5   2.4e+02   -3.7   0.0   173   186   464   477   451   479 0.80 -
CBM91                -            200 FUN_002639-T1        -            553   2.2e-47  156.6   0.1   1   1   1.2e-48   3.9e-47  155.8   0.1     3   198   321   535   319   537 0.88 -
GH43_8               -            281 FUN_002639-T1        -            553   8.8e-35  115.8   0.0   1   1   4.4e-36   1.4e-34  115.1   0.0     1   280     6   294     6   295 0.82 -
GH43_34              -            280 FUN_002639-T1        -            553   1.2e-32  109.0   0.0   1   2   1.7e-33   5.6e-32  106.8   0.0     1   278     6   292     6   294 0.79 -
GH43_34              -            280 FUN_002639-T1        -            553   1.2e-32  109.0   0.0   2   2      0.93        30   -0.6   0.0   158   220   375   440   349   457 0.75 -
GH43_15              -            274 FUN_002639-T1        -            553   1.8e-29   98.4   0.1   1   1   9.2e-31   2.9e-29   97.7   0.1     3   271     6   289     4   292 0.76 -
GH43_3               -            299 FUN_002639-T1        -            553   1.7e-28   95.0   0.1   1   1   9.1e-30   2.9e-28   94.3   0.1     2   298     5   294     4   295 0.82 -
GH43_36              -            266 FUN_002639-T1        -            553   4.7e-25   84.1   0.0   1   1     3e-26   9.5e-25   83.1   0.0     2   265     6   294     5   295 0.76 -
GH43_30              -            265 FUN_002639-T1        -            553     2e-24   81.8   0.0   1   1     1e-25   3.3e-24   81.2   0.0     3   262    14   277    13   280 0.80 -
GH43_31              -            268 FUN_002639-T1        -            553   3.7e-22   74.3   0.0   1   1   3.4e-23   1.1e-21   72.8   0.0     4   251    14   268    12   287 0.84 -
GH43_29              -            278 FUN_002639-T1        -            553     3e-20   68.0   0.0   1   1   2.2e-21   6.9e-20   66.8   0.0     1   275     6   292     6   294 0.76 -
GH43_4               -            310 FUN_002639-T1        -            553   5.7e-20   67.4   0.3   1   2     2e-19   6.4e-18   60.7   0.2     4   239    15   237    13   295 0.79 -
GH43_4               -            310 FUN_002639-T1        -            553   5.7e-20   67.4   0.3   2   2       4.3   1.4e+02   -2.8   0.0   130   152   488   509   397   523 0.55 -
GH43_33              -            315 FUN_002639-T1        -            553     7e-18   60.1   0.2   1   2   3.2e-12     1e-10   36.5   0.1     4   133    14   141    12   150 0.83 -
GH43_33              -            315 FUN_002639-T1        -            553     7e-18   60.1   0.2   2   2   1.7e-07   5.4e-06   21.0   0.0   211   304   186   277   174   287 0.81 -
GH43_5               -            287 FUN_002639-T1        -            553   1.2e-17   59.7   0.2   1   1   3.2e-18     1e-16   56.7   0.2     3   262    15   264    13   294 0.77 -
GH43_19              -            233 FUN_002639-T1        -            553   1.5e-17   59.7   0.0   1   1   1.4e-18   4.3e-17   58.2   0.0     2   175    11   237    10   265 0.87 -
GH43_28              -            262 FUN_002639-T1        -            553   1.4e-16   56.1   1.0   1   1   4.7e-16   1.5e-14   49.5   1.0     2   234    14   261    13   278 0.75 -
GH43_16              -            311 FUN_002639-T1        -            553   1.9e-16   55.5   0.0   1   2   1.8e-17   5.6e-16   53.9   0.0     2   310     6   294     5   295 0.75 -
GH43_16              -            311 FUN_002639-T1        -            553   1.9e-16   55.5   0.0   2   2       4.7   1.5e+02   -3.3   0.0   108   150   351   385   349   387 0.70 -
GT20                 -            475 FUN_002680-T1        -            536  6.1e-204  673.2   0.0   1   1  1.1e-206  7.4e-204  673.0   0.0     8   474    10   478     3   479 0.97 -
GH16_18              -            158 FUN_002699-T1        -            424   3.6e-44  145.5   1.0   1   1   4.1e-46   7.2e-44  144.5   1.0     2   158    84   251    83   251 0.90 -
GH16_19              -            174 FUN_002699-T1        -            424   2.2e-39  130.1   1.5   1   1   1.8e-41   3.1e-39  129.6   1.5    16   172    89   252    53   254 0.85 -
GH16_21              -            206 FUN_002699-T1        -            424   8.9e-22   72.9   0.9   1   1   7.8e-24   1.4e-21   72.3   0.9    13   187    49   242    41   254 0.84 -
GH16                 -            189 FUN_002699-T1        -            424   3.1e-20   68.9   3.2   1   1   2.6e-22   4.6e-20   68.4   3.2    10   175    50   238    37   268 0.75 -
GH47                 -            446 FUN_002779-T1        -           1065  2.3e-168  556.2   0.0   1   1  4.4e-171  3.1e-168  555.8   0.0     2   446   238  1055   237  1055 0.87 -
GT69                 -            239 FUN_002892-T1        -            552   3.8e-50  166.1   0.0   1   1   7.5e-53   5.2e-50  165.6   0.0     2   233   203   451   202   457 0.96 -
GT90                 -            250 FUN_002901-T1        -            671   4.8e-73  241.2   0.4   1   2      0.32   2.2e+02   -3.3   0.0     2    17   231   246   231   255 0.84 -
GT90                 -            250 FUN_002901-T1        -            671   4.8e-73  241.2   0.4   2   2   1.2e-75   8.6e-73  240.4   0.1     3   248   358   644   356   645 0.94 -
GH18                 -            296 FUN_002915-T1        -            397   2.2e-82  272.5   4.9   1   1   3.9e-85   2.7e-82  272.3   4.9     3   286     6   358     4   367 0.91 -
CE9                  -            373 FUN_003041-T1        -            437  1.8e-116  384.1   0.0   1   1  3.3e-119  2.3e-116  383.8   0.0     1   363    18   409    18   416 0.91 -
GH3                  -            216 FUN_003042-T1        -            929   2.5e-49  163.2   0.0   1   1   6.3e-52   4.4e-49  162.4   0.0     9   215    86   311    78   312 0.91 -
AA7                  -            458 FUN_003048-T1        -            502     1e-52  175.7   4.7   1   2   2.7e-52   1.9e-49  164.9   1.8     6   211    65   269    60   335 0.89 -
AA7                  -            458 FUN_003048-T1        -            502     1e-52  175.7   4.7   2   2   8.4e-06    0.0059   11.7   0.1   390   453   429   493   415   495 0.83 -
GH5_9                -            303 FUN_003056-T1        -            764  3.1e-103  341.0  13.0   1   1  8.4e-105  4.2e-103  340.5  13.0     1   303   399   721   399   721 0.96 -
GH5_45               -            299 FUN_003056-T1        -            764     1e-31  105.7  14.0   1   2   8.4e-32   4.2e-30  100.4   3.1     3   241   398   633   396   645 0.85 -
GH5_45               -            299 FUN_003056-T1        -            764     1e-31  105.7  14.0   2   2   0.00016    0.0077   10.9   3.2   275   299   698   722   690   722 0.92 -
GH5_14               -            277 FUN_003056-T1        -            764   1.8e-29   98.4   1.8   1   2   3.7e-31   1.8e-29   98.4   1.8     3   232   397   633   395   642 0.88 -
GH5_14               -            277 FUN_003056-T1        -            764   1.8e-29   98.4   1.8   2   2     0.045       2.2    3.0   4.3   246   276   697   727   685   728 0.76 -
GH5_50               -            283 FUN_003056-T1        -            764   2.1e-28   94.8   3.1   1   2   4.3e-30   2.1e-28   94.8   3.1     1   223   397   618   397   642 0.81 -
GH5_50               -            283 FUN_003056-T1        -            764   2.1e-28   94.8   3.1   2   2     0.018       0.9    4.2   2.9   236   282   677   722   673   723 0.84 -
GH5                  -            275 FUN_003056-T1        -            764   2.9e-28   94.6  17.4   1   1   1.1e-29   5.7e-28   93.6  17.4    20   274   391   722   383   723 0.73 -
GH5_44               -            302 FUN_003056-T1        -            764   9.9e-26   86.0  10.1   1   2   1.1e-21   5.4e-20   67.2   0.2     2   106   400   511   399   538 0.79 -
GH5_44               -            302 FUN_003056-T1        -            764   9.9e-26   86.0  10.1   2   2   4.6e-07   2.3e-05   19.1   5.1   156   302   542   719   525   719 0.61 -
GH5_15               -            300 FUN_003056-T1        -            764     2e-21   71.8  20.2   1   2   1.3e-19   6.6e-18   60.2   4.5     4   230   392   610   390   645 0.79 -
GH5_15               -            300 FUN_003056-T1        -            764     2e-21   71.8  20.2   2   2   2.8e-06   0.00014   16.5   7.8   255   300   687   729   672   729 0.78 -
GH5_46               -            257 FUN_003056-T1        -            764   6.7e-21   70.2   2.9   1   2   1.3e-22   6.7e-21   70.2   2.9     6   216   395   604   391   626 0.82 -
GH5_46               -            257 FUN_003056-T1        -            764   6.7e-21   70.2   2.9   2   2       1.6        82   -2.2   2.0   241   254   706   719   684   730 0.72 -
GH5_54               -            263 FUN_003056-T1        -            764   8.3e-21   70.1   5.6   1   2       5.1   2.6e+02   -3.6   0.0    58    90   236   268   229   278 0.77 -
GH5_54               -            263 FUN_003056-T1        -            764   8.3e-21   70.1   5.6   2   2   2.9e-22   1.5e-20   69.3   5.3     4   210   387   602   384   621 0.79 -
GH5_22               -            286 FUN_003056-T1        -            764   4.7e-19   64.5   3.3   1   1   1.5e-20   7.6e-19   63.8   3.3     8   216   389   609   383   645 0.80 -
GH5_33               -            278 FUN_003056-T1        -            764   1.2e-18   62.7   3.7   1   2   4.7e-16   2.3e-14   48.7   0.1     3    93   398   488   396   498 0.93 -
GH5_33               -            278 FUN_003056-T1        -            764   1.2e-18   62.7   3.7   2   2   9.9e-06   0.00049   14.8   0.5   149   271   516   643   495   648 0.76 -
GH5_37               -            313 FUN_003056-T1        -            764   7.7e-18   60.3   2.4   1   2      0.18         9    1.0   0.0     1    10   353   362   353   371 0.88 -
GH5_37               -            313 FUN_003056-T1        -            764   7.7e-18   60.3   2.4   2   2   6.1e-19     3e-17   58.4   0.8    14   217   397   624   388   663 0.70 -
GH5_47               -            220 FUN_003056-T1        -            764   1.5e-17   59.3   1.8   1   1   4.8e-19   2.4e-17   58.6   1.8    15   178   397   568   384   605 0.79 -
GH5_49               -            293 FUN_003056-T1        -            764   3.6e-17   57.9   2.0   1   2   7.2e-19   3.6e-17   57.9   2.0     2   214   397   601   396   648 0.78 -
GH5_49               -            293 FUN_003056-T1        -            764   3.6e-17   57.9   2.0   2   2     0.013      0.65    4.5   2.5   242   289   677   722   673   724 0.84 -
GH115                -            697 FUN_003089-T1        -            984  2.9e-233  771.7   0.0   1   2  7.1e-230    5e-227  751.1   0.0    13   586    20   630    16   689 0.96 -
GH115                -            697 FUN_003089-T1        -            984  2.9e-233  771.7   0.0   2   2   3.4e-08   2.3e-05   18.5   0.0   128   307   811   940   799   948 0.81 -
GH81                 -            622 FUN_003093-T1        -            712  6.9e-219  724.2   7.6   1   1  1.2e-221  8.1e-219  723.9   7.6     9   622    28   707    21   707 0.96 -
GH36                 -            688 FUN_003127-T1        -            823   6.6e-17   56.7   0.3   1   1   1.3e-19   9.4e-17   56.2   0.3   291   382   275   373   214   417 0.83 -
GT50                 -            262 FUN_003206-T1        -            417   6.5e-99  326.1   8.8   1   1  1.2e-101   8.7e-99  325.7   8.8     1   262   136   403   136   403 0.97 -
GT2_Chitin_synth_1   PF01644.16   163 FUN_003296-T1        -            906   1.2e-70  232.2   0.0   1   1   4.9e-73   1.7e-70  231.6   0.0     1   163   213   381   213   381 0.93 Chitin synthase
GT2_Chitin_synth_2   PF03142.14   527 FUN_003296-T1        -            906   2.4e-27   91.1   0.2   1   2   3.3e-25   1.2e-22   75.7   0.0   203   406   358   569   349   641 0.74 Chitin synthase
GT2_Chitin_synth_2   PF03142.14   527 FUN_003296-T1        -            906   2.4e-27   91.1   0.2   2   2   3.6e-06    0.0013   12.8   0.5   434   494   707   767   693   795 0.83 Chitin synthase
GT62                 -            268 FUN_003319-T1        -            404  1.4e-108  357.7   0.0   1   1  2.4e-111  1.7e-108  357.4   0.0     2   267    99   362    98   363 0.99 -
GH72                 -            312 FUN_003331-T1        -            456  6.2e-125  412.0   1.6   1   1    1e-127  7.3e-125  411.7   1.6     3   311    32   332    30   333 0.97 -
GH43_34              -            280 FUN_003358-T1        -            503  6.1e-100  329.8   5.6   1   1  3.7e-101  8.3e-100  329.3   5.6     1   280    36   316    36   316 0.98 -
GH43_29              -            278 FUN_003358-T1        -            503   5.2e-61  201.7   4.6   1   1   3.4e-62   7.6e-61  201.1   4.6     3   278    38   317    36   317 0.90 -
GH43                 -            248 FUN_003358-T1        -            503   1.1e-59  197.9  12.0   1   2   7.3e-61   1.6e-59  197.3  11.3     3   247    36   317    34   318 0.86 -
GH43                 -            248 FUN_003358-T1        -            503   1.1e-59  197.9  12.0   2   2       5.5   1.2e+02   -2.1   0.0    70    90   443   464   404   485 0.79 -
GH43_3               -            299 FUN_003358-T1        -            503   5.7e-58  191.8   5.6   1   1   3.9e-59   8.8e-58  191.2   5.6     3   297    36   314    35   316 0.92 -
GH43_33              -            315 FUN_003358-T1        -            503   1.5e-49  164.1   4.8   1   2   1.2e-28   2.7e-27   91.0   2.8     9   146    49   189    42   208 0.89 -
GH43_33              -            315 FUN_003358-T1        -            503   1.5e-49  164.1   4.8   2   2   3.3e-23   7.5e-22   73.1   0.0   209   315   212   315   198   315 0.92 -
GH43_16              -            311 FUN_003358-T1        -            503   1.1e-46  154.7   6.3   1   1   7.1e-48   1.6e-46  154.2   6.3     2   311    36   317    35   317 0.85 -
GH43_2               -            273 FUN_003358-T1        -            503   3.9e-46  153.1   2.8   1   1   2.3e-47   5.2e-46  152.7   2.8     2   273    44   316    43   316 0.84 -
GH43_31              -            268 FUN_003358-T1        -            503   1.2e-42  141.5   1.5   1   1   7.7e-44   1.7e-42  141.0   1.5     3   262    43   305    42   311 0.86 -
GH43_32              -            267 FUN_003358-T1        -            503   4.8e-42  139.7   3.6   1   1     9e-43     2e-41  137.6   3.6     1   266    53   314    53   315 0.90 -
GH43_30              -            265 FUN_003358-T1        -            503   1.3e-35  118.6   1.6   1   1   1.2e-36   2.7e-35  117.5   1.6     3   253    44   292    43   307 0.80 -
GH43_9               -            272 FUN_003358-T1        -            503   6.8e-33  109.6   4.3   1   1   4.4e-34   9.9e-33  109.1   4.3     2   271    36   316    35   317 0.81 -
GH43_19              -            233 FUN_003358-T1        -            503   1.7e-32  108.6   0.6   1   1   5.4e-33   1.2e-31  105.8   0.6     4   220    43   314    40   327 0.86 -
GH43_1               -            310 FUN_003358-T1        -            503   3.5e-32  107.1   8.0   1   2   6.5e-22   1.5e-20   69.0   4.7     6   151    41   184    37   195 0.77 -
GH43_1               -            310 FUN_003358-T1        -            503   3.5e-32  107.1   8.0   2   2   1.4e-12   3.2e-11   38.3   0.1   206   310   205   317   182   317 0.80 -
GH43_10              -            271 FUN_003358-T1        -            503   4.3e-31  104.0   3.0   1   1   3.2e-32   7.2e-31  103.3   3.0     2   250    36   290    35   315 0.83 -
CBM66                -            155 FUN_003358-T1        -            503     1e-30  102.5   2.5   1   1   7.6e-32   1.7e-30  101.8   2.5     2   155   332   495   331   495 0.95 -
GH43_26              -            294 FUN_003358-T1        -            503   1.4e-29   98.8   1.6   1   1     1e-30   2.3e-29   98.2   1.6     3   293    36   316    35   317 0.82 -
GH43_8               -            281 FUN_003358-T1        -            503   2.7e-29   97.8   1.1   1   1   2.2e-30     5e-29   96.9   1.1     2   262    37   298    36   316 0.79 -
GH43_24              -            246 FUN_003358-T1        -            503   4.4e-27   90.6   0.3   1   1   3.3e-28   7.4e-27   89.9   0.3     5   238    52   287    48   291 0.84 -
GH43_12              -            281 FUN_003358-T1        -            503   4.3e-25   84.2   0.7   1   1   2.9e-26   6.6e-25   83.6   0.7     2   257    36   295    35   305 0.81 -
GH43_22              -            209 FUN_003358-T1        -            503   1.6e-24   82.3   2.5   1   2     1e-25   2.3e-24   81.8   1.6     5   208    44   292    41   293 0.84 -
GH43_22              -            209 FUN_003358-T1        -            503   1.6e-24   82.3   2.5   2   2       4.8   1.1e+02   -2.1   0.0    80   148   402   472   337   488 0.58 -
GH43_11              -            292 FUN_003358-T1        -            503   2.7e-22   74.8   1.4   1   1   1.8e-23   4.1e-22   74.2   1.4     3   289    36   314    34   317 0.75 -
GH43_5               -            287 FUN_003358-T1        -            503   1.5e-21   72.6   6.3   1   1   2.1e-22   4.6e-21   70.9   6.3     3   285    45   315    43   316 0.80 -
GH43_37              -            242 FUN_003358-T1        -            503   9.8e-21   69.9   0.1   1   2   1.3e-21     3e-20   68.4   0.0    19   236    58   272    47   280 0.73 -
GH43_37              -            242 FUN_003358-T1        -            503   9.8e-21   69.9   0.1   2   2     0.056       1.3    4.1   0.0   100   181   245   333   236   337 0.83 -
GH43_4               -            310 FUN_003358-T1        -            503   1.7e-20   69.1   6.5   1   2   1.3e-19   2.9e-18   61.8   5.2     4   228    45   255    43   264 0.82 -
GH43_4               -            310 FUN_003358-T1        -            503   1.7e-20   69.1   6.5   2   2     0.012      0.27    6.1   0.0   260   308   264   315   257   317 0.66 -
GH43_18              -            229 FUN_003358-T1        -            503   1.5e-19   66.0   3.0   1   1   1.7e-20   3.8e-19   64.8   3.0     5   228    44   276    40   277 0.81 -
GH43_14              -            291 FUN_003358-T1        -            503   2.1e-19   65.6   1.6   1   1   1.6e-20   3.5e-19   64.9   1.6     3   226    36   258    34   285 0.77 -
GH43_28              -            262 FUN_003358-T1        -            503   1.1e-17   59.8  16.7   1   1   5.3e-15   1.2e-13   46.6  16.7     2   234    44   285    43   315 0.71 -
GH43_35              -            294 FUN_003358-T1        -            503   2.6e-17   58.7   1.5   1   1     2e-18   4.4e-17   58.0   1.5    42   280    73   295    36   303 0.77 -
GH43_17              -            266 FUN_003358-T1        -            503   6.1e-17   57.0   1.7   1   1   1.7e-17   3.8e-16   54.4   1.7    15   230    53   253    42   293 0.71 -
GH43_15              -            274 FUN_003358-T1        -            503   7.1e-17   57.1   3.8   1   2   3.2e-18   7.1e-17   57.1   3.8     3   246    36   287    35   307 0.75 -
GH43_15              -            274 FUN_003358-T1        -            503   7.1e-17   57.1   3.8   2   2       5.6   1.3e+02   -2.7   0.0   113   132   449   469   398   480 0.67 -
GH117                -            211 FUN_003358-T1        -            503     8e-16   53.6   6.6   1   2   5.5e-12   1.2e-10   36.7   2.9    28   163    60   202    38   209 0.72 -
GH117                -            211 FUN_003358-T1        -            503     8e-16   53.6   6.6   2   2   7.1e-06   0.00016   16.7   0.1    55   155   213   303   198   308 0.79 -
GH76                 -            358 FUN_003363-T1        -            456   4.5e-99  327.5   8.7   1   1  8.3e-102   5.8e-99  327.2   8.7    11   344    25   390    17   396 0.96 -
GH30_5               -            456 FUN_003368-T1        -            479  1.8e-147  487.5  19.3   1   1  8.7e-150    2e-147  487.3  19.3     2   456    25   471    24   471 0.98 -
GH30                 -            417 FUN_003368-T1        -            479   2.3e-57  190.2  12.4   1   1   1.3e-59     3e-57  189.9  12.4     8   413    15   440     9   472 0.81 -
GH30_4               -            484 FUN_003368-T1        -            479   3.2e-33  110.8  17.7   1   1   6.7e-33   1.6e-30  101.9  17.7     2   442    23   420    22   438 0.81 -
GT8                  -            257 FUN_003407-T1        -            313   2.7e-39  130.8   0.0   1   1   5.2e-42   3.7e-39  130.4   0.0    32   256     4   277     1   278 0.82 -
GT2_Chitin_synth_1   PF01644.16   163 FUN_003455-T1        -            914   4.9e-75  246.4   0.1   1   1   2.4e-77   8.3e-75  245.7   0.1     1   163   245   407   245   407 0.98 Chitin synthase
GT2_Chitin_synth_2   PF03142.14   527 FUN_003455-T1        -            914   2.8e-24   81.0   2.4   1   2   3.5e-21   1.2e-18   62.4   0.0   204   408   385   595   379   636 0.79 Chitin synthase
GT2_Chitin_synth_2   PF03142.14   527 FUN_003455-T1        -            914   2.8e-24   81.0   2.4   2   2   5.5e-07   0.00019   15.6   3.1   435   492   713   770   665   792 0.79 Chitin synthase
GH76                 -            358 FUN_003510-T1        -            460  4.7e-107  353.8   7.8   1   1  8.2e-110  5.7e-107  353.5   7.8    10   351    31   399    22   406 0.95 -
GH95                 -            722 FUN_003524-T1        -            795  5.4e-190  628.6   0.0   1   1  9.5e-193  6.6e-190  628.3   0.0     5   715     3   772     1   778 0.94 -
AA2                  -            255 FUN_003536-T1        -            759   1.5e-38  128.1   0.1   1   4   4.6e-16   3.2e-13   45.1   0.0    19   114    81   177    64   183 0.85 -
AA2                  -            255 FUN_003536-T1        -            759   1.5e-38  128.1   0.1   2   4     4e-07   0.00028   15.8   0.0   123   169   251   297   242   307 0.85 -
AA2                  -            255 FUN_003536-T1        -            759   1.5e-38  128.1   0.1   3   4   2.1e-07   0.00014   16.8   0.0   152   251   312   427   308   430 0.86 -
AA2                  -            255 FUN_003536-T1        -            759   1.5e-38  128.1   0.1   4   4     3e-15   2.1e-12   42.5   0.1    24   253   481   745   465   747 0.74 -
GH11                 -            177 FUN_003551-T1        -            223   1.3e-76  251.6  16.7   1   1   2.2e-79   1.5e-76  251.3  16.7     1   177    44   221    44   221 0.99 -
GH30_7               -            443 FUN_003590-T1        -            459  2.6e-178  588.7  17.4   1   1  3.8e-180    3e-178  588.5  17.4     2   442    20   456    19   457 0.97 -
GH30                 -            417 FUN_003590-T1        -            459   4.5e-75  248.6   7.2   1   1   7.1e-77   5.5e-75  248.3   7.2    11   415    17   457     9   459 0.84 -
GH30_3               -            417 FUN_003590-T1        -            459   3.9e-41  136.6   8.9   1   1   1.5e-42   1.1e-40  135.0   8.9     3   400    19   415    17   457 0.79 -
GH30_4               -            484 FUN_003590-T1        -            459   9.1e-40  132.4   4.4   1   1   3.8e-40     3e-38  127.4   4.4     2   483    22   456    21   456 0.84 -
GH30_8               -            342 FUN_003590-T1        -            459   1.3e-36  121.8   3.7   1   1   2.4e-38   1.8e-36  121.4   3.7     2   338    22   414    21   417 0.78 -
GH30_1               -            416 FUN_003590-T1        -            459     1e-31  105.4   1.9   1   2     3e-24   2.3e-22   74.6   0.7     2   253    20   278    19   287 0.88 -
GH30_1               -            416 FUN_003590-T1        -            459     1e-31  105.4   1.9   2   2   1.9e-10   1.5e-08   29.2   0.0   334   400   349   415   335   435 0.85 -
GH30_6               -            450 FUN_003590-T1        -            459     1e-30  102.4  13.9   1   2   0.00012    0.0093   10.3   0.1     2    55    23    80    22    84 0.78 -
GH30_6               -            450 FUN_003590-T1        -            459     1e-30  102.4  13.9   2   2   3.7e-30   2.9e-28   94.4   9.4    97   449   108   455    89   456 0.77 -
GH30_5               -            456 FUN_003590-T1        -            459   2.7e-29   97.9   8.6   1   1   1.1e-30   8.6e-29   96.2   8.6     1   456    23   456    23   456 0.84 -
GH30_2               -            417 FUN_003590-T1        -            459     8e-21   69.7   0.1   1   1   8.2e-22   6.3e-20   66.7   0.1     2   400    23   414    22   434 0.76 -
CE15                 -            269 FUN_003591-T1        -            393   5.5e-93  306.7   0.0   1   1   9.3e-96   6.5e-93  306.5   0.0     1   268    43   364    43   365 0.96 -
PL20                 -            229 FUN_003592-T1        -            258  2.3e-106  349.8  11.4   1   1  3.6e-109  2.5e-106  349.7  11.4     1   229    23   257    23   257 0.99 -
GH2                  -            752 FUN_003594-T1        -            957   1.8e-72  240.3   4.7   1   1   3.4e-75   2.4e-72  239.9   4.7    26   542    24   814     5   901 0.72 -
GH75                 -            220 FUN_003620-T1        -            235   1.8e-84  278.3   0.7   1   1   2.9e-87     2e-84  278.1   0.7     6   219    10   231     5   232 0.97 -
GH125                -            402 FUN_003650-T1        -            530  6.3e-124  409.2   0.2   1   1  1.1e-126  7.4e-124  408.9   0.2     1   402    93   509    93   509 0.95 -
CE3                  -            194 FUN_003666-T1        -           1568   1.2e-44  148.0   0.0   1   2   1.3e-46   4.5e-44  146.1   0.0     1   194    56   255    56   255 0.91 -
CE3                  -            194 FUN_003666-T1        -           1568   1.2e-44  148.0   0.0   2   2      0.25        87   -1.6   0.0    27    61   628   669   625   682 0.76 -
CBM24                -             76 FUN_003666-T1        -           1568   1.9e-19   65.3  10.4   1   2   5.3e-22   1.9e-19   65.3  10.4     2    76   940  1013   939  1013 0.98 -
CBM24                -             76 FUN_003666-T1        -           1568   1.9e-19   65.3  10.4   2   2      0.83   2.9e+02   -2.6   0.4     6    33  1141  1177  1138  1187 0.61 -
GT4                  -            160 FUN_003711-T1        -            467   7.8e-38  125.1   0.0   1   1   1.7e-40   1.2e-37  124.5   0.0     8   158   229   407   225   409 0.95 -
CBM66                -            155 FUN_003755-T1        -            588   1.2e-68  225.8  18.5   1   2   8.8e-40   6.1e-37  122.8   6.1     3   155   259   413   257   413 0.97 -
CBM66                -            155 FUN_003755-T1        -            588   1.2e-68  225.8  18.5   2   2   1.6e-35   1.1e-32  108.9   4.6     3   155   429   583   428   583 0.97 -
GH18                 -            296 FUN_003756-T1        -           1236   1.1e-48  161.9   6.7   1   1   2.4e-51   1.7e-48  161.3   6.7     4   279   459   809   456   823 0.80 -
GT39                 -            223 FUN_003822-T1        -            740   1.7e-72  239.0  12.5   1   2   2.5e-75   1.7e-72  239.0  12.5     2   223    65   303    64   303 0.98 -
GT39                 -            223 FUN_003822-T1        -            740   1.7e-72  239.0  12.5   2   2      0.84   5.9e+02   -4.7   5.2    63    87   598   622   573   720 0.70 -
GH72                 -            312 FUN_003870-T1        -            457  5.9e-106  349.6   0.0   1   1  1.1e-108  7.9e-106  349.2   0.0     4   291    19   295    16   306 0.97 -
GT4                  -            160 FUN_003907-T1        -            499   1.9e-35  117.3   0.0   1   1   8.7e-38   3.1e-35  116.7   0.0     6   148   214   354   210   366 0.91 -
GT5                  -            472 FUN_003907-T1        -            499     7e-20   66.5   0.0   1   2     0.003       1.1    3.2   0.0    14    46    18    50     7    76 0.83 -
GT5                  -            472 FUN_003907-T1        -            499     7e-20   66.5   0.0   2   2   7.5e-21   2.6e-18   61.3   0.0   290   471   215   390   177   391 0.87 -
GH105                -            332 FUN_003960-T1        -            383   3.2e-18   61.5   1.3   1   1   8.5e-21     6e-18   60.6   1.3    11   283    48   332    42   372 0.76 -
GT2_Chitin_synth_2   PF03142.14   527 FUN_004022-T1        -           1859  3.9e-247  816.4   0.5   1   1  7.9e-250  5.5e-247  815.9   0.5     3   527  1208  1714  1206  1714 0.99 Chitin synthase
GT2_Chitin_synth_2   PF03142.14   527 FUN_004023-T1        -           1767  1.1e-227  752.2   0.0   1   1  4.7e-230  1.6e-227  751.7   0.0     3   524  1047  1553  1045  1555 0.98 Chitin synthase
GT2_Glyco_trans_2_3  PF13632.5    197 FUN_004023-T1        -           1767     1e-17   60.1   2.1   1   1   7.4e-20   2.6e-17   58.8   2.1     2   193  1238  1473  1237  1480 0.74 Glycosyl transferase family group 2
GT2_Chitin_synth_2   PF03142.14   527 FUN_004036-T1        -            707   9.9e-25   82.5   6.1   1   2   0.00025     0.087    6.8   0.0    21    61   139   179   119   186 0.74 Chitin synthase
GT2_Chitin_synth_2   PF03142.14   527 FUN_004036-T1        -            707   9.9e-25   82.5   6.1   2   2   4.5e-25   1.6e-22   75.3   4.0   204   499   256   543   235   565 0.78 Chitin synthase
GT2_Glyco_trans_2_3  PF13632.5    197 FUN_004036-T1        -            707     2e-18   62.4   5.7   1   2         2     7e+02   -8.5   8.6   131   144    44    57    15   120 0.46 Glycosyl transferase family group 2
GT2_Glyco_trans_2_3  PF13632.5    197 FUN_004036-T1        -            707     2e-18   62.4   5.7   2   2   5.7e-21     2e-18   62.4   5.7     2   194   257   465   256   527 0.76 Glycosyl transferase family group 2
GT62                 -            268 FUN_004041-T1        -            468  3.3e-125  412.2   0.6   1   2  7.5e-128  5.2e-125  411.6   0.0     3   268    84   347    82   347 0.99 -
GT62                 -            268 FUN_004041-T1        -            468  3.3e-125  412.2   0.6   2   2       0.3   2.1e+02   -3.6   1.4    80   116   396   432   381   439 0.58 -
GH125                -            402 FUN_004102-T1        -            545  1.1e-162  536.8   0.0   1   1  1.8e-165  1.2e-162  536.6   0.0     1   402    91   525    91   525 0.98 -
GT2_Chitin_synth_1   PF01644.16   163 FUN_004118-T1        -           1229   1.4e-78  257.9   0.0   1   1   5.8e-81     2e-78  257.4   0.0     1   163   539   701   539   701 1.00 Chitin synthase
GT2_Chitin_synth_2   PF03142.14   527 FUN_004118-T1        -           1229   1.9e-24   81.6   0.9   1   2   4.9e-24   1.7e-21   71.8   0.0   204   411   679   891   671   914 0.81 Chitin synthase
GT2_Chitin_synth_2   PF03142.14   527 FUN_004118-T1        -           1229   1.9e-24   81.6   0.9   2   2   0.00027     0.093    6.7   1.5   406   491   966  1060   955  1084 0.66 Chitin synthase
GH27                 -            229 FUN_004143-T1        -            496     2e-73  242.2   0.0   1   2      0.41   1.4e+02   -2.8   0.0    17    33    60    79    58   109 0.67 -
GH27                 -            229 FUN_004143-T1        -            496     2e-73  242.2   0.0   2   2   1.3e-75   4.5e-73  241.0   0.0     3   223   124   399   101   404 0.90 -
GH36                 -            688 FUN_004143-T1        -            496     5e-17   57.1   0.7   1   3   4.2e-18   1.5e-15   52.2   0.0   306   388    27   111     2   114 0.85 -
GH36                 -            688 FUN_004143-T1        -            496     5e-17   57.1   0.7   2   3    0.0046       1.6    2.5   0.0   445   467   137   159   133   188 0.81 -
GH36                 -            688 FUN_004143-T1        -            496     5e-17   57.1   0.7   3   3      0.13        47   -2.3   0.1   405   442   390   430   386   435 0.80 -
GH27                 -            229 FUN_004146-T1        -            476   3.5e-41  136.7   1.3   1   1   6.4e-44   4.5e-41  136.3   1.3    11   229   184   453   135   453 0.80 -
GH92                 -            491 FUN_004170-T1        -            793  8.8e-148  488.6   1.0   1   1  1.8e-150  1.3e-147  488.0   1.0     3   491   257   758   255   758 0.96 -
GH54                 -            316 FUN_004179-T1        -            510  2.1e-152  502.3  14.7   1   1  8.3e-155  2.9e-152  501.8  14.7     1   314    28   344    28   346 0.98 -
CBM42                -            136 FUN_004179-T1        -            510   1.8e-58  191.8   3.2   1   1   7.9e-61   2.8e-58  191.2   3.2     2   136   365   505   364   505 0.99 -
GH10                 -            303 FUN_004186-T1        -            347  5.7e-104  343.0   0.0   1   1  9.5e-107  6.6e-104  342.8   0.0     2   301    51   343    50   345 0.95 -
GT33                 -            425 FUN_004225-T1        -            474  6.8e-143  471.9   0.0   1   1  1.2e-145  8.5e-143  471.5   0.0     2   424    54   467    53   468 0.93 -
GT35                 -            674 FUN_004240-T1        -            725  5.7e-222  734.2   0.0   1   1  9.6e-225  6.7e-222  734.0   0.0     2   521   163   725   162   725 0.98 -
GT35                 -            674 FUN_004241-T1        -            154   1.2e-44  148.3   0.0   1   1   1.9e-47   1.3e-44  148.1   0.0   528   674     1   147     1   147 0.96 -
CE16                 -            267 FUN_004249-T1        -            342   7.3e-63  207.9   0.0   1   1   1.2e-65   8.5e-63  207.7   0.0     1   266    28   327    28   328 0.97 -
AA11                 -            191 FUN_004251-T1        -            234   2.5e-62  205.6   0.1   1   1   4.3e-65     3e-62  205.3   0.1    12   188    41   213    30   216 0.90 -
GH76                 -            358 FUN_004255-T1        -            476   1.9e-96  318.9   8.3   1   1   3.5e-99   2.4e-96  318.5   8.3     9   351    26   399    19   406 0.91 -
AA7                  -            458 FUN_004286-T1        -           1150   1.2e-38  129.3   6.5   1   2   8.4e-39   5.8e-36  120.5   6.6    13   194   305   506   296   569 0.89 -
AA7                  -            458 FUN_004286-T1        -           1150   1.2e-38  129.3   6.5   2   2   0.00034      0.24    6.4   0.0   413   452   706   745   649   748 0.79 -
GH16_1               -            229 FUN_004360-T1        -            767   3.5e-81  267.2   0.1   1   1   1.7e-83   5.9e-81  266.5   0.1     9   228    51   280    42   281 0.94 -
GH16                 -            189 FUN_004360-T1        -            767   7.7e-21   70.9   0.3   1   3   2.2e-23   7.7e-21   70.9   0.3    37   189    52   300    16   300 0.76 -
GH16                 -            189 FUN_004360-T1        -            767   7.7e-21   70.9   0.3   2   3      0.78   2.7e+02   -2.6   1.3    10    19   352   362   324   407 0.52 -
GH16                 -            189 FUN_004360-T1        -            767   7.7e-21   70.9   0.3   3   3       1.2   4.2e+02   -3.3   0.5     8    19   580   600   568   631 0.54 -
GH76                 -            358 FUN_004364-T1        -            409   2.6e-86  285.5  12.4   1   1   5.1e-89   3.6e-86  285.1  12.4    16   336    34   391    25   408 0.88 -
GH132                -            303 FUN_004451-T1        -            497   7.8e-82  270.3   8.4   1   2   1.1e-84   7.8e-82  270.3   8.4    35   302    40   314     9   315 0.86 -
GH132                -            303 FUN_004451-T1        -            497   7.8e-82  270.3   8.4   2   2      0.06        42   -1.4   4.6    17    39   389   411   355   471 0.52 -
AA4                  -            522 FUN_004559-T1        -            649   7.7e-25   82.9   0.4   1   2   3.7e-21   1.3e-18   62.3   0.1    11   239   170   393   167   403 0.75 -
AA4                  -            522 FUN_004559-T1        -            649   7.7e-25   82.9   0.4   2   2   5.1e-08   1.8e-05   19.0   0.0   266   510   395   635   374   645 0.76 -
AA7                  -            458 FUN_004559-T1        -            649   2.5e-22   75.5   1.8   1   1   1.7e-24   6.1e-22   74.3   1.8     8   204   208   417   202   483 0.87 -
AA3_2                -            568 FUN_004567-T1        -            604    5e-177  585.4   0.0   1   1  3.2e-179  5.7e-177  585.2   0.0     3   568     8   600     6   600 0.92 -
AA3                  -            618 FUN_004567-T1        -            604   1.3e-86  286.8   0.0   1   1   8.8e-89   1.5e-86  286.5   0.0    88   401     6   601     2   604 0.88 -
AA3_3                -            590 FUN_004567-T1        -            604   9.4e-78  257.4   0.0   1   2   6.4e-59   1.1e-56  187.8   0.0     3   448     8   485     6   490 0.77 -
AA3_3                -            590 FUN_004567-T1        -            604   9.4e-78  257.4   0.0   2   2   2.2e-21   3.8e-19   63.8   0.0   514   588   526   600   508   601 0.92 -
AA3_1                -            548 FUN_004567-T1        -            604   1.1e-46  154.9   0.0   1   3   3.1e-17   5.4e-15   50.3   0.1    15   145     6   136     2   144 0.77 -
AA3_1                -            548 FUN_004567-T1        -            604   1.1e-46  154.9   0.0   2   3   2.3e-17   4.1e-15   50.7   0.0   206   359   217   362   208   400 0.82 -
AA3_1                -            548 FUN_004567-T1        -            604   1.1e-46  154.9   0.0   3   3   4.7e-17   8.3e-15   49.7   0.0   391   545   440   597   427   600 0.74 -
AA1                  -            358 FUN_004580-T1        -            505   1.1e-60  201.4   0.0   1   1   7.5e-63   1.3e-60  201.2   0.0    64   358     1   458     1   458 0.81 -
AA1_2                -            337 FUN_004580-T1        -            505   2.4e-27   91.2   0.0   1   2   1.6e-28   2.9e-26   87.7   0.0    58   227     2   184     1   301 0.77 -
AA1_2                -            337 FUN_004580-T1        -            505   2.4e-27   91.2   0.0   2   2     0.046         8    0.8   0.2    75   108   437   469   424   478 0.83 -
AA1_1                -            303 FUN_004580-T1        -            505   1.8e-26   88.4   0.0   1   1   1.8e-28   3.2e-26   87.5   0.0    69   270     3   216     1   229 0.78 -
AA1_3                -            312 FUN_004580-T1        -            505     5e-19   64.0   0.0   1   1   4.5e-21   7.9e-19   63.4   0.0    89   262     3   182     2   224 0.78 -
GH128                -            224 FUN_004617-T1        -            292   5.5e-60  198.3   0.1   1   1   9.9e-63   6.9e-60  197.9   0.1     4   224    45   279    37   279 0.94 -
#
# Program:         hmmscan
# Version:         3.4 (Aug 2023)
# Pipeline mode:   SCAN
# Query file:      /home/zack/Desktop/IsariaPreferralGenome/MyGenomeSubmittedToNCBI/HypocrealesProteinSets/GENOMES/TrichodermaReesei_QM6a/FunannotatePredict/annotate_misc/split_prots/chunk_2.fa
# Target file:     /home/zack/funannotate_db/dbCAN.hmm
# Option settings: hmmscan --domtblout /home/zack/Desktop/IsariaPreferralGenome/MyGenomeSubmittedToNCBI/HypocrealesProteinSets/GENOMES/TrichodermaReesei_QM6a/FunannotatePredict/annotate_misc/split_prots/chunk_2.dbcan.txt -E 1e-15 --cpu 1 /home/zack/funannotate_db/dbCAN.hmm /home/zack/Desktop/IsariaPreferralGenome/MyGenomeSubmittedToNCBI/HypocrealesProteinSets/GENOMES/TrichodermaReesei_QM6a/FunannotatePredict/annotate_misc/split_prots/chunk_2.fa 
# Current dir:     /home/zack
# Date:            Mon Mar  4 00:50:25 2024
# [ok]
