#HMM_family	HMM_len	Query_ID	Query_len	E-value	HMM_start	HMM_end	Query_start	Query_end	Coverage
GH71	375	FUN_004661-T1	427	4.8e-133	0	372	30	403	0.992000
GH2	752	FUN_004710-T1	616	1.7e-102	23	411	54	503	0.515957
GT2_Glycos_transf_2	170	FUN_004712-T1	413	5.9e-24	0	107	115	256	0.629412
AA9	220	FUN_004718-T1	378	6.1e-54	2	219	7	229	0.986364
CE3	194	FUN_004754-T1	157	6.3e-18	94	194	13	110	0.515464
GT39	223	FUN_004774-T1	944	5.1e-70	1	223	65	311	0.995516
GH13_40	359	FUN_004824-T1	598	6.3e-173	0	359	32	393	1.000000
GH13_31	349	FUN_004824-T1	598	3.9e-134	0	349	32	393	1.000000
GH13_29	344	FUN_004824-T1	598	3e-116	0	343	31	392	0.997093
GH13_23	344	FUN_004824-T1	598	4.3e-113	0	340	32	390	0.988372
GH13_30	365	FUN_004824-T1	598	1.1e-88	0	362	32	389	0.991781
GH13_17	350	FUN_004824-T1	598	1.4e-81	0	349	32	392	0.997143
GH13_36	314	FUN_004824-T1	598	7.1e-75	0	311	32	390	0.990446
GH13	299	FUN_004824-T1	598	8.1e-74	12	292	32	393	0.936455
GH13_16	353	FUN_004824-T1	598	6.9e-72	0	283	32	348	0.801700
GH13_35	351	FUN_004824-T1	598	1.3e-57	0	349	32	390	0.994302
GH13_21	308	FUN_004824-T1	598	1.1e-56	0	304	32	390	0.987013
GH13_20	300	FUN_004824-T1	598	5.4e-48	0	164	32	216	0.546667
GH13_4	400	FUN_004824-T1	598	7.8e-33	1	186	32	218	0.462500
GH13_14	289	FUN_004824-T1	598	6.7e-32	0	155	41	217	0.536332
GH13_1	306	FUN_004824-T1	598	1.1e-30	1	297	32	389	0.967320
GH13_2	310	FUN_004824-T1	598	1.3e-30	1	174	32	215	0.558065
GH13_39	316	FUN_004824-T1	598	1.1e-29	0	164	32	215	0.518987
GH13_41	294	FUN_004824-T1	598	2.4e-25	0	159	32	215	0.540816
GH13_37	320	FUN_004824-T1	598	2e-20	7	320	31	389	0.978125
GH13_10	313	FUN_004824-T1	598	4.9e-20	4	144	32	216	0.447284
GH13_3	210	FUN_004824-T1	598	7.1e-20	2	153	39	220	0.719048
GH13_18	343	FUN_004824-T1	598	2.2e-19	1	159	50	221	0.460641
GH13_34	244	FUN_004824-T1	598	9.2e-19	1	88	33	123	0.356557
GH13_32	269	FUN_004824-T1	598	1.5e-18	0	153	48	216	0.568773
GH13_6	289	FUN_004824-T1	598	7.6e-18	1	156	42	217	0.536332
GH13_1	306	FUN_004829-T1	463	3.2e-116	0	306	57	346	1.000000
GH13	299	FUN_004829-T1	463	1.2e-59	12	297	58	346	0.953177
GH13_2	310	FUN_004829-T1	463	2.1e-54	0	308	57	336	0.993548
GH13_41	294	FUN_004829-T1	463	4.5e-46	0	292	58	340	0.993197
GH13_20	300	FUN_004829-T1	463	5.8e-44	0	300	58	344	1.000000
GH13_36	314	FUN_004829-T1	463	3.9e-39	0	310	58	337	0.987261
GH13_12	284	FUN_004829-T1	463	3.3e-38	0	281	58	336	0.989437
GH13_14	289	FUN_004829-T1	463	4.9e-36	0	289	67	335	1.000000
GH13_32	269	FUN_004829-T1	463	1.1e-32	0	247	74	309	0.918216
GH13_6	289	FUN_004829-T1	463	7.3e-32	1	178	68	237	0.612457
GH13_21	308	FUN_004829-T1	463	5.4e-31	0	307	58	341	0.996753
GH13_28	266	FUN_004829-T1	463	1.5e-29	0	260	58	301	0.977444
GH13_39	316	FUN_004829-T1	463	1.4e-28	0	315	58	344	0.996835
GH13_7	289	FUN_004829-T1	463	8.1e-25	1	286	67	332	0.986159
GH13_37	320	FUN_004829-T1	463	1.5e-22	8	168	58	225	0.500000
GH13_10	313	FUN_004829-T1	463	4.2e-22	4	147	58	218	0.456869
GH13_15	285	FUN_004829-T1	463	6.5e-21	30	271	101	317	0.845614
AA3	618	FUN_004836-T1	1166	4e-24	156	407	25	484	0.406149
GH20	337	FUN_004853-T1	708	6e-56	9	335	162	496	0.967359
GH17	311	FUN_004886-T1	743	4.6e-35	9	306	462	729	0.954984
GT20	475	FUN_004890-T1	649	2.3e-127	52	473	148	628	0.886316
AA7	458	FUN_004911-T1	587	1e-58	11	185	115	301	0.379913
AA3_2	568	FUN_004930-T1	615	4.2e-132	1	567	18	605	0.996479
AA3	618	FUN_004930-T1	615	1.3e-77	84	401	14	607	0.512945
AA3_3	590	FUN_004930-T1	615	4.3e-61	15	587	24	605	0.969492
AA3_1	548	FUN_004930-T1	615	5.2e-44	9	383	12	380	0.682482
GH2	752	FUN_004950-T1	924	2.4e-70	64	555	49	788	0.652926
GH27	229	FUN_004951-T1	621	3.4e-33	7	227	324	597	0.960699
AA7	458	FUN_004955-T1	481	5.1e-68	6	223	55	274	0.473799
GH3	216	FUN_004962-T1	744	2e-59	4	216	80	287	0.981481
GH3	216	FUN_004963-T1	797	8.1e-54	3	215	95	344	0.981481
GH3	216	FUN_004982-T1	838	1.1e-57	4	216	40	252	0.981481
AA3_2	568	FUN_004986-T1	484	1.2e-98	2	500	2	478	0.876761
AA3	618	FUN_004986-T1	484	3.3e-52	89	323	2	445	0.378641
AA3_3	590	FUN_004986-T1	484	7.9e-41	3	315	3	304	0.528814
GH54	316	FUN_004991-T1	500	4.9e-159	0	315	22	337	0.996835
CBM42	136	FUN_004991-T1	500	5.4e-59	1	136	354	495	0.992647
AA3_3	590	FUN_005002-T1	421	2.9e-168	0	401	13	420	0.679661
AA3_2	568	FUN_005002-T1	421	1.5e-90	1	398	14	411	0.698944
AA3_1	548	FUN_005002-T1	421	1.1e-34	14	357	13	362	0.625912
GH18	296	FUN_005003-T1	594	2e-23	15	203	242	477	0.635135
GT1	382	FUN_005009-T1	837	4e-60	81	376	192	517	0.772251
AA1_2	337	FUN_005015-T1	614	5.7e-150	0	336	36	375	0.997033
AA1	358	FUN_005015-T1	614	2.1e-111	6	358	35	496	0.983240
AA1_3	312	FUN_005015-T1	614	3.3e-64	10	297	15	298	0.919872
AA1_1	303	FUN_005015-T1	614	1.2e-59	1	270	30	295	0.887789
CE1	227	FUN_005018-T1	306	7.9e-27	3	143	53	207	0.616740
GH16_18	158	FUN_005022-T1	451	5.8e-64	1	158	68	224	0.993671
GH16_19	174	FUN_005022-T1	451	2.4e-42	12	174	70	227	0.931034
GH16_21	206	FUN_005022-T1	451	1.1e-22	50	205	76	240	0.752427
GH16	189	FUN_005022-T1	451	6.5e-22	50	188	78	242	0.730159
GH75	220	FUN_005053-T1	300	2e-74	2	220	7	251	0.990909
PL7_4	214	FUN_005054-T1	252	2.3e-63	0	214	30	249	1.000000
PL7	231	FUN_005054-T1	252	5e-38	0	231	30	249	1.000000
PL7_1	219	FUN_005054-T1	252	9.5e-23	1	206	31	239	0.936073
PL7_3	214	FUN_005054-T1	252	4.3e-20	0	209	31	244	0.976636
GH3	216	FUN_005057-T1	955	3e-62	7	216	169	381	0.967593
GT90	250	FUN_005095-T1	596	2.5e-65	2	248	308	585	0.984000
GH12	156	FUN_005114-T1	234	1.8e-49	2	156	86	233	0.987179
GT69	239	FUN_005117-T1	421	8.6e-75	0	238	103	345	0.995816
GH37	491	FUN_005122-T1	686	1e-155	1	489	55	632	0.993890
GT17	284	FUN_005124-T1	370	1.7e-79	4	284	64	358	0.985915
GT57	481	FUN_005162-T1	574	5.8e-144	2	480	54	552	0.993763
AA7	458	FUN_005181-T1	479	1.6e-73	4	454	36	467	0.982533
GT69	239	FUN_005308-T1	515	8.7e-68	0	238	192	433	0.995816
GH35	307	FUN_005357-T1	990	1.7e-87	0	303	51	351	0.986971
GH13_9	301	FUN_005409-T1	691	5.4e-60	0	266	212	482	0.883721
GH13_10	313	FUN_005409-T1	691	5.1e-33	5	145	202	351	0.447284
GH13_11	351	FUN_005409-T1	691	5.7e-23	2	175	202	355	0.492877
GH13_14	289	FUN_005409-T1	691	5.7e-20	1	152	212	348	0.522491
GH13_13	361	FUN_005409-T1	691	1.2e-18	47	182	223	349	0.373961
GH13_37	320	FUN_005409-T1	691	7.5e-18	16	155	210	347	0.434375
GT71	264	FUN_005479-T1	509	2.8e-50	0	264	149	407	1.000000
AA3_2	568	FUN_005494-T1	586	7.7e-149	1	567	11	578	0.996479
AA3	618	FUN_005494-T1	586	3.9e-83	86	402	9	581	0.511327
AA3_3	590	FUN_005494-T1	586	9.3e-53	2	450	12	467	0.759322
GT22	389	FUN_005527-T1	645	5.8e-108	5	388	26	524	0.984576
AA7	458	FUN_005575-T1	518	2e-27	4	192	30	211	0.410480
GH76	358	FUN_005598-T1	594	1.2e-109	11	356	34	402	0.963687
GT3	637	FUN_005673-T1	706	1.7e-305	0	637	16	657	1.000000
AA1	358	FUN_005805-T1	634	4.2e-87	6	358	117	605	0.983240
AA1_2	337	FUN_005805-T1	634	1.1e-55	1	331	119	485	0.979228
AA1_3	312	FUN_005805-T1	634	5.7e-55	10	271	98	383	0.836538
AA1_1	303	FUN_005805-T1	634	3e-43	1	234	113	368	0.768977
PL38	279	FUN_005807-T1	422	7.7e-104	0	275	81	358	0.985663
GT2_Glyco_tranf_2_3	230	FUN_005867-T1	530	5.3e-25	2	229	73	309	0.986957
AA4	522	FUN_005872-T1	669	1.8e-21	2	247	187	425	0.469349
AA7	458	FUN_005872-T1	669	9.4e-21	10	195	236	428	0.403930
GH47	446	FUN_005886-T1	1182	2.5e-142	0	445	125	668	0.997758
GT32	90	FUN_005897-T1	405	4.3e-19	5	88	93	178	0.922222
GH55	740	FUN_005969-T1	759	1.8e-230	7	739	30	757	0.989189
GH16_3	230	FUN_006036-T1	287	2.8e-50	0	230	33	284	1.000000
GH16	189	FUN_006036-T1	287	6.9e-36	7	189	43	284	0.962963
GH16_5	238	FUN_006036-T1	287	2.7e-22	105	238	124	284	0.558824
GH71	375	FUN_006060-T1	472	6.5e-93	0	161	44	198	0.429333
GH3	216	FUN_006061-T1	949	1.1e-53	3	210	113	335	0.958333
GH76	358	FUN_006076-T1	463	1.8e-103	11	356	26	408	0.963687
GH25	177	FUN_006080-T1	228	1.4e-49	1	172	25	205	0.966102
GT90	250	FUN_006096-T1	838	6.5e-70	2	248	561	829	0.984000
GH11	177	FUN_006113-T1	152	2.3e-33	7	124	38	152	0.661017
GH31	427	FUN_006147-T1	964	1.9e-148	0	427	289	849	1.000000
GH3	216	FUN_006151-T1	834	2.3e-61	4	216	33	245	0.981481
GH28	325	FUN_006160-T1	405	7.3e-68	7	322	54	393	0.969231
GH28	325	FUN_006161-T1	219	5.2e-46	118	290	1	205	0.529231
GT109	411	FUN_006170-T1	409	1.6e-113	6	394	2	406	0.944039
AA1	358	FUN_006176-T1	603	4.2e-62	6	357	38	571	0.980447
AA1_3	312	FUN_006176-T1	603	4.3e-35	11	271	20	339	0.833333
AA1_1	303	FUN_006176-T1	603	1.5e-27	1	162	34	189	0.531353
GH72	312	FUN_006196-T1	511	1.4e-126	10	311	13	316	0.964744
CBM43	83	FUN_006196-T1	511	2.1e-19	1	82	366	453	0.975904
GH89	663	FUN_006205-T1	596	1.1e-166	96	652	3	577	0.838612
GH27	229	FUN_006212-T1	624	2.1e-33	7	227	327	599	0.960699
GH95	722	FUN_006224-T1	352	3.5e-82	90	408	14	351	0.440443
GH95	722	FUN_006225-T1	335	4.6e-87	413	714	3	328	0.416898
GH27	229	FUN_006234-T1	473	4.4e-43	5	228	175	449	0.973799
GH30_3	417	FUN_006237-T1	476	1.3e-119	10	416	56	472	0.973621
GH30	417	FUN_006237-T1	476	9.6e-110	21	416	57	473	0.947242
GH30_1	416	FUN_006237-T1	476	2.3e-76	9	415	57	471	0.975962
GH30_2	417	FUN_006237-T1	476	4e-51	6	415	57	470	0.980815
GH30_9	442	FUN_006237-T1	476	1.2e-43	10	432	57	461	0.954751
GH30_6	450	FUN_006237-T1	476	2.1e-28	7	408	58	455	0.891111
GH30_7	443	FUN_006237-T1	476	3.9e-24	9	400	57	456	0.882619
GH30_8	342	FUN_006237-T1	476	1e-19	6	228	56	325	0.649123
GH36	688	FUN_006261-T1	746	2.7e-235	1	687	36	728	0.997093
GH47	446	FUN_006273-T1	599	1.8e-157	1	446	106	596	0.997758
GH2	752	FUN_006278-T1	942	6.7e-64	50	581	43	839	0.706117
GH55	740	FUN_006285-T1	763	7.1e-219	5	739	31	761	0.991892
GH109	399	FUN_006293-T1	363	1.5e-19	4	161	4	153	0.393484
GT32	90	FUN_006362-T1	373	2.7e-18	3	89	129	213	0.955556
GH72	312	FUN_006368-T1	540	3.7e-129	3	311	20	331	0.987179
CBM43	83	FUN_006368-T1	540	1.6e-18	0	82	380	467	0.987952
AA3_2	568	FUN_006372-T1	583	6.1e-149	1	566	28	577	0.994718
AA3	618	FUN_006372-T1	583	5.8e-73	84	401	24	580	0.512945
AA3_3	590	FUN_006372-T1	583	6.1e-60	1	317	28	338	0.535593
GH128	224	FUN_006381-T1	272	9.4e-47	7	224	43	264	0.968750
GT8	257	FUN_006451-T1	546	4.7e-45	28	254	8	223	0.879377
GH67	669	FUN_006539-T1	847	1.1e-266	1	668	21	701	0.997010
GT15	273	FUN_006591-T1	394	9.4e-118	0	272	73	352	0.996337
AA2	255	FUN_006635-T1	927	8.5e-24	18	195	60	242	0.694118
GH5_24	315	FUN_006718-T1	528	2e-158	0	315	183	498	1.000000
GH5_1	310	FUN_006718-T1	528	1.3e-57	0	304	185	493	0.980645
GH5_51	351	FUN_006718-T1	528	2.7e-56	0	348	183	491	0.991453
GH5_11	313	FUN_006718-T1	528	4.9e-45	0	313	183	490	1.000000
GH5	275	FUN_006718-T1	528	6.3e-39	1	242	183	501	0.876364
GH5_20	344	FUN_006718-T1	528	1.2e-25	2	237	190	411	0.683140
GH18	296	FUN_006733-T1	1269	2.6e-48	5	278	438	785	0.922297
AA7	458	FUN_006743-T1	574	1.3e-53	18	208	134	331	0.414847
CE5	189	FUN_006746-T1	302	5.4e-42	0	189	31	237	1.000000
AA9	220	FUN_006748-T1	344	1.1e-68	1	219	9	233	0.990909
AA7	458	FUN_006806-T1	488	6.8e-33	7	185	33	215	0.388646
GH128	224	FUN_006884-T1	452	1e-54	6	224	234	449	0.973214
GH18	296	FUN_006887-T1	324	4.7e-26	1	198	25	272	0.665541
AA3_1	548	FUN_006906-T1	739	1.2e-78	10	541	211	732	0.968978
AA3	618	FUN_006906-T1	739	1.1e-50	87	394	215	732	0.496764
AA3_2	568	FUN_006906-T1	739	1.8e-41	3	563	218	733	0.985915
GT22	389	FUN_006911-T1	515	5.6e-78	0	386	4	395	0.992288
GH18	296	FUN_000008-T1	343	3.4e-22	2	198	38	293	0.662162
AA3_2	568	FUN_000010-T1	540	5e-137	1	328	13	325	0.575704
AA3	618	FUN_000010-T1	540	1.4e-88	88	406	13	536	0.514563
AA3_3	590	FUN_000010-T1	540	2.4e-56	2	317	14	316	0.533898
AA3_1	548	FUN_000010-T1	540	1.5e-48	10	326	8	317	0.576642
GT4	160	FUN_000023-T1	646	1.9e-32	6	159	407	577	0.956250
GH2	752	FUN_000038-T1	943	2.3e-59	68	542	151	776	0.630319
GH31	427	FUN_000040-T1	846	7.9e-104	1	427	230	714	0.997658
GH12	156	FUN_000055-T1	328	3.5e-24	19	150	178	315	0.839744
GT2_Glyco_tranf_2_3	230	FUN_000056-T1	742	1.6e-20	1	229	219	453	0.991304
AA11	191	FUN_000117-T1	416	2.1e-72	0	188	17	219	0.984293
GH79	455	FUN_000122-T1	542	8.3e-87	1	436	35	517	0.956044
GT21	233	FUN_000150-T1	528	1.6e-86	0	233	50	358	1.000000
GH81	622	FUN_000170-T1	863	5.8e-123	16	622	66	713	0.974277
CE16	267	FUN_000187-T1	348	8.1e-86	0	266	29	331	0.996255
GH55	740	FUN_000197-T1	800	4.2e-218	9	739	52	796	0.986486
CE5	189	FUN_000201-T1	248	1.2e-47	0	186	77	244	0.984127
GH3	216	FUN_000268-T1	887	1e-61	5	216	102	314	0.976852
GH18	296	FUN_000308-T1	340	4.1e-19	3	197	13	231	0.655405
GH31	427	FUN_000312-T1	964	6.3e-147	1	427	366	815	0.997658
GH154	348	FUN_000331-T1	665	2.7e-122	0	348	20	370	1.000000
GH16_1	229	FUN_000425-T1	375	8.6e-90	2	228	120	352	0.986900
GH16	189	FUN_000425-T1	375	7.9e-20	11	188	99	371	0.936508
GH76	358	FUN_000443-T1	460	3.9e-113	11	356	29	403	0.963687
GH16_1	229	FUN_000568-T1	708	2.1e-65	1	228	61	304	0.991266
GH16	189	FUN_000568-T1	708	3.4e-22	11	176	35	306	0.873016
GH47	446	FUN_000582-T1	568	6.9e-154	0	446	100	565	1.000000
AA2	255	FUN_000607-T1	355	1.2e-60	2	254	84	337	0.988235
GH13_40	359	FUN_000630-T1	573	4.3e-170	0	359	33	385	1.000000
GH13_31	349	FUN_000630-T1	573	6.2e-150	0	349	33	385	1.000000
GH13_29	344	FUN_000630-T1	573	1e-132	0	343	32	384	0.997093
GH13_23	344	FUN_000630-T1	573	4.9e-115	0	342	33	384	0.994186
GH13_17	350	FUN_000630-T1	573	4.9e-91	0	191	33	225	0.545714
GH13_30	365	FUN_000630-T1	573	2.4e-84	0	364	33	383	0.997260
GH13	299	FUN_000630-T1	573	8.1e-81	11	292	32	385	0.939799
GH13_36	314	FUN_000630-T1	573	1.5e-79	0	313	33	384	0.996815
GH13_16	353	FUN_000630-T1	573	2e-74	0	244	33	294	0.691218
GH13_35	351	FUN_000630-T1	573	3.5e-69	0	185	33	220	0.527066
GH13_21	308	FUN_000630-T1	573	1.2e-60	0	306	33	384	0.993506
GH13_20	300	FUN_000630-T1	573	8.1e-54	0	166	33	217	0.553333
GH13_4	400	FUN_000630-T1	573	2e-43	1	187	33	218	0.465000
GH13_2	310	FUN_000630-T1	573	2.8e-36	1	177	33	217	0.567742
GH13_1	306	FUN_000630-T1	573	8e-35	1	299	33	383	0.973856
GH13_39	316	FUN_000630-T1	573	2.2e-34	0	167	33	217	0.528481
GH13_14	289	FUN_000630-T1	573	1.4e-33	1	289	43	379	0.996540
GH13_41	294	FUN_000630-T1	573	6.3e-28	0	161	33	216	0.547619
GH13_18	343	FUN_000630-T1	573	8.9e-27	2	158	52	219	0.454810
GH13_10	313	FUN_000630-T1	573	6.2e-22	3	148	32	219	0.463259
GH13_3	210	FUN_000630-T1	573	3.7e-20	2	147	40	211	0.690476
GH13_32	269	FUN_000630-T1	573	1.3e-19	0	156	49	218	0.579926
GT22	389	FUN_000633-T1	582	9.6e-89	4	358	20	408	0.910026
GH74	233	FUN_000711-T1	838	3.9e-55	16	112	83	182	0.412017
GT4	160	FUN_000828-T1	548	7.7e-25	4	126	350	483	0.762500
GH18	296	FUN_000888-T1	424	6.9e-82	5	286	41	390	0.949324
GH132	303	FUN_000930-T1	436	1.5e-100	9	302	130	434	0.966997
GH20	337	FUN_001001-T1	582	1.5e-86	5	336	182	529	0.982196
GT2_Chitin_synth_2	527	FUN_001012-T1	1216	1.2e-291	2	527	654	1178	0.996205
GH3	216	FUN_001035-T1	682	4e-33	2	140	86	232	0.638889
GH37	491	FUN_001079-T1	741	4e-154	1	490	142	706	0.995927
GH2	752	FUN_001132-T1	894	6.5e-83	26	502	2	677	0.632979
GH89	663	FUN_001148-T1	758	1.5e-203	1	653	66	740	0.983409
GH1	429	FUN_001199-T1	466	1.7e-158	4	423	1	458	0.976690
AA11	191	FUN_001254-T1	421	3.2e-71	0	188	20	214	0.984293
CE4	130	FUN_001269-T1	268	6.3e-24	5	128	68	197	0.946154
GT66	693	FUN_001290-T1	743	5.1e-193	7	599	21	664	0.854257
AA1	358	FUN_001354-T1	715	5.2e-109	6	357	174	668	0.980447
AA1_2	337	FUN_001354-T1	715	1.1e-84	1	330	176	539	0.976261
AA1_3	312	FUN_001354-T1	715	1.1e-78	11	304	156	465	0.939103
AA1_1	303	FUN_001354-T1	715	2.3e-68	1	296	170	494	0.973597
GH38	269	FUN_001493-T1	1077	1.9e-87	1	256	282	541	0.947955
GH16_18	158	FUN_001509-T1	380	1e-67	1	158	69	226	0.993671
GH16_19	174	FUN_001509-T1	380	2.4e-41	9	174	68	229	0.948276
GH16_21	206	FUN_001509-T1	380	1.3e-21	62	184	89	212	0.592233
GH16	189	FUN_001509-T1	380	5.2e-21	54	176	83	227	0.645503
GT62	268	FUN_001529-T1	372	1.8e-104	4	267	73	337	0.981343
GT34	246	FUN_001563-T1	459	1.2e-85	1	245	155	420	0.991870
GH16_1	229	FUN_001564-T1	319	3.2e-85	2	229	66	296	0.991266
GH16	189	FUN_001564-T1	319	5.2e-25	42	189	82	315	0.777778
GH95	722	FUN_001583-T1	794	5.4e-219	7	718	26	770	0.984765
GH18	296	FUN_001613-T1	621	2.8e-67	4	284	278	607	0.945946
AA9	220	FUN_001639-T1	208	1.4e-56	38	219	16	193	0.822727
AA7	458	FUN_001724-T1	553	7.1e-44	20	187	74	253	0.364629
GH30_3	417	FUN_001725-T1	490	2.5e-124	6	416	66	486	0.983213
GH30	417	FUN_001725-T1	490	6.5e-113	22	416	72	487	0.944844
GH30_1	416	FUN_001725-T1	490	1.1e-71	11	416	73	486	0.973558
GH30_2	417	FUN_001725-T1	490	4.7e-55	8	415	73	484	0.976019
GH30_9	442	FUN_001725-T1	490	9.3e-48	11	430	72	473	0.947964
GH30_7	443	FUN_001725-T1	490	7.9e-30	11	403	73	474	0.884876
GH30_6	450	FUN_001725-T1	490	4.7e-23	9	407	74	469	0.884444
GH30_8	342	FUN_001725-T1	490	4e-18	6	339	70	469	0.973684
GT32	90	FUN_001731-T1	341	3.4e-20	1	86	108	188	0.944444
GT15	273	FUN_001757-T1	499	7.4e-127	0	272	113	417	0.996337
AA3_2	568	FUN_001760-T1	579	1.7e-148	1	567	7	573	0.996479
AA3	618	FUN_001760-T1	579	3.8e-84	86	402	5	576	0.511327
AA3_3	590	FUN_001760-T1	579	2.9e-53	2	450	8	462	0.759322
GH16_19	174	FUN_001774-T1	472	2.4e-79	6	174	103	270	0.965517
GH16_18	158	FUN_001774-T1	472	2.8e-44	4	158	110	267	0.974684
GH16	189	FUN_001774-T1	472	1.8e-24	7	185	90	264	0.941799
GH16_21	206	FUN_001774-T1	472	3.4e-24	54	193	119	263	0.674757
GH16_20	162	FUN_001774-T1	472	2.9e-18	4	153	109	257	0.919753
GH16_27	138	FUN_001774-T1	472	5e-18	9	133	128	254	0.898551
AA7	458	FUN_001781-T1	608	2.6e-66	12	456	39	493	0.969432
GH79	455	FUN_001808-T1	517	1.8e-62	2	417	39	459	0.912088
GH3	216	FUN_001816-T1	860	8.7e-61	2	215	170	420	0.986111
GH3	216	FUN_001826-T1	706	4.5e-59	2	216	24	238	0.990741
AA14	255	FUN_001848-T1	286	4.3e-80	0	252	17	285	0.988235
GH62	278	FUN_001852-T1	228	6e-101	78	278	4	198	0.719424
GH71	375	FUN_001854-T1	563	2.6e-144	0	374	44	435	0.997333
GH106	824	FUN_001865-T1	1072	3.3e-70	95	769	105	851	0.817961
GH27	229	FUN_001867-T1	750	4.9e-26	7	202	428	669	0.851528
GH31	427	FUN_001874-T1	424	2.8e-57	0	212	96	318	0.496487
GH18	296	FUN_001878-T1	390	1.3e-27	4	291	33	329	0.969595
GT15	273	FUN_001896-T1	451	8.3e-51	1	266	26	344	0.970696
AA3_2	568	FUN_001917-T1	543	2.4e-141	1	329	12	325	0.577465
AA3	618	FUN_001917-T1	543	2.9e-93	86	407	10	540	0.519417
AA3_3	590	FUN_001917-T1	543	1.1e-62	2	323	13	322	0.544068
AA3_1	548	FUN_001917-T1	543	2.2e-48	11	545	8	531	0.974453
AA2	255	FUN_001929-T1	792	5.8e-41	15	115	127	228	0.392157
PL8_4	243	FUN_002025-T1	785	3.1e-89	0	242	386	632	0.995885
PL8	259	FUN_002025-T1	785	2.5e-44	2	256	386	633	0.980695
PL8_3	249	FUN_002025-T1	785	7.9e-42	1	220	385	609	0.879518
GT4	160	FUN_002028-T1	521	1.1e-37	5	160	249	407	0.968750
GH128	224	FUN_002052-T1	319	1.2e-66	3	224	41	281	0.986607
GH16_3	230	FUN_002064-T1	287	3.6e-58	0	230	31	285	1.000000
GH16	189	FUN_002064-T1	287	3.3e-38	1	188	31	284	0.989418
GH16_5	238	FUN_002064-T1	287	4.1e-21	80	238	92	285	0.663866
GT20	475	FUN_002089-T1	874	1e-154	15	473	23	551	0.964211
GT64	248	FUN_002108-T1	364	4.9e-56	0	243	110	357	0.979839
GH5_31	283	FUN_002113-T1	388	1.7e-45	2	282	41	313	0.989399
GH5	275	FUN_002113-T1	388	9.3e-26	33	242	37	319	0.760000
GH5_7	289	FUN_002113-T1	388	9.5e-21	7	255	41	284	0.858131
GT1	382	FUN_002120-T1	1432	6.7e-53	4	378	945	1366	0.979058
GH18	296	FUN_002192-T1	337	4e-54	48	281	22	309	0.787162
CE1	227	FUN_002242-T1	295	4.5e-19	2	191	47	282	0.832599
AA7	458	FUN_002247-T1	512	5.8e-39	10	181	34	213	0.373362
GH71	375	FUN_002249-T1	457	1.6e-70	18	373	61	431	0.946667
GH7	415	FUN_002252-T1	459	1.5e-138	0	414	23	393	0.997590
AA6	195	FUN_002280-T1	201	8.6e-85	0	192	3	198	0.984615
GT90	250	FUN_002289-T1	937	1.3e-41	10	248	635	911	0.952000
GT1	382	FUN_002312-T1	1116	5e-46	177	368	261	483	0.500000
PL20	229	FUN_007004-T1	258	5.3e-116	0	228	23	257	0.995633
GH15	361	FUN_007007-T1	659	1.5e-78	16	360	89	490	0.952909
CBM20	90	FUN_007007-T1	659	1.7e-26	0	85	556	644	0.944444
AA1_2	337	FUN_007076-T1	631	5.6e-154	1	336	40	376	0.994065
AA1	358	FUN_007076-T1	631	2.1e-108	6	357	38	487	0.980447
AA1_3	312	FUN_007076-T1	631	5.9e-65	10	297	18	303	0.919872
AA1_1	303	FUN_007076-T1	631	1.4e-64	1	297	33	326	0.976898
CE5	189	FUN_007186-T1	299	2.7e-47	3	188	27	222	0.978836
GT2_Glycos_transf_2	170	FUN_007250-T1	243	9.9e-37	0	169	11	181	0.994118
GH92	491	FUN_007279-T1	753	5.8e-164	2	490	211	731	0.993890
GH79	455	FUN_007283-T1	488	3.4e-61	1	425	22	452	0.931868
GH16_3	230	FUN_007292-T1	310	5.8e-39	0	214	51	269	0.930435
GH16	189	FUN_007292-T1	310	3.5e-28	11	176	63	271	0.873016
GH16_5	238	FUN_007292-T1	310	3.4e-20	12	219	65	266	0.869748
GH55	740	FUN_007293-T1	764	2.8e-162	7	714	31	733	0.955405
PL7_4	214	FUN_007297-T1	248	4.2e-88	0	214	28	248	1.000000
PL7	231	FUN_007297-T1	248	3.9e-45	0	231	28	248	1.000000
PL7_1	219	FUN_007297-T1	248	2.8e-23	1	219	29	248	0.995434
PL7_3	214	FUN_007297-T1	248	1.1e-20	0	193	29	235	0.901869
CE4	130	FUN_007305-T1	260	7.6e-19	29	127	1	100	0.753846
GH5_15	300	FUN_007307-T1	429	2.2e-128	2	299	97	400	0.990000
GH5_9	303	FUN_007307-T1	429	5.9e-39	0	235	105	356	0.775578
GH5	275	FUN_007307-T1	429	2.4e-28	19	257	99	414	0.865455
GH5_50	283	FUN_007307-T1	429	1.6e-27	1	281	104	392	0.989399
GH5_49	293	FUN_007307-T1	429	1.9e-21	0	290	102	394	0.989761
GH28	325	FUN_007311-T1	457	1.2e-55	43	319	112	438	0.849231
GH65	372	FUN_007320-T1	632	1.9e-69	0	296	358	619	0.795699
GH45	198	FUN_007352-T1	242	4.1e-18	0	113	19	115	0.570707
GH24	137	FUN_007372-T1	268	5.6e-39	0	137	107	250	1.000000
GH18	296	FUN_007425-T1	359	1.6e-18	3	211	33	293	0.702703
GT32	90	FUN_007446-T1	366	1.9e-22	1	83	116	193	0.911111
AA7	458	FUN_007451-T1	502	7.3e-54	18	195	77	256	0.386463
AA7	458	FUN_007454-T1	510	1.1e-52	13	453	80	502	0.960699
GH64	367	FUN_007479-T1	445	1.3e-83	3	367	65	440	0.991826
GT34	246	FUN_007505-T1	332	4e-72	1	242	65	314	0.979675
GH5_5	282	FUN_007526-T1	438	4.5e-89	0	281	23	316	0.996454
GH5	275	FUN_007526-T1	438	8.8e-32	39	237	65	315	0.720000
GH5_4	276	FUN_007526-T1	438	2.8e-20	16	244	65	281	0.826087
AA3_2	568	FUN_007533-T1	585	1.9e-163	1	567	2	583	0.996479
AA3	618	FUN_007533-T1	585	2.9e-87	87	400	1	584	0.506472
AA3_3	590	FUN_007533-T1	585	4.5e-70	2	448	3	474	0.755932
AA3_1	548	FUN_007533-T1	585	5.2e-59	15	374	2	367	0.655109
CE5	189	FUN_007544-T1	235	7e-43	0	187	28	232	0.989418
AA2	255	FUN_007547-T1	564	1.4e-26	16	244	65	295	0.894118
AA1	358	FUN_007590-T1	610	9.6e-73	5	357	40	587	0.983240
AA1_3	312	FUN_007590-T1	610	5.7e-55	10	269	27	365	0.830128
AA1_1	303	FUN_007590-T1	610	1e-37	1	172	42	227	0.564356
AA7	458	FUN_007592-T1	475	8.1e-48	11	181	20	198	0.371179
GH18	296	FUN_007625-T1	401	1.5e-25	3	203	30	268	0.675676
GH28	325	FUN_007685-T1	379	3e-73	19	320	53	373	0.926154
GH11	177	FUN_007687-T1	229	2.4e-61	4	175	55	224	0.966102
GH39	431	FUN_007691-T1	440	8.1e-20	112	292	119	284	0.417633
GH16_21	206	FUN_007692-T1	206	2e-24	4	202	14	198	0.961165
GH16	189	FUN_007692-T1	206	8.8e-19	8	186	15	201	0.941799
GH64	367	FUN_007720-T1	379	2.4e-109	0	367	2	376	1.000000
GH16_23	192	FUN_007721-T1	396	2.7e-89	6	192	111	298	0.968750
GH16_21	206	FUN_007721-T1	396	6.4e-21	53	205	135	295	0.737864
GH16	189	FUN_007721-T1	396	1.3e-20	29	189	95	298	0.846561
GT57	481	FUN_007817-T1	501	5e-176	2	479	15	493	0.991684
GH72	312	FUN_007949-T1	478	6.2e-114	3	312	16	332	0.990385
GT90	250	FUN_007995-T1	543	3.7e-63	12	248	256	529	0.944000
GH16_22	216	FUN_008048-T1	427	5e-91	2	216	96	314	0.990741
GH16	189	FUN_008048-T1	427	4e-24	3	188	86	314	0.978836
GH16_23	192	FUN_008048-T1	427	3e-20	5	190	131	313	0.963542
CE1	227	FUN_008063-T1	286	8.5e-48	1	225	24	281	0.986784
GH55	740	FUN_008091-T1	776	6e-289	3	739	31	773	0.994595
GH3	216	FUN_008109-T1	883	8.3e-57	2	216	94	316	0.990741
AA7	458	FUN_008139-T1	514	2.3e-45	4	209	55	262	0.447598
GH65	372	FUN_008145-T1	1079	4.2e-80	2	369	405	769	0.986559
AA7	458	FUN_008202-T1	474	4.6e-84	6	219	40	261	0.465066
CE4	130	FUN_008209-T1	304	8.1e-31	5	127	87	221	0.938462
CBM21	107	FUN_008242-T1	656	1.6e-32	1	107	321	430	0.990654
GH18	296	FUN_008259-T1	605	1.8e-34	4	158	416	604	0.520270
GH75	220	FUN_008261-T1	265	2e-76	8	219	12	227	0.959091
GH30_7	443	FUN_008271-T1	438	6.7e-151	2	248	27	269	0.555305
GH30	417	FUN_008271-T1	438	1.1e-76	8	415	21	436	0.976019
GH30_3	417	FUN_008271-T1	438	1.7e-41	3	220	26	248	0.520384
GH30_1	416	FUN_008271-T1	438	5.2e-33	2	212	27	244	0.504808
GH30_8	342	FUN_008271-T1	438	9e-30	1	157	28	224	0.456140
GH30_4	484	FUN_008271-T1	438	2e-27	1	185	28	205	0.380165
GH30_2	417	FUN_008271-T1	438	1e-22	1	221	29	240	0.527578
GH30_5	456	FUN_008271-T1	438	8e-18	0	240	29	256	0.526316
GH7	415	FUN_008275-T1	514	2.2e-185	1	414	19	447	0.995181
GH92	491	FUN_008288-T1	674	1.6e-148	1	491	157	659	0.997963
GH20	337	FUN_008296-T1	603	7.5e-86	7	336	206	550	0.976261
GH3	216	FUN_008298-T1	533	2.3e-58	7	215	68	291	0.962963
AA3_3	590	FUN_008305-T1	616	2.1e-265	0	590	7	613	1.000000
AA3_2	568	FUN_008305-T1	616	1.2e-126	1	567	8	610	0.996479
AA3	618	FUN_008305-T1	616	1.5e-82	84	401	4	612	0.512945
AA3_1	548	FUN_008305-T1	616	1.5e-42	9	287	2	302	0.507299
CE4	130	FUN_008307-T1	495	1.2e-33	7	125	143	271	0.907692
AA7	458	FUN_008371-T1	485	2.4e-59	11	454	55	474	0.967249
GH92	491	FUN_008376-T1	821	7.5e-167	3	490	266	802	0.991853
GH95	722	FUN_008395-T1	385	2e-93	363	705	1	369	0.473684
GH95	722	FUN_008396-T1	400	1.1e-81	5	355	18	400	0.484765
GH18	296	FUN_008419-T1	401	2.3e-23	4	290	33	322	0.966216
GH64	367	FUN_008425-T1	449	1e-91	2	367	71	445	0.994550
GT32	90	FUN_008520-T1	373	1.2e-18	4	88	106	188	0.933333
GT8	257	FUN_008523-T1	378	2e-21	25	256	65	317	0.898833
AA1_3	312	FUN_008546-T1	563	8e-123	0	309	35	353	0.990385
AA1	358	FUN_008546-T1	563	2.7e-115	6	357	64	520	0.980447
AA1_2	337	FUN_008546-T1	563	1.2e-71	1	328	66	412	0.970326
AA1_1	303	FUN_008546-T1	563	5.8e-65	0	279	59	347	0.920792
GH16_3	230	FUN_008598-T1	483	1.4e-47	3	209	150	428	0.895652
GH16	189	FUN_008598-T1	483	2.3e-37	3	176	149	439	0.915344
GH16_5	238	FUN_008598-T1	483	3.4e-24	54	204	185	381	0.630252
GH16_6	274	FUN_008598-T1	483	3.9e-19	72	252	244	426	0.656934
GT2_Glyco_trans_2_3	197	FUN_008599-T1	894	2.9e-53	0	186	510	719	0.944162
GH47	446	FUN_008614-T1	549	2.8e-151	1	445	71	546	0.995516
GH92	491	FUN_008650-T1	794	2.3e-158	4	490	265	774	0.989817
GH16_18	158	FUN_008652-T1	401	2.1e-67	1	158	69	227	0.993671
GH16_19	174	FUN_008652-T1	401	1.1e-43	8	174	67	230	0.954023
GH16	189	FUN_008652-T1	401	6e-23	51	176	80	223	0.661376
GH16_21	206	FUN_008652-T1	401	3.4e-19	55	186	82	216	0.635922
GH47	446	FUN_008680-T1	564	3e-158	0	446	97	558	1.000000
AA12	401	FUN_008681-T1	512	4.8e-165	7	401	33	427	0.982544
GT76	407	FUN_008741-T1	436	5.2e-112	2	407	16	436	0.995086
GH47	446	FUN_008744-T1	523	4.2e-132	0	445	41	511	0.997758
GH18	296	FUN_008758-T1	376	3.1e-52	3	284	20	357	0.949324
GH18	296	FUN_008767-T1	438	3e-71	1	287	43	404	0.966216
AA4	522	FUN_008909-T1	522	8.6e-24	9	238	88	308	0.438697
AA7	458	FUN_008909-T1	522	1.4e-19	7	200	125	324	0.421397
GH47	446	FUN_008914-T1	699	6e-167	0	446	172	666	1.000000
GT39	223	FUN_008919-T1	773	3.9e-70	1	223	60	305	0.995516
GT69	239	FUN_008920-T1	415	1.7e-85	0	238	62	318	0.995816
GH5_7	289	FUN_008966-T1	436	1.4e-85	1	289	61	334	0.996540
GH5	275	FUN_008966-T1	436	8.7e-34	11	239	46	342	0.829091
GH5_41	256	FUN_008966-T1	436	2e-24	4	171	67	244	0.652344
GH18	296	FUN_008992-T1	1125	4.2e-54	4	278	364	719	0.925676
GT22	389	FUN_009033-T1	659	3e-92	1	389	58	509	0.997429
GT20	475	FUN_009071-T1	905	6e-159	31	475	155	613	0.934737
GH133	372	FUN_009120-T1	1557	9.8e-157	4	371	1082	1542	0.986559
GH92	491	FUN_009155-T1	853	1.6e-155	2	491	337	844	0.995927
GT59	404	FUN_009164-T1	695	1.9e-136	1	404	67	612	0.997525
GT15	273	FUN_009221-T1	406	5.6e-126	0	272	82	353	0.996337
GT58	364	FUN_009229-T1	420	2.9e-144	3	364	25	389	0.991758
GH55	740	FUN_009248-T1	767	6.8e-202	4	732	23	751	0.983784
GT64	248	FUN_009255-T1	354	8.1e-53	0	244	90	336	0.983871
GT32	90	FUN_009256-T1	359	6.3e-20	2	84	88	165	0.911111
GH5_5	282	FUN_009288-T1	471	5e-95	29	281	67	324	0.893617
GH5	275	FUN_009288-T1	471	7.5e-34	36	238	68	324	0.734545
GH5_4	276	FUN_009288-T1	471	1.2e-22	12	260	68	304	0.898551
GH5_25	262	FUN_009288-T1	471	5.9e-20	14	172	73	244	0.603053
GH5_39	293	FUN_009288-T1	471	5.7e-19	15	152	74	211	0.467577
GH79	455	FUN_009291-T1	414	5.6e-27	47	389	4	341	0.751648
GH105	332	FUN_009294-T1	372	5.2e-107	7	331	46	368	0.975904
GH6	294	FUN_009295-T1	328	2.1e-92	19	290	1	287	0.921769
GH18	296	FUN_002340-T1	338	2e-52	2	270	18	328	0.905405
GH76	358	FUN_002356-T1	613	2.3e-56	18	329	63	488	0.868715
GH2	752	FUN_002371-T1	854	1.3e-91	26	587	3	773	0.746011
GT24	248	FUN_002428-T1	1486	2.1e-135	0	248	1170	1418	1.000000
GT48	739	FUN_002429-T1	1938	0.0	0	733	851	1631	0.991881
GT25	181	FUN_002431-T1	393	8.5e-26	1	168	82	293	0.922652
AA3_2	568	FUN_002538-T1	598	5.3e-172	0	568	11	593	1.000000
AA3	618	FUN_002538-T1	598	2.4e-88	85	404	9	597	0.516181
AA3_3	590	FUN_002538-T1	598	4.1e-76	2	461	13	490	0.777966
GH5_12	539	FUN_002568-T1	770	1.5e-223	0	539	14	548	1.000000
GH5	275	FUN_002568-T1	770	3.2e-31	3	238	14	549	0.854545
GH5_43	371	FUN_002568-T1	770	2e-18	0	207	14	253	0.557951
GH5_27	324	FUN_002568-T1	770	2.2e-18	0	193	47	253	0.595679
GH1	429	FUN_002585-T1	484	5.2e-160	3	427	5	477	0.988345
AA7	458	FUN_002618-T1	571	9.3e-50	18	204	128	325	0.406114
GT1	382	FUN_002621-T1	512	5.8e-19	228	382	320	509	0.403141
GT109	411	FUN_002628-T1	276	3.3e-59	5	232	13	252	0.552311
GH92	491	FUN_002632-T1	810	5.7e-156	3	490	261	762	0.991853
GH43_11	292	FUN_002639-T1	553	6.6e-148	0	292	3	295	1.000000
GH43_12	281	FUN_002639-T1	553	4.3e-93	0	280	4	294	0.996441
GH43_13	304	FUN_002639-T1	553	1.3e-80	0	303	3	294	0.996711
GH43_14	291	FUN_002639-T1	553	3.2e-78	1	290	4	294	0.993127
GH43	248	FUN_002639-T1	553	7.9e-64	0	247	3	295	0.995968
GH43_10	271	FUN_002639-T1	553	2.4e-52	0	270	4	294	0.996310
GH43_9	272	FUN_002639-T1	553	9e-50	0	272	4	295	1.000000
CBM91	200	FUN_002639-T1	553	2.2e-47	2	198	320	535	0.980000
GH43_8	281	FUN_002639-T1	553	8.8e-35	0	280	5	294	0.996441
GH43_34	280	FUN_002639-T1	553	1.2e-32	0	278	5	292	0.992857
GH43_15	274	FUN_002639-T1	553	1.8e-29	2	271	5	289	0.981752
GH43_3	299	FUN_002639-T1	553	1.7e-28	1	298	4	294	0.993311
GH43_36	266	FUN_002639-T1	553	4.7e-25	1	265	5	294	0.992481
GH43_30	265	FUN_002639-T1	553	2e-24	2	262	13	277	0.981132
GH43_31	268	FUN_002639-T1	553	3.7e-22	3	251	13	268	0.925373
GH43_29	278	FUN_002639-T1	553	3e-20	0	275	5	292	0.989209
GH43_4	310	FUN_002639-T1	553	5.7e-20	3	239	14	237	0.761290
GH43_33	315	FUN_002639-T1	553	7e-18	3	133	13	141	0.412698
GT20	475	FUN_002680-T1	536	6.1e-204	7	474	9	478	0.983158
GH16_18	158	FUN_002699-T1	424	3.6e-44	1	158	83	251	0.993671
GH16_19	174	FUN_002699-T1	424	2.2e-39	15	172	88	252	0.902299
GH16_21	206	FUN_002699-T1	424	8.9e-22	12	187	48	242	0.849515
GH16	189	FUN_002699-T1	424	3.1e-20	9	175	49	238	0.878307
GH47	446	FUN_002779-T1	1065	2.3e-168	1	446	237	1055	0.997758
GT69	239	FUN_002892-T1	552	3.8e-50	1	233	202	451	0.970711
GH18	296	FUN_002915-T1	397	2.2e-82	2	286	5	358	0.959459
CE9	373	FUN_003041-T1	437	1.8e-116	0	363	17	409	0.973190
GH3	216	FUN_003042-T1	929	2.5e-49	8	215	85	311	0.958333
AA7	458	FUN_003048-T1	502	1e-52	5	211	64	269	0.449782
GH5_9	303	FUN_003056-T1	764	3.1e-103	0	303	398	721	1.000000
GH5_45	299	FUN_003056-T1	764	1e-31	2	241	397	633	0.799331
GH5_14	277	FUN_003056-T1	764	1.8e-29	2	232	396	633	0.830325
GH5_50	283	FUN_003056-T1	764	2.1e-28	0	223	396	618	0.787986
GH5	275	FUN_003056-T1	764	2.9e-28	19	274	390	722	0.927273
GH5_15	300	FUN_003056-T1	764	2e-21	3	230	391	610	0.756667
GH5_46	257	FUN_003056-T1	764	6.7e-21	5	216	394	604	0.821012
GH5_22	286	FUN_003056-T1	764	4.7e-19	7	216	388	609	0.730769
GH115	697	FUN_003089-T1	984	2.9e-233	12	586	19	630	0.823529
GH81	622	FUN_003093-T1	712	6.9e-219	8	622	27	707	0.987138
GT50	262	FUN_003206-T1	417	6.5e-99	0	262	135	403	1.000000
GT2_Chitin_synth_1	163	FUN_003296-T1	906	1.2e-70	0	163	212	381	1.000000
GT2_Chitin_synth_2	527	FUN_003296-T1	906	2.4e-27	202	406	357	569	0.387097
GT62	268	FUN_003319-T1	404	1.4e-108	1	267	98	362	0.992537
GH72	312	FUN_003331-T1	456	6.2e-125	2	311	31	332	0.990385
GH43_34	280	FUN_003358-T1	503	6.1e-100	0	280	35	316	1.000000
GH43_29	278	FUN_003358-T1	503	5.2e-61	2	278	37	317	0.992806
GH43	248	FUN_003358-T1	503	1.1e-59	2	247	35	317	0.987903
GH43_3	299	FUN_003358-T1	503	5.7e-58	2	297	35	314	0.986622
GH43_33	315	FUN_003358-T1	503	1.5e-49	8	146	48	189	0.438095
GH43_16	311	FUN_003358-T1	503	1.1e-46	1	311	35	317	0.996785
GH43_2	273	FUN_003358-T1	503	3.9e-46	1	273	43	316	0.996337
GH43_31	268	FUN_003358-T1	503	1.2e-42	2	262	42	305	0.970149
GH43_32	267	FUN_003358-T1	503	4.8e-42	0	266	52	314	0.996255
GH43_30	265	FUN_003358-T1	503	1.3e-35	2	253	43	292	0.947170
GH43_9	272	FUN_003358-T1	503	6.8e-33	1	271	35	316	0.992647
GH43_19	233	FUN_003358-T1	503	1.7e-32	3	220	42	314	0.931330
GH43_1	310	FUN_003358-T1	503	3.5e-32	5	151	40	184	0.470968
GH43_10	271	FUN_003358-T1	503	4.3e-31	1	250	35	290	0.918819
CBM66	155	FUN_003358-T1	503	1e-30	1	155	331	495	0.993548
GH43_26	294	FUN_003358-T1	503	1.4e-29	2	293	35	316	0.989796
GH43_8	281	FUN_003358-T1	503	2.7e-29	1	262	36	298	0.928826
GH43_24	246	FUN_003358-T1	503	4.4e-27	4	238	51	287	0.951220
GH43_12	281	FUN_003358-T1	503	4.3e-25	1	257	35	295	0.911032
GH43_22	209	FUN_003358-T1	503	1.6e-24	4	208	43	292	0.976077
GH43_11	292	FUN_003358-T1	503	2.7e-22	2	289	35	314	0.982877
GH43_5	287	FUN_003358-T1	503	1.5e-21	2	285	44	315	0.986063
GH43_37	242	FUN_003358-T1	503	9.8e-21	18	236	57	272	0.900826
GH43_4	310	FUN_003358-T1	503	1.7e-20	3	228	44	255	0.725806
GH43_18	229	FUN_003358-T1	503	1.5e-19	4	228	43	276	0.978166
GH43_14	291	FUN_003358-T1	503	2.1e-19	2	226	35	258	0.769759
GH76	358	FUN_003363-T1	456	4.5e-99	10	344	24	390	0.932961
GH30_5	456	FUN_003368-T1	479	1.8e-147	1	456	24	471	0.997807
GH30	417	FUN_003368-T1	479	2.3e-57	7	413	14	440	0.973621
GH30_4	484	FUN_003368-T1	479	3.2e-33	1	442	22	420	0.911157
GT8	257	FUN_003407-T1	313	2.7e-39	31	256	3	277	0.875486
GT2_Chitin_synth_1	163	FUN_003455-T1	914	4.9e-75	0	163	244	407	1.000000
GT2_Chitin_synth_2	527	FUN_003455-T1	914	2.8e-24	203	408	384	595	0.388994
GH76	358	FUN_003510-T1	460	4.7e-107	9	351	30	399	0.955307
GH95	722	FUN_003524-T1	795	5.4e-190	4	715	2	772	0.984765
AA2	255	FUN_003536-T1	759	1.5e-38	18	114	80	177	0.376471
GH11	177	FUN_003551-T1	223	1.3e-76	0	177	43	221	1.000000
GH30_7	443	FUN_003590-T1	459	2.6e-178	1	442	19	456	0.995485
GH30	417	FUN_003590-T1	459	4.5e-75	10	415	16	457	0.971223
GH30_3	417	FUN_003590-T1	459	3.9e-41	2	400	18	415	0.954436
GH30_4	484	FUN_003590-T1	459	9.1e-40	1	483	21	456	0.995868
GH30_8	342	FUN_003590-T1	459	1.3e-36	1	338	21	414	0.985380
GH30_1	416	FUN_003590-T1	459	1e-31	1	253	19	278	0.605769
GH30_5	456	FUN_003590-T1	459	2.7e-29	0	456	22	456	1.000000
GH30_2	417	FUN_003590-T1	459	8e-21	1	400	22	414	0.956835
CE15	269	FUN_003591-T1	393	5.5e-93	0	268	42	364	0.996283
PL20	229	FUN_003592-T1	258	2.3e-106	0	229	22	257	1.000000
GH2	752	FUN_003594-T1	957	1.8e-72	25	542	23	814	0.687500
GH75	220	FUN_003620-T1	235	1.8e-84	5	219	9	231	0.972727
GH125	402	FUN_003650-T1	530	6.3e-124	0	402	92	509	1.000000
CE3	194	FUN_003666-T1	1568	1.2e-44	0	194	55	255	1.000000
CBM24	76	FUN_003666-T1	1568	1.9e-19	1	76	939	1013	0.986842
GT4	160	FUN_003711-T1	467	7.8e-38	7	158	228	407	0.943750
CBM66	155	FUN_003755-T1	588	1.2e-68	2	155	258	413	0.987097
GH18	296	FUN_003756-T1	1236	1.1e-48	3	279	458	809	0.932432
GT39	223	FUN_003822-T1	740	1.7e-72	1	223	64	303	0.995516
GH72	312	FUN_003870-T1	457	5.9e-106	3	291	18	295	0.923077
GT4	160	FUN_003907-T1	499	1.9e-35	5	148	213	354	0.893750
GH105	332	FUN_003960-T1	383	3.2e-18	10	283	47	332	0.822289
GT2_Chitin_synth_2	527	FUN_004022-T1	1859	3.9e-247	2	527	1207	1714	0.996205
GT2_Chitin_synth_2	527	FUN_004023-T1	1767	1.1e-227	2	524	1046	1553	0.990512
GT2_Glyco_trans_2_3	197	FUN_004023-T1	1767	1e-17	1	193	1237	1473	0.974619
GT62	268	FUN_004041-T1	468	3.3e-125	2	268	83	347	0.992537
GH125	402	FUN_004102-T1	545	1.1e-162	0	402	90	525	1.000000
GT2_Chitin_synth_1	163	FUN_004118-T1	1229	1.4e-78	0	163	538	701	1.000000
GT2_Chitin_synth_2	527	FUN_004118-T1	1229	1.9e-24	203	411	678	891	0.394687
GH27	229	FUN_004146-T1	476	3.5e-41	10	229	183	453	0.956332
GH92	491	FUN_004170-T1	793	8.8e-148	2	491	256	758	0.995927
GH54	316	FUN_004179-T1	510	2.1e-152	0	314	27	344	0.993671
CBM42	136	FUN_004179-T1	510	1.8e-58	1	136	364	505	0.992647
GH10	303	FUN_004186-T1	347	5.7e-104	1	301	50	343	0.990099
GT33	425	FUN_004225-T1	474	6.8e-143	1	424	53	467	0.995294
GT35	674	FUN_004240-T1	725	5.7e-222	1	521	162	725	0.771513
CE16	267	FUN_004249-T1	342	7.3e-63	0	266	27	327	0.996255
AA11	191	FUN_004251-T1	234	2.5e-62	11	188	40	213	0.926702
GH76	358	FUN_004255-T1	476	1.9e-96	8	351	25	399	0.958101
AA7	458	FUN_004286-T1	1150	1.2e-38	12	194	304	506	0.397380
GH16_1	229	FUN_004360-T1	767	3.5e-81	8	228	50	280	0.960699
GH16	189	FUN_004360-T1	767	7.7e-21	36	189	51	300	0.809524
GH76	358	FUN_004364-T1	409	2.6e-86	15	336	33	391	0.896648
GH132	303	FUN_004451-T1	497	7.8e-82	34	302	39	314	0.884488
AA4	522	FUN_004559-T1	649	7.7e-25	10	239	169	393	0.438697
AA7	458	FUN_004559-T1	649	2.5e-22	7	204	207	417	0.430131
AA3_2	568	FUN_004567-T1	604	5e-177	2	568	7	600	0.996479
AA3	618	FUN_004567-T1	604	1.3e-86	87	401	5	601	0.508091
AA3_3	590	FUN_004567-T1	604	9.4e-78	2	448	7	485	0.755932
AA1	358	FUN_004580-T1	505	1.1e-60	63	358	0	458	0.824022
AA1_2	337	FUN_004580-T1	505	2.4e-27	57	227	1	184	0.504451
AA1_1	303	FUN_004580-T1	505	1.8e-26	68	270	2	216	0.666667
AA1_3	312	FUN_004580-T1	505	5e-19	88	262	2	182	0.557692
GH128	224	FUN_004617-T1	292	5.5e-60	3	224	44	279	0.986607
