 -1.253673 0.000100 0.000100 0.000100
 -1.292639 0.000100 0.000100 0.000100
 -1.694797 0.000100 0.000100 0.000100
 -1.361158 0.000100 0.000100 0.000100
 -1.392684 -1.272056 -1.472727 -1.418660
 -1.328400 -1.256080 -1.490919 -1.490919
 -1.282916 -1.396245 -1.570597 -1.319284
 -1.581463 -1.337842 -1.452252 -1.211091
 -1.174986 -1.416147 -1.654557 -1.357307
 -1.197284 -1.242747 -1.785069 -1.420427
 -1.419084 -1.082613 -1.601405 -1.524444
 -1.452252 -1.337842 -1.235188 -1.547562
 -1.098613 -1.249436 -2.120261 -1.347074
 -1.214784 -1.172225 -1.642227 -1.609437
 -1.206826 -1.073295 -1.928958 -1.543298
 -1.556193 -1.386294 -1.114361 -1.556193
 -1.399033 -1.425009 -1.373716 -1.349023
 -1.761545 -1.222550 -1.538402 -1.142507
 -1.376992 -1.009268 -1.728388 -1.581786
 -1.545924 -1.338285 -1.090450 -1.668526
 -1.149906 -1.290985 -1.455287 -1.742968
 -1.392684 -1.655048 -1.655048 -0.995804
 -1.321756 -1.241714 -1.727220 -1.321756
 -1.316336 -1.708377 -1.189585 -1.400893
 -1.272966 -0.950193 -2.066194 -1.576648
 -1.410200 -1.548350 -1.511982 -1.130616
 -1.082613 -1.131403 -1.642227 -1.929907
 -1.290375 -1.602748 -1.315067 -1.366360
 -1.137833 -0.972319 -2.159481 -1.682559
 -1.018074 -1.488077 -1.747587 -1.432507
 -1.665007 -0.859384 -2.001477 -1.377326
 -1.450833 -1.067842 -1.386294 -1.760986
 -1.418660 -0.978709 -1.724040 -1.590509
 -1.213023 -1.531476 -1.506783 -1.328536
 -1.631416 -0.832911 -1.631416 -1.749198
 -1.116005 -1.534714 -1.170072 -1.920375
 -1.636650 -0.741268 -2.008212 -1.636650
 -1.039424 -1.362197 -2.460804 -1.187844
 -1.767660 -0.734648 -1.721141 -1.767660
 -1.691675 -1.152680 -1.302212 -1.478101
 -0.889522 -1.527607 -1.815288 -1.563975
 -1.673976 -1.508896 -2.159482 -0.742419
 -1.000174 -1.247033 -2.163318 -1.470176
 -1.578185 -1.891841 -1.172721 -1.098613
 -1.181994 -1.678430 -2.302581 -0.899762
 -1.551808 -1.369487 -1.592630 -1.107124
 -1.598855 -1.176000 -1.978342 -1.046788
 -1.142098 -1.978344 -1.429779 -1.193391
 -0.836249 -1.643339 -1.272966 -2.371574
 -1.293401 -1.894172 -0.898748 -1.782947
 -0.623469 -3.188396 -1.173514 -2.176811
 -1.239691 -2.538969 -0.840306 -1.609437
 -14.523548 -0.000002 -14.523548 -14.523548
 -13.384734 -0.000005 -13.384734 -13.384734
 -14.508659 -0.000002 -14.508659 -14.508659
 -13.617064 -0.000004 -13.617064 -13.617064
 -1.386294 -1.386294 -1.386294 -1.386294
 -15.520260 -15.520260 -15.520260 -0.000001
 -1.386294 -1.386294 -1.386294 -1.386294
 -1.386294 -1.386294 -1.386294 -1.386294
 -1.386294 -1.386294 -1.386294 -1.386294
 -1.386294 -1.386294 -1.386294 -1.386294
 -1.386294 -1.386294 -1.386294 -1.386294
 -0.772584 -1.766623 -1.556328 -1.855571
 -0.103613 -2.972379 -3.927878 -3.591411
 -1.770704 -0.987948 -1.835242 -1.211091
 -0.505097 -1.809149 -2.268679 -2.045537
 -3.355706 -1.276294 -1.158511 -0.988613
 -2.928833 -0.260794 -3.682599 -1.890849
 -2.208269 -0.927342 -1.677645 -1.178656
 -1.592629 -1.187167 -2.131620 -0.986497
 -2.008820 -1.148624 -1.462280 -1.148624
 -1.514127 -1.139436 -2.120255 -1.078812
 -1.021652 -1.353008 -2.120262 -1.341174
 -1.446918 -1.098614 -2.322376 -1.098614
 -1.775758 -1.013620 -1.729238 -1.236763
 -1.392525 -1.274742 -1.680206 -1.252763
 -1.868719 -1.280934 -1.450010 -1.098613
 -1.386294 -0.980831 -1.974077 -1.443452
 -2.270833 -1.282225 -1.379864 -1.000375
 -1.337023 -1.650680 -1.599387 -1.068760
 -1.742968 -1.290984 -1.437587 -1.163151
 -1.766440 -1.000975 -1.928958 -1.151257
 -2.325838 -1.421386 -1.188764 -1.031922
 -1.215023 -1.291984 -2.431410 -1.076874
 -1.629916 -1.168571 -1.906168 -1.065387
 -1.355523 -0.920206 -2.212969 -1.450833
 -2.570424 -0.946807 -1.951388 -0.932821
 -0.828068 -1.415853 -1.499234 -2.332138
 -1.185153 -1.434049 -1.135556 -2.004592
 -1.113002 -1.609436 -1.203974 -1.763586
 -1.477266 -1.386294 -0.980830 -1.919097
 -14.340241 -0.000002 -14.340241 -14.340241
 -14.085541 -0.000002 -14.085541 -14.085541
 -14.375129 -0.000002 -14.375129 -14.375129
 -13.527834 -0.000004 -13.527834 -13.527834
 -1.386294 -1.386294 -1.386294 -1.386294
 -0.000001 -15.520260 -15.520260 -15.520260
 -1.386294 -1.386294 -1.386294 -1.386294
 -1.386294 -1.386294 -1.386294 -1.386294
 -15.520260 -15.520260 -0.000001 -15.520260
 -1.386294 -1.386294 -1.386294 -1.386294
 -1.386294 -1.386294 -1.386294 -1.386294
 -1.386294 -1.386294 -1.386294 -1.386294
 -1.386294 -1.386294 -1.386294 -1.386294
 -1.386294 -1.386294 -1.386294 -1.386294
 -1.354091 -1.333185 -1.168255 -1.788129
 -1.386294 -1.386294 -1.386294 -1.386294
 -1.429466 -1.171638 -2.065453 -1.127186
 -1.932209 -1.339148 -1.644529 -0.916292
 -1.922786 -1.014530 -1.740465 -1.152680
 -1.813736 -1.263692 -1.120592 -1.477266
 -1.418383 -0.998530 -2.474427 -1.186582
 -1.329136 -1.165507 -1.839960 -1.329136
 -1.405342 -1.079921 -1.527944 -1.618916
 -1.929288 -1.060252 -1.549799 -1.217094
 -1.395183 0.000100 0.000100 0.000100
 -1.189615 0.000100 0.000100 0.000100
 -1.436986 0.000100 0.000100 0.000100
 -1.559548 0.000100 0.000100 0.000100
 -1.599039 -1.097742 -1.219777 -1.777918
 -1.595353 -1.131048 -1.387714 -1.492443
 -1.570252 -0.881481 -1.540142 -1.811017
 -2.180930 -0.930769 -1.282989 -1.534304
 -1.420719 -1.240009 -1.387462 -1.516996
 -1.382725 -1.327284 -1.318335 -1.530955
 -1.377147 -1.083687 -1.492862 -1.689411
 -2.032820 -1.151016 -1.079920 -1.546010
 -1.260907 -1.274466 -1.469842 -1.574741
 -1.340366 -1.299765 -1.417880 -1.498669
 -1.254784 -1.257621 -1.430893 -1.653192
 -1.834139 -1.147506 -1.211609 -1.491194
 -1.580695 -1.137079 -1.238289 -1.695358
 -1.454857 -1.066746 -1.464581 -1.654095
 -1.456891 -0.924086 -1.537860 -1.862356
 -2.075368 -0.984919 -1.342375 -1.427967
 -1.389481 -1.232295 -1.372603 -1.581208
 -1.301297 -1.312445 -1.370131 -1.586764
 -1.405610 -1.115272 -1.510183 -1.579457
 -1.947043 -1.116899 -1.245991 -1.417349
 -1.254593 -1.425442 -1.468167 -1.410347
 -1.297362 -1.423757 -1.438841 -1.391354
 -1.346020 -1.138793 -1.498528 -1.629326
 -1.942866 -1.107801 -1.308130 -1.362197
 -1.584230 -1.160338 -1.194627 -1.722062
 -1.497157 -1.160685 -1.404987 -1.525131
 -1.488851 -0.834445 -1.687302 -1.862817
 -2.121484 -0.889659 -1.394563 -1.507744
 -1.368750 -1.322032 -1.313768 -1.559805
 -1.360622 -1.306797 -1.304616 -1.601784
 -1.499693 -1.028215 -1.416627 -1.733723
 -1.989098 -1.026732 -1.236763 -1.538593
 -1.288455 -1.284977 -1.522987 -1.471473
 -1.458895 -1.345136 -1.353233 -1.391912
 -1.293114 -1.171417 -1.379057 -1.808854
 -2.025772 -1.163367 -1.191439 -1.378755
 -1.500845 -1.110711 -1.255542 -1.815158
 -1.582059 -1.019320 -1.504828 -1.553280
 -1.428379 -0.909167 -1.608597 -1.849759
 -2.255182 -0.855095 -1.372794 -1.530142
 -1.413082 -1.435966 -1.301856 -1.399598
 -1.373830 -1.460841 -1.279339 -1.441376
 -1.594143 -1.116911 -1.367434 -1.537729
 -2.112231 -1.244731 -1.086019 -1.372564
 -1.526459 -1.446416 -1.149165 -1.468015
 -1.752040 -1.542067 -1.254385 -1.116601
 -1.384005 -1.324816 -1.296486 -1.560248
 -1.652315 -1.368211 -1.269323 -1.298979
 -16.085573 -0.000000 -16.085573 -16.085573
 -16.235880 -0.000000 -16.235880 -16.235880
 -16.405529 -0.000000 -16.405529 -16.405529
 -16.306234 -0.000000 -16.306234 -16.306234
 -1.386294 -1.386294 -1.386294 -1.386294
 -17.651300 -17.651300 -17.651300 -0.000000
 -1.386294 -1.386294 -1.386294 -1.386294
 -1.386294 -1.386294 -1.386294 -1.386294
 -1.386294 -1.386294 -1.386294 -1.386294
 -1.386294 -1.386294 -1.386294 -1.386294
 -1.386294 -1.386294 -1.386294 -1.386294
 -1.802392 -1.105326 -1.354222 -1.403054
 -2.307834 -0.629755 -1.893635 -1.526580
 -1.774952 -1.174427 -1.157690 -1.573583
 -1.999141 -0.981945 -1.095273 -1.860991
 -2.863518 -0.880927 -1.465752 -1.211906
 -1.329333 -1.168494 -1.562595 -1.537489
 -1.409323 -1.184363 -1.453465 -1.532518
 -1.435085 -1.072759 -1.482875 -1.645805
 -1.810769 -1.126755 -1.202982 -1.550739
 -1.347220 -1.287024 -1.500762 -1.423013
 -1.262242 -1.316044 -1.461855 -1.527945
 -1.372210 -1.074958 -1.547562 -1.648304
 -1.738400 -1.002081 -1.541480 -1.414613
 -1.644840 -1.186731 -1.181049 -1.635871
 -1.598303 -1.103523 -1.293468 -1.651602
 -1.558145 -0.897942 -1.539795 -1.785928
 -2.156246 -0.841801 -1.370850 -1.612360
 -1.483024 -1.187560 -1.442202 -1.462405
 -1.458852 -1.368657 -1.252170 -1.482079
 -1.362119 -0.975947 -1.566335 -1.843654
 -1.825464 -1.186975 -1.143012 -1.537782
 -1.238904 -1.286532 -1.534368 -1.521064
 -1.297167 -1.366713 -1.320697 -1.585710
 -1.323400 -1.130334 -1.423971 -1.771425
 -1.850694 -1.154242 -1.318898 -1.346514
 -1.801263 -1.042601 -1.062306 -1.989854
 -1.601287 -1.227055 -1.072179 -1.814334
 -1.646577 -0.976210 -1.268511 -1.901760
 -1.857530 -1.012115 -1.167679 -1.775466
 -15.940166 -0.000000 -15.940166 -15.940166
 -16.583088 -0.000000 -16.583088 -16.583088
 -16.516201 -0.000000 -16.516201 -16.516201
 -15.782623 -0.000001 -15.782623 -15.782623
 -1.386294 -1.386294 -1.386294 -1.386294
 0.000000 -17.651300 -17.651300 -17.651300
 -1.386294 -1.386294 -1.386294 -1.386294
 -1.386294 -1.386294 -1.386294 -1.386294
 -17.651300 -17.651300 0.000000 -17.651300
 -1.386294 -1.386294 -1.386294 -1.386294
 -1.386294 -1.386294 -1.386294 -1.386294
 -1.386294 -1.386294 -1.386294 -1.386294
 -1.386294 -1.386294 -1.386294 -1.386294
 -1.386294 -1.386294 -1.386294 -1.386294
 -1.465546 -0.952107 -1.569869 -1.742692
 -1.386294 -1.386294 -1.386294 -1.386294
 -1.337059 -1.302091 -1.434150 -1.482352
 -1.268263 -1.333995 -1.546054 -1.418115
 -1.314263 -1.115349 -1.562824 -1.639983
 -1.623094 -1.031842 -1.472521 -1.527784
 -1.509077 -1.170995 -1.260691 -1.685402
 -1.487033 -1.211561 -1.368171 -1.506641
 -1.542400 -0.872349 -1.618266 -1.772416
 -2.033359 -0.949562 -1.381494 -1.465375
