 -1.321756 0.000100 0.000100 0.000100
 -1.354700 0.000100 0.000100 0.000100
 -1.487548 0.000100 0.000100 0.000100
 -1.388767 0.000100 0.000100 0.000100
 -1.404987 -1.504077 -1.686398 -1.057791
 -1.079655 -1.604664 -1.471133 -1.471133
 -1.317666 -1.166435 -1.654137 -1.471816
 -1.644706 -1.458120 -1.074162 -1.458120
 -1.386294 -1.296143 -1.618916 -1.279049
 -1.530188 -1.483668 -1.336033 -1.224807
 -1.023390 -1.179958 -2.121999 -1.543923
 -1.485385 -1.527945 -1.296143 -1.262242
 -1.313535 -1.444563 -1.572396 -1.245713
 -1.158332 -1.595049 -1.619146 -1.255182
 -1.188764 -1.170072 -1.725067 -1.575536
 -1.618697 -1.302360 -1.252763 -1.409605
 -1.053762 -1.414203 -1.646825 -1.534347
 -1.391184 -1.561809 -1.659448 -1.046344
 -1.174451 -1.087440 -1.747795 -1.716047
 -1.353350 -1.471133 -1.430311 -1.299283
 -1.044992 -1.201152 -1.998094 -1.551808
 -1.257677 -1.762771 -1.680533 -1.027661
 -1.117305 -1.303407 -1.791758 -1.450010
 -1.466337 -1.811177 -1.089043 -1.312187
 -1.158205 -1.299283 -1.878019 -1.345803
 -1.225952 -1.631416 -1.919097 -1.010244
 -1.454432 -1.023650 -1.591633 -1.591633
 -1.319454 -1.642227 -1.269024 -1.354546
 -1.220258 -1.314076 -1.663749 -1.399598
 -1.386294 -1.489478 -1.852383 -1.000633
 -1.355332 -1.043553 -1.850027 -1.457986
 -1.368276 -1.368276 -1.250493 -1.586965
 -1.293101 -1.039905 -1.936649 -1.478818
 -1.560430 -1.700192 -1.675499 -0.867284
 -1.482832 -0.950616 -1.958254 -1.404871
 -1.112797 -1.623622 -1.353959 -1.532650
 -1.331235 -1.166932 -1.618916 -1.485385
 -1.409179 -1.901654 -2.030865 -0.744203
 -1.297063 -0.899762 -2.014901 -1.678430
 -1.042924 -1.618287 -1.435966 -1.553749
 -1.315284 -1.035699 -2.146579 -1.348073
 -1.659448 -1.857273 -1.796648 -0.717841
 -1.365816 -0.933683 -1.980999 -1.542746
 -1.039273 -1.999733 -1.244068 -1.501896
 -1.126392 -1.007046 -2.056865 -1.700192
 -1.524078 -2.130212 -2.263742 -0.580881
 -1.406914 -0.800779 -1.854937 -1.899388
 -1.046287 -1.825375 -1.314551 -1.518646
 -1.081806 -0.920538 -2.519389 -1.702631
 -1.604664 -2.123456 -2.509117 -0.514022
 -1.552685 -0.671487 -1.975540 -1.975540
 -0.974999 -1.558144 -1.668145 -1.497520
 -1.002153 -0.893350 -3.270826 -1.683870
 -1.683870 -1.912711 -2.523618 -0.533587
 -1.150981 -1.058608 -2.100057 -1.540444
 -1.168206 -1.734600 -1.377926 -1.345136
 -1.044992 -1.009485 -2.468096 -1.613684
 -1.508896 -1.782189 -1.699951 -0.848902
 -0.941610 -1.203973 -2.040217 -1.714797
 -1.040202 -1.712295 -1.279431 -1.671473
 -1.068535 -0.895516 -3.488892 -1.525293
 -1.422104 -1.486642 -1.737956 -1.030625
 -0.933683 -1.339148 -1.932209 -1.609437
 -1.366876 -1.654558 -1.275069 -1.292768
 -1.502055 -0.721897 -2.619013 -1.520404
 -1.259335 -1.185227 -2.066424 -1.259335
 -1.330055 -1.212272 -1.660295 -1.394593
 -1.723705 -1.490091 -1.186905 -1.234158
 -1.509354 -1.152680 -2.413807 -0.984345
 -1.182312 -1.454245 -1.454245 -1.485994
 -1.504077 -1.349927 -1.294357 -1.408767
 -2.132980 -1.460038 -1.192975 -1.061399
 -1.348349 -1.120960 -1.940399 -1.306677
 -1.466337 -1.210404 -1.576338 -1.330205
 -1.215023 -1.419817 -2.068510 -1.093133
 -1.787583 -1.416021 -1.271771 -1.172399
 -1.147403 -0.667037 -1.776010 -14.452089
 -1.346729 -0.725041 -1.364121 -14.617514
 -0.974561 -0.864213 -1.603168 -14.279247
 -1.382119 -0.976655 -0.987828 -14.686806
 -1.154783 -1.345136 -2.294214 -1.128466
 -1.391834 -1.359045 -1.848592 -1.087623
 -1.157453 -1.339774 -1.979810 -1.252763
 -1.386294 -1.386294 -1.386294 -1.386294
 -14.652760 -14.652760 -14.652760 -0.000001
 -14.557449 -14.557449 -14.557449 -0.000001
 -13.910825 -13.910825 -13.910825 -0.000003
 -14.767170 -14.767170 -14.767170 -0.000001
 -1.386294 -1.386294 -1.386294 -1.386294
 -1.386294 -1.386294 -1.386294 -1.386294
 -1.386294 -1.386294 -1.386294 -1.386294
 -1.476678 -1.136353 -1.434344 -1.549540
 -14.430698 -14.430698 -14.430698 -0.000002
 -14.771024 -14.771024 -14.771024 -0.000001
 -14.473033 -14.473033 -14.473033 -0.000002
 -14.357838 -14.357838 -14.357838 -0.000002
 -1.386294 -1.386294 -1.386294 -1.386294
 -1.386294 -1.386294 -1.386294 -1.386294
 -1.386294 -1.386294 -1.386294 -1.386294
 -0.000000 -15.907375 -15.907375 -15.907375
 -15.907375 -15.907375 -0.000000 -15.907375
 -1.386294 -1.386294 -1.386294 -1.386294
 -1.386294 -1.386294 -1.386294 -1.386294
 -1.386294 -1.386294 -1.386294 -1.386294
 -1.386294 -1.386294 -1.386294 -1.386294
 -1.386294 -1.386294 -1.386294 -1.386294
 -1.267689 -1.555371 -1.183606 -1.603284
 -1.386294 -1.386294 -1.386294 -1.386294
 -1.318472 -1.403994 -2.433610 -0.918487
 -1.313022 -1.530745 -1.809458 -1.047320
 -1.452986 -1.169624 -1.775758 -1.250749
 -2.321158 -1.050700 -1.332550 -1.243603
 -0.993805 -1.460827 -2.153972 -1.266672
 -1.266067 -1.381899 -1.574802 -1.347413
 -1.279431 -0.998530 -1.894615 -1.594512
 -1.833510 -1.117375 -1.346216 -1.375204
 -1.500780 0.000100 0.000100 0.000100
 -1.310261 0.000100 0.000100 0.000100
 -1.351934 0.000100 0.000100 0.000100
 -1.392092 0.000100 0.000100 0.000100
 -1.203973 -1.504077 -1.408767 -1.455287
 -1.214229 -1.458207 -1.315399 -1.599285
 -1.365241 -1.365241 -1.316451 -1.508342
 -1.835909 -1.276294 -1.300391 -1.241202
 -1.442300 -1.329136 -1.406097 -1.371159
 -1.338563 -1.368673 -1.427116 -1.413323
 -1.324628 -1.148863 -1.454245 -1.695407
 -1.734990 -1.331735 -1.336170 -1.214936
 -1.344123 -1.330819 -1.339669 -1.546283
 -1.372419 -1.388292 -1.278542 -1.520682
 -1.277793 -1.269761 -1.482954 -1.544197
 -1.784980 -1.318360 -1.194944 -1.339774
 -1.239691 -1.474763 -1.348130 -1.505222
 -1.275342 -1.401993 -1.406222 -1.471891
 -1.179941 -1.362931 -1.412324 -1.643942
 -1.778482 -1.385080 -1.175622 -1.301310
 -1.317857 -1.424515 -1.411612 -1.394663
 -1.359744 -1.465590 -1.342428 -1.381820
 -1.280934 -1.194237 -1.518329 -1.608390
 -1.636400 -1.380267 -1.481363 -1.119383
 -1.399540 -1.473306 -1.209838 -1.487764
 -1.384155 -1.414526 -1.274956 -1.482890
 -1.372501 -1.204745 -1.443453 -1.557566
 -1.837196 -1.263109 -1.240381 -1.314201
 -1.335486 -1.447525 -1.377845 -1.387507
 -1.264336 -1.411719 -1.349329 -1.539748
 -1.255756 -1.343403 -1.335798 -1.654252
 -1.636935 -1.405343 -1.283295 -1.262242
 -1.212538 -1.506212 -1.501416 -1.354812
 -1.343735 -1.343735 -1.500739 -1.365334
 -1.281982 -1.212737 -1.491073 -1.609438
 -1.739754 -1.316432 -1.303245 -1.256328
 -1.397152 -1.397152 -1.293540 -1.464898
 -1.305605 -1.377926 -1.373768 -1.497273
 -1.416041 -1.239371 -1.392173 -1.517651
 -1.814182 -1.263351 -1.251655 -1.315677
 -1.262321 -1.569806 -1.416472 -1.322946
 -1.279905 -1.512350 -1.222335 -1.575022
 -1.233773 -1.311447 -1.366797 -1.690344
 -1.652404 -1.405163 -1.139142 -1.414732
 -1.306655 -1.358357 -1.488977 -1.400029
 -1.283498 -1.423050 -1.380491 -1.467502
 -1.268731 -1.279351 -1.420537 -1.614401
 -1.687633 -1.286622 -1.370392 -1.255850
 -1.401463 -1.446113 -1.317732 -1.384146
 -1.239786 -1.493165 -1.387340 -1.443268
 -1.401160 -1.171586 -1.472790 -1.539311
 -1.910699 -1.346629 -1.160611 -1.277933
 -1.269949 -1.438144 -1.423402 -1.423402
 -1.235214 -1.564333 -1.340165 -1.434655
 -1.276987 -1.269553 -1.447439 -1.584771
 -1.613947 -1.378451 -1.347679 -1.241021
 -1.397879 -1.450065 -1.397879 -1.304883
 -1.255010 -1.459626 -1.435758 -1.407849
 -1.267776 -1.218052 -1.588683 -1.520772
 -1.610574 -1.325737 -1.373886 -1.267629
 -1.517192 -1.512254 -1.201443 -1.348997
 -1.333074 -1.510529 -1.316944 -1.395988
 -1.453953 -1.176321 -1.409936 -1.542784
 -1.850895 -1.351166 -1.182182 -1.282452
 -1.387556 -1.450077 -1.314531 -1.397709
 -1.330843 -1.502434 -1.239691 -1.497520
 -1.343081 -1.249823 -1.381400 -1.603567
 -1.664850 -1.405173 -1.244001 -1.282916
 -1.321186 -1.360407 -1.463301 -1.405869
 -1.257753 -1.503524 -1.355791 -1.445537
 -1.243261 -1.264388 -1.413805 -1.682387
 -1.588652 -1.392146 -1.289606 -1.302400
 -1.221260 -1.546409 -1.370677 -1.434665
 -1.233387 -1.620367 -1.279196 -1.458398
 -1.534627 -1.208359 -1.437933 -1.392881
 -1.604721 -1.467520 -1.168365 -1.356024
 -1.045465 -1.192395 -1.064274 -16.030357
 -0.974208 -1.207496 -1.128359 -15.959101
 -1.033307 -1.013392 -1.268739 -16.095850
 -1.261264 -1.099742 -0.957771 -15.997058
 -1.385490 -1.382280 -1.541787 -1.255986
 -1.246863 -1.385449 -1.503655 -1.426835
 -1.215360 -1.168967 -1.539065 -1.725255
 -1.386294 -1.386294 -1.386294 -1.386294
 -16.127056 -16.127056 -16.127056 -0.000000
 -16.100950 -16.100950 -16.100950 -0.000000
 -15.879839 -15.879839 -15.879839 -0.000000
 -15.959101 -15.959101 -15.959101 -0.000000
 -1.386294 -1.386294 -1.386294 -1.386294
 -1.386294 -1.386294 -1.386294 -1.386294
 -1.386294 -1.386294 -1.386294 -1.386294
 -1.551424 -1.198392 -1.411097 -1.416756
 -15.856731 -15.856731 -15.856731 -0.000000
 -16.209763 -16.209763 -16.209763 -0.000000
 -15.997058 -15.997058 -15.997058 -0.000000
 -15.991399 -15.991399 -15.991399 -0.000000
 -1.386294 -1.386294 -1.386294 -1.386294
 -1.386294 -1.386294 -1.386294 -1.386294
 -1.386294 -1.386294 -1.386294 -1.386294
 0.000000 -17.408154 -17.408154 -17.408154
 -17.408154 -17.408154 -0.000000 -17.408154
 -1.386294 -1.386294 -1.386294 -1.386294
 -1.386294 -1.386294 -1.386294 -1.386294
 -1.386294 -1.386294 -1.386294 -1.386294
 -1.386294 -1.386294 -1.386294 -1.386294
 -1.386294 -1.386294 -1.386294 -1.386294
 -1.157278 -1.121160 -1.774567 -1.659674
 -1.386294 -1.386294 -1.386294 -1.386294
 -1.300743 -1.363783 -1.336754 -1.564073
 -1.187776 -1.474535 -1.449033 -1.463526
 -1.392809 -1.155389 -1.488773 -1.555712
 -1.462966 -1.239823 -1.379085 -1.481894
 -1.331960 -1.635146 -1.347464 -1.268624
 -1.295459 -1.570498 -1.280307 -1.425724
 -1.274892 -1.311705 -1.320074 -1.692478
 -1.508462 -1.628366 -1.183354 -1.286449
