 -1.451701 0.000100 0.000100 0.000100
 -1.339696 0.000100 0.000100 0.000100
 -1.459136 0.000100 0.000100 0.000100
 -1.303919 0.000100 0.000100 0.000100
 -1.191703 -1.520884 -1.424035 -1.439539
 -1.279610 -1.505734 -1.366622 -1.406362
 -1.401332 -1.247182 -1.356881 -1.565635
 -1.738869 -1.141033 -1.280295 -1.483523
 -1.240642 -1.516347 -1.565137 -1.265033
 -1.294892 -1.465237 -1.423273 -1.369927
 -1.327646 -1.164494 -1.507439 -1.602749
 -1.647904 -1.502192 -1.015382 -1.502192
 -1.283640 -1.515972 -1.441864 -1.320912
 -1.209838 -1.418383 -1.403994 -1.541615
 -1.209639 -1.292526 -1.343170 -1.795154
 -1.653725 -1.404510 -1.319952 -1.217299
 -1.586965 -1.323381 -1.412612 -1.252763
 -1.382767 -1.425939 -1.354988 -1.382767
 -1.546189 -0.981976 -1.483668 -1.684339
 -1.710298 -1.325453 -1.124782 -1.474984
 -1.252763 -1.252763 -1.512274 -1.569432
 -1.167390 -1.597425 -1.582610 -1.269519
 -1.353718 -1.019080 -1.536039 -1.798403
 -1.473636 -1.442384 -1.128135 -1.556328
 -1.379945 -1.379945 -1.575005 -1.238534
 -1.580910 -1.395988 -1.395988 -1.207194
 -1.446014 -1.154493 -1.631416 -1.371906
 -1.559137 -1.185624 -1.309922 -1.540445
 -1.405637 -1.287854 -1.390133 -1.470176
 -1.386294 -1.411612 -1.398873 -1.349481
 -1.432814 -1.098613 -1.432814 -1.663926
 -1.602965 -1.360652 -1.230290 -1.386294
 -1.390019 -1.451577 -1.304252 -1.405057
 -1.524795 -1.524795 -1.226303 -1.304555
 -1.324284 -1.119022 -1.616194 -1.566597
 -1.884849 -1.280934 -1.439539 -1.098613
 -1.450833 -1.386294 -1.450833 -1.268512
 -1.322579 -1.785201 -1.573893 -1.025680
 -1.446919 -1.271978 -1.235610 -1.641075
 -1.454348 -1.399540 -1.286211 -1.412963
 -1.591738 -1.157453 -1.475906 -1.372110
 -1.631827 -1.474984 -1.368012 -1.136211
 -1.595785 -0.928392 -1.369258 -1.912122
 -1.370345 -1.422305 -1.383084 -1.370345
 -1.323774 -1.059082 -1.875842 -1.452986
 -1.459498 -1.897119 -1.654558 -0.852212
 -1.478102 -1.152680 -1.362030 -1.609438
 -1.304056 -1.507655 -1.113001 -1.722766
 -1.237151 -1.167356 -1.827350 -1.436484
 -1.572082 -1.507543 -1.715182 -0.939039
 -1.234278 -1.026639 -1.877414 -1.620695
 -1.270664 -1.502466 -1.203973 -1.625698
 -1.155389 -1.264192 -1.759807 -1.467420
 -1.542544 -1.513556 -1.736699 -0.941770
 -1.156278 -1.052289 -1.640074 -1.950228
 -1.176116 -1.697991 -1.244324 -1.512588
 -1.221347 -1.059860 -1.884034 -1.576550
 -1.222407 -1.633702 -1.502366 -1.245937
 -1.199798 -1.286809 -1.487479 -1.626315
 -1.505785 -1.619729 -1.035782 -1.490518
 -1.153201 -0.924134 -2.212971 -1.725269
 -1.244324 -1.626532 -1.482283 -1.244324
 -1.132135 -1.240024 -1.584120 -1.697448
 -1.687909 -1.420847 -1.160890 -1.345623
 -1.487193 -1.059154 -1.826408 -1.323305
 -1.350362 -1.516347 -1.327106 -1.362197
 -1.407259 -1.310410 -1.341662 -1.495813
 -1.714372 -1.207812 -1.247033 -1.453646
 -1.448815 -1.245216 -1.725801 -1.206501
 -1.246666 -1.395511 -1.383241 -1.541465
 -1.193201 -1.205177 -1.598665 -1.635033
 -1.701245 -1.308684 -1.198142 -1.403994
 -1.372689 -1.442647 -1.533619 -1.222407
 -1.376875 -1.402193 -1.482236 -1.292994
 -1.258314 -1.524581 -1.284631 -1.507774
 -1.871801 -1.404779 -1.132135 -1.278739
 -1.389964 -1.332806 -1.498598 -1.332806
 -1.584120 -1.178655 -1.278739 -1.566420
 -1.242746 -1.231186 -1.492401 -1.636650
 -1.707989 -1.543686 -1.041994 -1.376632
 -1.489152 -1.320817 -1.489152 -1.266008
 -1.558954 -1.376632 -1.118221 -1.558954
 -1.376755 -1.235344 -1.402398 -1.556548
 -1.773067 -1.375037 -1.331235 -1.160890
 -1.186720 -1.474401 -1.492101 -1.423108
 -1.666404 -1.072888 -1.649310 -1.284197
 -1.230290 -1.287449 -1.540445 -1.525407
 -2.169918 -1.166617 -1.555553 -1.012467
 -0.821689 -1.245011 -2.022714 -1.965556
 -0.968053 -1.007899 -1.692948 -2.642026
 -1.378064 -0.956339 -1.330055 -2.310881
 -1.769917 -0.768470 -1.376875 -2.175381
 -0.187956 -15.085272 -1.764056 -15.085272
 -0.317882 -15.290275 -1.300810 -15.290275
 -0.430784 -14.690981 -1.049823 -14.690981
 -0.693149 -13.997835 -0.693149 -13.997835
 -0.000000 -15.930561 -15.930561 -15.930561
 -1.386294 -1.386294 -1.386294 -1.386294
 -0.000001 -14.991085 -14.991085 -14.991085
 -1.386294 -1.386294 -1.386294 -1.386294
 -16.260464 -16.260464 -0.000000 -16.260464
 -1.386294 -1.386294 -1.386294 -1.386294
 -1.386294 -1.386294 -1.386294 -1.386294
 -1.386294 -1.386294 -1.386294 -1.386294
 -1.386294 -1.386294 -1.386294 -1.386294
 -1.386294 -1.386294 -1.386294 -1.386294
 -1.401148 -1.339696 -1.203684 -1.651960
 -1.386294 -1.386294 -1.386294 -1.386294
 -1.242255 -1.318241 -1.444282 -1.571437
 -1.392939 -1.340979 -1.505734 -1.315978
 -1.369102 -1.026157 -1.687555 -1.597943
 -1.684590 -1.178655 -1.271029 -1.486140
 -1.286544 -1.325258 -1.497109 -1.451299
 -1.586645 -1.394977 -1.264357 -1.327536
 -1.326575 -1.166233 -1.371027 -1.776491
 -1.776491 -1.191234 -1.153963 -1.553348
 -1.299045 0.000100 0.000100 0.000100
 -1.302811 0.000100 0.000100 0.000100
 -1.474016 0.000100 0.000100 0.000100
 -1.485289 0.000100 0.000100 0.000100
 -1.656174 -1.218331 -1.038633 -1.835896
 -1.597706 -1.128890 -1.252009 -1.669625
 -1.588462 -0.901313 -1.489474 -1.806469
 -2.207128 -0.974599 -1.211255 -1.537969
 -1.304664 -1.413006 -1.263232 -1.596585
 -1.284760 -1.502932 -1.125665 -1.735174
 -1.366531 -1.174822 -1.251207 -1.897275
 -1.816100 -1.305993 -1.016094 -1.587523
 -1.160246 -1.413602 -1.543047 -1.471431
 -1.364263 -1.421256 -1.380557 -1.379987
 -1.095277 -1.231922 -1.587721 -1.775310
 -1.764844 -1.183772 -1.381463 -1.303963
 -1.661178 -1.238919 -1.016543 -1.841722
 -1.621099 -1.123657 -1.253491 -1.651702
 -1.569426 -0.910959 -1.494417 -1.799886
 -2.210297 -0.985168 -1.197316 -1.537342
 -1.327993 -1.395652 -1.270199 -1.577241
 -1.273051 -1.525141 -1.134757 -1.709627
 -1.373532 -1.159115 -1.260884 -1.899644
 -1.816038 -1.295833 -1.023554 -1.587943
 -1.178655 -1.420084 -1.541749 -1.441353
 -1.402844 -1.440544 -1.385131 -1.320456
 -1.136580 -1.208430 -1.580665 -1.745365
 -1.779845 -1.181630 -1.368611 -1.308974
 -1.667495 -1.211313 -1.043915 -1.823860
 -1.587879 -1.136837 -1.249268 -1.670810
 -1.581540 -0.894568 -1.498497 -1.819590
 -2.265617 -0.979934 -1.187491 -1.532881
 -1.327200 -1.383666 -1.278404 -1.581619
 -1.278606 -1.498589 -1.147408 -1.711077
 -1.373677 -1.152120 -1.273470 -1.890473
 -1.795571 -1.277342 -1.028256 -1.621713
 -1.170024 -1.425403 -1.547883 -1.441675
 -1.386927 -1.437466 -1.368269 -1.354478
 -1.127617 -1.239520 -1.571314 -1.720925
 -1.774315 -1.191739 -1.363147 -1.306177
 -1.634506 -1.220677 -1.038304 -1.858758
 -1.575381 -1.140109 -1.251094 -1.676136
 -1.567401 -0.917061 -1.461082 -1.834231
 -2.199814 -0.994117 -1.187550 -1.541038
 -1.301176 -1.419367 -1.253737 -1.607015
 -1.265988 -1.501661 -1.128800 -1.761085
 -1.337103 -1.187718 -1.248132 -1.928007
 -1.820761 -1.301968 -0.994042 -1.629519
 -1.123686 -1.466329 -1.546531 -1.464627
 -1.374882 -1.418064 -1.352024 -1.401481
 -1.076959 -1.245742 -1.599434 -1.774123
 -1.754740 -1.193439 -1.380189 -1.300705
 -1.650327 -1.249723 -1.013162 -1.842885
 -1.590768 -1.133883 -1.239999 -1.687048
 -1.569167 -0.922290 -1.464867 -1.813606
 -2.210502 -1.001329 -1.179848 -1.534153
 -1.314531 -1.396542 -1.259520 -1.608646
 -1.260433 -1.512856 -1.128575 -1.756229
 -1.366265 -1.160281 -1.239485 -1.951853
 -1.833969 -1.296421 -0.996485 -1.621824
 -1.122278 -1.445658 -1.530955 -1.502637
 -1.366132 -1.427905 -1.368174 -1.384191
 -1.079941 -1.218301 -1.602854 -1.811976
 -1.779822 -1.167215 -1.352498 -1.341299
 -1.639528 -1.264715 -0.990068 -1.883500
 -1.607520 -1.120220 -1.238978 -1.694300
 -1.566739 -0.915829 -1.458379 -1.842142
 -2.233659 -0.979680 -1.176149 -1.565570
 -1.294431 -1.449484 -1.240642 -1.599210
 -1.283526 -1.519350 -1.128887 -1.710948
 -1.344802 -1.195854 -1.235010 -1.923248
 -1.782962 -1.317658 -1.004748 -1.619681
 -1.150753 -1.441916 -1.581309 -1.421210
 -1.416079 -1.436729 -1.418989 -1.281308
 -1.106820 -1.227871 -1.612523 -1.731086
 -1.751203 -1.210371 -1.393376 -1.272565
 -1.663853 -1.251416 -1.015945 -1.817490
 -1.629421 -1.140913 -1.226866 -1.654331
 -1.576937 -0.919057 -1.460519 -1.817802
 -2.204296 -1.007041 -1.168556 -1.543847
 -1.305546 -1.448437 -1.200733 -1.644730
 -1.287641 -1.529789 -1.079092 -1.786214
 -1.318101 -1.236302 -1.192158 -1.978077
 -1.765598 -1.358605 -0.949959 -1.686645
 -1.092988 -1.478104 -1.559267 -1.485334
 -1.392189 -1.381326 -1.384901 -1.386793
 -1.039016 -1.291044 -1.575245 -1.806324
 -1.719858 -1.206491 -1.353016 -1.334829
 -1.473252 -1.126766 -1.094200 -2.189846
 -1.495217 -0.837118 -1.446336 -2.231081
 -1.588297 -0.795248 -1.505446 -2.100955
 -2.405226 -0.737096 -1.274773 -1.885462
 -0.678075 -19.548302 -0.708450 -19.548302
 -0.611260 -20.319574 -0.782343 -20.319574
 -0.626190 -19.893726 -0.764911 -19.893726
 -1.272164 -19.093370 -0.328816 -19.093370
 0.000000 -20.509232 -20.509232 -20.509232
 -1.386294 -1.386294 -1.386294 -1.386294
 0.000000 -20.502071 -20.502071 -20.502071
 -1.386294 -1.386294 -1.386294 -1.386294
 -21.198805 -21.198805 0.000000 -21.198805
 -1.386294 -1.386294 -1.386294 -1.386294
 -1.386294 -1.386294 -1.386294 -1.386294
 -1.386294 -1.386294 -1.386294 -1.386294
 -1.386294 -1.386294 -1.386294 -1.386294
 -1.386294 -1.386294 -1.386294 -1.386294
 -1.299501 -1.216553 -1.262842 -1.908966
 -1.386294 -1.386294 -1.386294 -1.386294
 -1.147450 -1.393822 -1.555072 -1.499438
 -1.341471 -1.461725 -1.447974 -1.303214
 -1.066948 -1.201639 -1.699565 -1.757480
 -1.613177 -1.142148 -1.510092 -1.344294
 -1.624987 -1.308083 -1.003588 -1.794648
 -1.631658 -1.282045 -1.140490 -1.573764
 -1.578983 -0.904743 -1.513786 -1.777299
 -2.188919 -1.135949 -1.130970 -1.410075
