 -1.368393 0.000100 0.000100 0.000100
 -1.421386 0.000100 0.000100 0.000100
 -1.470176 0.000100 0.000100 0.000100
 -1.293825 0.000100 0.000100 0.000100
 -1.193278 -1.517064 -1.459906 -1.405839
 -1.276861 -1.493925 -1.464072 -1.326871
 -1.157453 -1.091496 -1.763587 -1.722765
 -1.534474 -1.429114 -1.356794 -1.246793
 -1.116631 -1.568615 -1.568615 -1.362764
 -0.976510 -2.041218 -1.540445 -1.275753
 -1.256420 -1.182312 -1.701104 -1.485993
 -1.609437 -1.297063 -1.181994 -1.514127
 -1.160956 -1.419817 -1.515127 -1.490434
 -1.213682 -1.526056 -1.461518 -1.371906
 -1.022452 -1.533276 -1.756419 -1.379126
 -1.832580 -1.455287 -1.203973 -1.181994
 -1.215669 -1.340832 -1.592146 -1.433922
 -1.173274 -1.350955 -1.676376 -1.408113
 -1.285198 -1.164571 -1.514772 -1.652922
 -1.392684 -1.342674 -1.318576 -1.500897
 -1.140162 -1.196251 -1.928617 -1.458615
 -1.141696 -1.710789 -1.646251 -1.180163
 -1.091178 -1.260254 -1.719785 -1.602002
 -1.661883 -1.336462 -1.393620 -1.206409
 -1.358745 -1.028503 -1.721649 -1.576467
 -1.615868 -1.553348 -1.466337 -1.024505
 -1.526056 -1.056054 -1.700408 -1.377636
 -1.736699 -1.542543 -1.156882 -1.218757
 -1.129866 -1.083346 -1.923093 -1.648658
 -1.171372 -1.478102 -1.707675 -1.270463
 -1.350955 -1.127812 -1.715597 -1.437966
 -1.466337 -1.633391 -1.159607 -1.345709
 -1.307157 -1.110447 -1.734600 -1.498212
 -1.210204 -1.862527 -1.823306 -0.954271
 -1.484734 -1.214445 -2.212969 -1.001884
 -1.427116 -1.544899 -1.059392 -1.609437
 -1.043553 -1.284715 -1.850027 -1.542543
 -1.616082 -1.490919 -1.759182 -0.906407
 -1.436725 -0.891999 -2.239067 -1.402824
 -1.369487 -1.742162 -1.369487 -1.150799
 -1.313974 -1.104882 -1.742968 -1.491655
 -1.513556 -1.933408 -1.810806 -0.751417
 -1.107830 -1.002470 -2.899575 -1.395511
 -1.327296 -1.534935 -1.369856 -1.327296
 -1.258955 -1.010060 -2.143155 -1.450010
 -1.459906 -1.711220 -1.907929 -0.823919
 -1.296144 -0.856778 -2.024378 -1.773066
 -1.293921 -1.760010 -1.114873 -1.488077
 -1.303407 -0.868090 -2.315004 -1.561235
 -1.634130 -2.104132 -1.880989 -0.633960
 -1.466337 -0.651302 -2.459582 -1.817733
 -1.123004 -1.556639 -1.220168 -1.779782
 -1.206099 -0.961902 -2.283653 -1.529885
 -1.996058 -2.079439 -2.036880 -0.496438
 -1.309334 -0.798509 -2.040217 -1.897117
 -1.013091 -2.128229 -1.211941 -1.513046
 -0.932040 -1.086190 -2.677272 -1.609437
 -1.500704 -1.413693 -2.001478 -0.919676
 -1.051211 -1.376633 -1.590206 -1.638996
 -0.833921 -2.030169 -1.356441 -1.732918
 -0.907159 -1.040690 -2.551278 -1.800975
 -1.372308 -1.372308 -1.911303 -1.064008
 -0.971169 -1.456675 -1.590206 -1.690289
 -1.457246 -1.320045 -1.294727 -1.487099
 -1.371181 -0.739910 -2.885301 -1.545534
 -1.200192 -1.506922 -1.506922 -1.363822
 -1.098613 -1.262916 -1.704747 -1.599387
 -1.701104 -1.182312 -1.206409 -1.552685
 -1.343735 -0.954271 -2.248188 -1.392525
 -1.186072 -1.381380 -1.649644 -1.381380
 -1.194841 -1.433251 -1.513294 -1.433251
 -1.968214 -1.275069 -1.249094 -1.223776
 -1.024505 -1.265667 -2.105414 -1.438938
 -1.326002 -1.462577 -1.538563 -1.244324
 -1.521026 -1.195605 -1.282616 -1.601069
 -1.724040 -1.227605 -1.622258 -1.105003
 -1.318576 -1.529885 -1.559738 -1.185045
 -1.982498 -1.205971 -1.454432 -1.110661
 -1.361803 -1.082219 -1.851350 -1.394593
 -1.841769 -1.148623 -1.436305 -1.249719
 -1.471816 -1.436725 -1.625966 -1.090450
 -1.592630 -1.592630 -1.438480 -1.033016
 -1.153963 -1.571697 -1.732039 -1.203973
 -1.974079 -1.455287 -1.529395 -0.888893
 -0.897244 -0.789999 -1.977160 -14.077878
 -1.342492 -0.754707 -1.314321 -14.108183
 -1.241113 -0.693149 -1.556193 -14.062374
 -1.529750 -0.985449 -0.891262 -14.590240
 -14.357838 -14.357838 -1.004360 -0.456148
 -14.797590 -14.797590 -0.659996 -0.727437
 -14.346141 -14.346141 -0.491409 -0.946145
 -1.386294 -1.386294 -1.386294 -1.386294
 -1.386294 -1.386294 -1.386294 -1.386294
 -1.386294 -1.386294 -1.386294 -1.386294
 -14.930654 -14.930654 -14.930654 -0.000001
 -14.927369 -14.927369 -14.927369 -0.000001
 -1.386294 -1.386294 -1.386294 -1.386294
 -1.386294 -1.386294 -1.386294 -1.386294
 -1.386294 -1.386294 -1.386294 -1.386294
 -0.000001 -15.622160 -15.622160 -15.622160
 -15.622159 -15.622159 -0.000000 -15.622159
 -1.386294 -1.386294 -1.386294 -1.386294
 -1.386294 -1.386294 -1.386294 -1.386294
 -1.386294 -1.386294 -1.386294 -1.386294
 -1.386294 -1.386294 -1.386294 -1.386294
 -1.386294 -1.386294 -1.386294 -1.386294
 -1.336645 -1.529016 -1.186072 -1.536621
 -1.386294 -1.386294 -1.386294 -1.386294
 -1.268512 -1.067841 -2.184799 -1.337504
 -1.515506 -1.193923 -1.791758 -1.169230
 -1.293921 -1.148210 -1.858450 -1.375599
 -1.830673 -1.211636 -1.441210 -1.186319
 -1.032364 -1.320045 -1.687769 -1.651401
 -1.412543 -1.501490 -1.350667 -1.292398
 -1.078811 -1.386294 -1.832579 -1.386294
 -1.670062 -1.580450 -1.243978 -1.146815
 -1.449025 0.000100 0.000100 0.000100
 -1.280775 0.000100 0.000100 0.000100
 -1.303313 0.000100 0.000100 0.000100
 -1.533642 0.000100 0.000100 0.000100
 -1.285406 -1.482010 -1.280528 -1.521469
 -1.304056 -1.424738 -1.272966 -1.570217
 -1.252471 -1.204557 -1.463419 -1.698630
 -1.689051 -1.266469 -1.295611 -1.348036
 -1.426501 -1.340558 -1.366781 -1.413762
 -1.332705 -1.346562 -1.483421 -1.389324
 -1.337761 -1.156582 -1.406265 -1.726248
 -1.763342 -1.326757 -1.251655 -1.283154
 -1.326614 -1.441253 -1.287103 -1.505415
 -1.295648 -1.401942 -1.365241 -1.492358
 -1.417697 -1.211361 -1.288406 -1.691586
 -1.757858 -1.305160 -1.150653 -1.427004
 -1.305031 -1.463255 -1.386294 -1.396933
 -1.275991 -1.533820 -1.289063 -1.471385
 -1.327876 -1.259597 -1.287996 -1.740863
 -1.737769 -1.361780 -1.231102 -1.287672
 -1.332094 -1.446286 -1.282961 -1.498712
 -1.410987 -1.357197 -1.395321 -1.382451
 -1.286765 -1.175318 -1.491655 -1.660119
 -1.784155 -1.276641 -1.256935 -1.314668
 -1.343625 -1.422613 -1.289424 -1.502427
 -1.339348 -1.371169 -1.364264 -1.475760
 -1.394346 -1.131217 -1.411913 -1.683688
 -1.779489 -1.347285 -1.125726 -1.398717
 -1.290374 -1.460093 -1.312570 -1.498389
 -1.266683 -1.500847 -1.320286 -1.477378
 -1.319434 -1.291565 -1.287346 -1.704458
 -1.663465 -1.338465 -1.277194 -1.311363
 -1.293921 -1.393766 -1.383816 -1.482598
 -1.364761 -1.352307 -1.462078 -1.369786
 -1.314936 -1.158618 -1.521408 -1.613523
 -1.752757 -1.248511 -1.350028 -1.271040
 -1.307945 -1.400627 -1.315148 -1.538291
 -1.302341 -1.367581 -1.358632 -1.530761
 -1.453581 -1.122807 -1.379676 -1.664723
 -1.664246 -1.407858 -1.154125 -1.383631
 -1.282636 -1.480167 -1.368790 -1.424286
 -1.288449 -1.459626 -1.380961 -1.424446
 -1.340728 -1.307867 -1.307867 -1.621751
 -1.713907 -1.277875 -1.291050 -1.323398
 -1.404129 -1.386294 -1.358895 -1.396447
 -1.404760 -1.302232 -1.425540 -1.417697
 -1.305554 -1.213903 -1.467548 -1.602205
 -1.821305 -1.336763 -1.259897 -1.231660
 -1.349439 -1.448969 -1.211968 -1.569299
 -1.257758 -1.499107 -1.266039 -1.558584
 -1.464869 -1.128007 -1.344365 -1.690058
 -1.715520 -1.375958 -1.147175 -1.386294
 -1.330241 -1.496157 -1.283721 -1.449906
 -1.338323 -1.428961 -1.253070 -1.548669
 -1.300016 -1.205806 -1.395125 -1.713578
 -1.648957 -1.372971 -1.267022 -1.299283
 -1.371219 -1.301395 -1.371219 -1.512978
 -1.391890 -1.290027 -1.461595 -1.409500
 -1.376992 -1.139142 -1.499997 -1.587484
 -1.776101 -1.250971 -1.286689 -1.315677
 -1.415282 -1.420900 -1.314132 -1.398615
 -1.306632 -1.420366 -1.286551 -1.553898
 -1.449191 -1.138300 -1.354384 -1.677875
 -1.809654 -1.324146 -1.093849 -1.446748
 -1.356441 -1.394593 -1.375335 -1.419911
 -1.283916 -1.534309 -1.258437 -1.499028
 -1.300029 -1.265717 -1.283736 -1.781183
 -1.493991 -1.422421 -1.199878 -1.456012
 -1.391196 -1.343225 -1.288542 -1.539223
 -1.468477 -1.313929 -1.375449 -1.393375
 -1.294357 -1.149456 -1.609438 -1.564862
 -1.730655 -1.301757 -1.323797 -1.256476
 -1.342838 -1.314882 -1.337696 -1.570502
 -1.285807 -1.447484 -1.371147 -1.449891
 -1.463127 -1.156868 -1.345344 -1.642120
 -1.733706 -1.289703 -1.161674 -1.447927
 -1.210662 -1.544899 -1.272966 -1.567017
 -1.289606 -1.568849 -1.362086 -1.346266
 -1.319565 -1.355204 -1.359749 -1.522670
 -1.605808 -1.397263 -1.244795 -1.331806
 -1.369487 -1.410805 -1.304949 -1.466943
 -1.479686 -1.458821 -1.390418 -1.235088
 -1.399366 -1.208311 -1.484205 -1.479010
 -1.741537 -1.390988 -1.281603 -1.209563
 -0.995839 -1.461692 -0.919438 -16.477169
 -1.056902 -1.285388 -0.978363 -16.600523
 -1.079541 -1.052488 -1.167383 -16.594330
 -1.228920 -1.357988 -0.798033 -16.610962
 -16.868568 -16.868568 -0.641618 -0.747477
 -16.685112 -16.685112 -0.563025 -0.842771
 -17.001038 -17.001038 -0.371915 -1.169290
 -1.386294 -1.386294 -1.386294 -1.386294
 -1.386294 -1.386294 -1.386294 -1.386294
 -1.386294 -1.386294 -1.386294 -1.386294
 -17.449406 -17.449406 -17.449406 -0.000000
 -17.039574 -17.039574 -17.039574 -0.000000
 -1.386294 -1.386294 -1.386294 -1.386294
 -1.386294 -1.386294 -1.386294 -1.386294
 -1.386294 -1.386294 -1.386294 -1.386294
 0.000000 -17.958487 -17.958487 -17.958487
 -17.958487 -17.958487 0.000000 -17.958487
 -1.386294 -1.386294 -1.386294 -1.386294
 -1.386294 -1.386294 -1.386294 -1.386294
 -1.386294 -1.386294 -1.386294 -1.386294
 -1.386294 -1.386294 -1.386294 -1.386294
 -1.386294 -1.386294 -1.386294 -1.386294
 -1.279062 -1.029905 -1.734231 -1.670648
 -1.386294 -1.386294 -1.386294 -1.386294
 -1.386865 -1.380039 -1.199988 -1.622645
 -1.326324 -1.397473 -1.344921 -1.483830
 -1.464839 -1.205773 -1.520854 -1.382704
 -1.383766 -1.334495 -1.293673 -1.552045
 -1.248367 -1.605669 -1.297816 -1.430689
 -1.281178 -1.626018 -1.298877 -1.375392
 -1.229260 -1.406716 -1.264424 -1.714006
 -1.468986 -1.606556 -1.168069 -1.353644
