 -1.331046 0.000100 0.000100 0.000100
 -1.529497 0.000100 0.000100 0.000100
 -1.430866 0.000100 0.000100 0.000100
 -1.272777 0.000100 0.000100 0.000100
 -1.220780 -1.537117 -1.491655 -1.328026
 -1.228666 -1.488948 -1.386294 -1.462280
 -1.286474 -1.191164 -1.797299 -1.369856
 -1.527945 -1.367602 -1.296143 -1.367602
 -1.009142 -1.463058 -1.757857 -1.463058
 -1.329724 -1.504077 -1.413106 -1.309922
 -1.207812 -1.188764 -1.470176 -1.791758
 -1.668754 -1.360453 -1.226922 -1.340250
 -1.464766 -1.296143 -1.693024 -1.166932
 -1.402126 -1.538701 -1.381073 -1.244941
 -1.168817 -1.264127 -1.649788 -1.538563
 -1.462577 -1.538563 -1.098613 -1.512588
 -1.067841 -1.568616 -1.619909 -1.386294
 -1.380961 -1.593522 -1.380961 -1.223776
 -0.988265 -1.167606 -1.860751 -1.825660
 -1.299283 -1.550597 -1.210730 -1.527067
 -1.328187 -1.447988 -1.671131 -1.164862
 -1.278664 -1.838278 -1.506922 -1.076140
 -1.276294 -0.988612 -1.713506 -1.780198
 -1.252763 -1.475906 -1.358124 -1.475906
 -1.108228 -1.335001 -1.908346 -1.353350
 -1.446919 -1.380961 -1.797120 -1.056722
 -1.218757 -1.008462 -1.890849 -1.667706
 -1.265217 -1.501605 -1.357024 -1.437067
 -1.221015 -1.131402 -1.914160 -1.448072
 -1.212137 -1.472862 -1.609437 -1.297658
 -1.343735 -0.866812 -1.791758 -1.882729
 -1.222761 -1.545534 -1.294220 -1.522003
 -1.294727 -1.214685 -1.805552 -1.328629
 -1.529749 -1.573234 -1.691017 -0.937247
 -1.544899 -1.078810 -1.714797 -1.321756
 -1.313022 -1.740465 -1.270463 -1.291516
 -1.413693 -1.213023 -1.819157 -1.213023
 -1.563394 -1.668754 -1.786537 -0.833434
 -1.328400 -1.046989 -1.926235 -1.433761
 -1.343735 -1.486835 -1.343735 -1.377636
 -1.159913 -1.109483 -1.962258 -1.531476
 -1.540445 -1.910817 -2.187070 -0.643387
 -1.568615 -0.795427 -1.878769 -1.673975
 -1.212631 -1.709067 -1.272350 -1.421386
 -1.232862 -0.989240 -2.297570 -1.443157
 -1.849215 -2.287468 -2.105148 -0.479184
 -1.439539 -0.778142 -1.960834 -1.814231
 -1.277400 -1.837015 -1.026086 -1.591893
 -1.120592 -0.808217 -2.575873 -1.882730
 -1.702147 -1.999397 -2.079439 -0.584668
 -1.280934 -0.750307 -2.330752 -1.878769
 -0.990724 -1.683870 -1.309177 -1.754487
 -0.896313 -1.037724 -2.768109 -1.743609
 -1.704747 -1.927890 -2.621034 -0.510827
 -0.903444 -1.040019 -2.045537 -2.188637
 -0.893819 -1.704747 -1.574695 -1.599387
 -1.057019 -0.951658 -3.158925 -1.496385
 -1.802454 -1.386294 -1.739933 -0.892637
 -0.765470 -1.621133 -2.151757 -1.509908
 -0.857770 -1.915137 -1.479820 -1.604983
 -0.950058 -0.930058 -2.980222 -1.783977
 -1.093549 -1.476541 -1.756842 -1.331960
 -0.847299 -1.395864 -2.014900 -1.658227
 -1.604425 -1.443157 -1.103651 -1.464663
 -1.532477 -0.785263 -2.189255 -1.532477
 -1.214685 -1.477049 -1.675499 -1.245937
 -1.082988 -1.410200 -1.666132 -1.476891
 -1.749199 -1.297215 -1.210204 -1.367832
 -1.558144 -0.956565 -2.356649 -1.169487
 -1.286809 -1.317581 -1.865545 -1.199798
 -1.235188 -1.056940 -2.004318 -1.483024
 -1.829910 -1.299283 -1.279865 -1.242125
 -1.224906 -1.438480 -1.843944 -1.168817
 -1.407617 -1.340926 -1.516816 -1.293673
 -1.280934 -1.029620 -2.197221 -1.370546
 -1.824548 -1.428654 -1.221015 -1.190243
 -1.408767 -1.431757 -1.934859 -0.988265
 -1.391282 -1.719785 -1.333013 -1.176171
 -1.301395 -1.170775 -1.695298 -1.451677
 -1.670922 -1.492675 -1.306958 -1.150389
 -1.716047 -1.156432 -2.137259 -0.947678
 -1.462577 -1.347508 -1.391960 -1.347508
 -1.380324 -1.186169 -1.785788 -1.289353
 -1.963077 -1.547562 -1.254893 -1.016935
 -0.615187 -1.236013 -1.778335 -14.207556
 -0.918758 -1.108514 -1.305873 -14.523548
 -0.784716 -1.225027 -1.386294 -14.285517
 -1.516347 -1.016696 -0.870603 -14.715673
 -0.000001 -14.873302 -14.873302 -14.873302
 -0.000001 -14.715673 -14.715673 -14.715673
 -0.000001 -14.617514 -14.617514 -14.617514
 -1.386294 -1.386294 -1.386294 -1.386294
 -15.839705 -15.839705 -15.839705 -0.000000
 -1.386294 -1.386294 -1.386294 -1.386294
 -1.386294 -1.386294 -1.386294 -1.386294
 -1.386294 -1.386294 -1.386294 -1.386294
 -1.386294 -1.386294 -1.386294 -1.386294
 -1.386294 -1.386294 -1.386294 -1.386294
 -1.386294 -1.386294 -1.386294 -1.386294
 -0.000000 -15.839705 -15.839705 -15.839705
 -15.839705 -15.839705 -0.000000 -15.839705
 -1.386294 -1.386294 -1.386294 -1.386294
 -1.386294 -1.386294 -1.386294 -1.386294
 -1.386294 -1.386294 -1.386294 -1.386294
 -1.386294 -1.386294 -1.386294 -1.386294
 -1.386294 -1.386294 -1.386294 -1.386294
 -1.311243 -1.441977 -1.169778 -1.694889
 -1.386294 -1.386294 -1.386294 -1.386294
 -1.426300 -1.240583 -2.099242 -1.055441
 -1.690877 -1.217094 -1.632037 -1.126943
 -1.225479 -1.254893 -1.630944 -1.489293
 -2.044100 -1.042655 -1.245595 -1.468738
 -1.069456 -1.323236 -1.871801 -1.441019
 -1.195239 -1.517322 -1.740465 -1.195239
 -1.270035 -1.320045 -1.270035 -1.764730
 -1.998679 -1.146469 -1.628306 -1.048488
 -1.357917 0.000100 0.000100 0.000100
 -1.330323 0.000100 0.000100 0.000100
 -1.303470 0.000100 0.000100 0.000100
 -1.575885 0.000100 0.000100 0.000100
 -1.208194 -1.504980 -1.438158 -1.419325
 -1.241848 -1.403116 -1.378424 -1.544845
 -1.212557 -1.324966 -1.384586 -1.680264
 -1.577409 -1.345607 -1.417066 -1.235516
 -1.340385 -1.496139 -1.359803 -1.356540
 -1.264052 -1.398530 -1.449026 -1.445050
 -1.359278 -1.139080 -1.540130 -1.566918
 -1.713899 -1.350505 -1.308434 -1.236200
 -1.293037 -1.456362 -1.428527 -1.375079
 -1.242602 -1.508974 -1.339452 -1.477351
 -1.291071 -1.230650 -1.340726 -1.764540
 -1.730859 -1.327159 -1.229603 -1.327159
 -1.314930 -1.517871 -1.422560 -1.304778
 -1.290733 -1.449913 -1.284067 -1.544439
 -1.128066 -1.309301 -1.494885 -1.703430
 -1.623695 -1.476159 -1.261905 -1.233734
 -1.281280 -1.358989 -1.446919 -1.469225
 -1.268944 -1.398036 -1.475785 -1.413910
 -1.210052 -1.153741 -1.595894 -1.694798
 -1.795673 -1.303851 -1.370790 -1.175730
 -1.364865 -1.375522 -1.267309 -1.559273
 -1.252763 -1.420900 -1.389701 -1.497720
 -1.364316 -1.177393 -1.321756 -1.773741
 -1.623070 -1.399927 -1.166639 -1.407801
 -1.244433 -1.521420 -1.294030 -1.517174
 -1.310916 -1.397028 -1.341069 -1.507196
 -1.256549 -1.283456 -1.385455 -1.670902
 -1.764861 -1.287718 -1.328046 -1.245158
 -1.362240 -1.409095 -1.358725 -1.416503
 -1.393620 -1.315843 -1.379022 -1.462088
 -1.267922 -1.174901 -1.524641 -1.650075
 -1.792788 -1.296888 -1.383216 -1.173274
 -1.213023 -1.475062 -1.458326 -1.421661
 -1.218198 -1.410309 -1.333477 -1.626532
 -1.301506 -1.227398 -1.366511 -1.715750
 -1.629817 -1.331166 -1.281510 -1.338465
 -1.305112 -1.484223 -1.431777 -1.334478
 -1.126990 -1.434363 -1.461236 -1.580966
 -1.173484 -1.274642 -1.446694 -1.738214
 -1.624379 -1.332673 -1.316737 -1.304949
 -1.412489 -1.490821 -1.419362 -1.239918
 -1.290397 -1.434531 -1.442313 -1.385371
 -1.189721 -1.254679 -1.571875 -1.595186
 -1.695615 -1.367112 -1.331744 -1.211819
 -1.278364 -1.470635 -1.375325 -1.431415
 -1.194108 -1.538588 -1.349794 -1.500367
 -1.312746 -1.256194 -1.404064 -1.606507
 -1.694992 -1.352987 -1.217733 -1.339288
 -1.209997 -1.523178 -1.424867 -1.413693
 -1.280934 -1.487270 -1.336697 -1.454480
 -1.204266 -1.296356 -1.387174 -1.732843
 -1.675646 -1.349927 -1.254266 -1.315768
 -1.350546 -1.494161 -1.412635 -1.298417
 -1.348977 -1.436988 -1.367461 -1.393928
 -1.280037 -1.152979 -1.527672 -1.664751
 -1.690663 -1.330150 -1.341710 -1.238678
 -1.353020 -1.452338 -1.386294 -1.356663
 -1.260817 -1.446919 -1.339288 -1.517537
 -1.442164 -1.153474 -1.383439 -1.622874
 -1.631106 -1.347002 -1.203662 -1.409869
 -1.250387 -1.554820 -1.326286 -1.440044
 -1.243016 -1.577021 -1.303447 -1.455414
 -1.196721 -1.303367 -1.471006 -1.627059
 -1.458615 -1.449957 -1.328350 -1.316965
 -1.313258 -1.380483 -1.507413 -1.354337
 -1.375322 -1.336406 -1.387298 -1.449430
 -1.258641 -1.221254 -1.518152 -1.599568
 -1.672313 -1.432291 -1.235432 -1.263308
 -1.445529 -1.469434 -1.302690 -1.337416
 -1.322863 -1.416845 -1.326190 -1.488709
 -1.406517 -1.114951 -1.398765 -1.713845
 -1.545851 -1.366511 -1.250387 -1.404538
 -1.269799 -1.600788 -1.394046 -1.311911
 -1.228372 -1.591089 -1.349927 -1.409489
 -1.161245 -1.281802 -1.501046 -1.679484
 -1.526666 -1.522004 -1.335814 -1.198910
 -1.415086 -1.421982 -1.244864 -1.478937
 -1.272966 -1.535330 -1.209114 -1.579132
 -1.344985 -1.188781 -1.359478 -1.725582
 -1.636005 -1.390047 -1.168408 -1.405198
 -0.916291 -1.219973 -1.188225 -16.166885
 -1.150389 -1.366312 -0.847604 -16.204273
 -1.202900 -0.993252 -1.110763 -16.334820
 -1.367043 -1.133781 -0.859613 -16.041216
 -0.000000 -16.435822 -16.435822 -16.435822
 -0.000000 -16.415234 -16.415234 -16.415234
 -0.000000 -16.580572 -16.580572 -16.580572
 -1.386294 -1.386294 -1.386294 -1.386294
 -17.578569 -17.578569 -17.578569 -0.000000
 -1.386294 -1.386294 -1.386294 -1.386294
 -1.386294 -1.386294 -1.386294 -1.386294
 -1.386294 -1.386294 -1.386294 -1.386294
 -1.386294 -1.386294 -1.386294 -1.386294
 -1.386294 -1.386294 -1.386294 -1.386294
 -1.386294 -1.386294 -1.386294 -1.386294
 0.000000 -17.578569 -17.578569 -17.578569
 -17.578569 -17.578569 0.000000 -17.578569
 -1.386294 -1.386294 -1.386294 -1.386294
 -1.386294 -1.386294 -1.386294 -1.386294
 -1.386294 -1.386294 -1.386294 -1.386294
 -1.386294 -1.386294 -1.386294 -1.386294
 -1.386294 -1.386294 -1.386294 -1.386294
 -1.104199 -1.070461 -1.902084 -1.734911
 -1.386294 -1.386294 -1.386294 -1.386294
 -1.334441 -1.287679 -1.440984 -1.495709
 -1.195210 -1.370842 -1.417235 -1.604036
 -1.496331 -1.050045 -1.409899 -1.703971
 -1.418383 -1.248824 -1.451535 -1.440361
 -1.243251 -1.601649 -1.446268 -1.292644
 -1.236396 -1.683927 -1.322375 -1.357024
 -1.074653 -1.441116 -1.457646 -1.665285
 -1.397296 -1.592084 -1.154870 -1.451855
