 -1.364049 0.000100 0.000100 0.000100
 -1.332550 0.000100 0.000100 0.000100
 -1.447430 0.000100 0.000100 0.000100
 -1.404871 0.000100 0.000100 0.000100
 -1.164753 -1.692818 -1.190728 -1.609437
 -1.458615 -1.222227 -1.681758 -1.248895
 -1.189585 -1.134015 -1.800491 -1.566878
 -1.609437 -1.386294 -1.290985 -1.290985
 -1.268512 -1.023390 -1.961656 -1.519825
 -1.090831 -1.386294 -1.807506 -1.386294
 -1.368903 -1.072638 -1.691675 -1.517322
 -1.483286 -1.141538 -1.446919 -1.521026
 -1.167606 -1.294357 -2.132683 -1.216396
 -1.305756 -1.405839 -1.459906 -1.379864
 -1.481604 -0.893820 -1.644122 -1.769284
 -1.574035 -1.243795 -1.275543 -1.490654
 -1.260669 -1.233270 -1.442990 -1.666132
 -1.091644 -1.595548 -1.704747 -1.273965
 -1.139435 -1.108664 -1.714797 -1.771955
 -1.601069 -1.252763 -1.345136 -1.377926
 -1.540444 -1.415282 -1.358124 -1.252763
 -1.306830 -1.279431 -1.894615 -1.201470
 -1.286665 -1.043043 -1.820745 -1.562917
 -1.342234 -1.451433 -1.308333 -1.451433
 -1.209364 -1.209364 -1.987066 -1.323774
 -1.371479 -1.314321 -2.007465 -1.069199
 -1.415853 -1.051211 -1.801514 -1.415853
 -1.673975 -1.386294 -1.268512 -1.268512
 -1.529395 -1.049823 -1.491655 -1.568615
 -1.483024 -1.452252 -1.729883 -1.016935
 -1.586964 -0.893820 -2.280106 -1.258461
 -1.507655 -1.228071 -1.330725 -1.507655
 -1.061912 -1.146469 -2.274928 -1.453953
 -1.386294 -1.589893 -1.765783 -0.980830
 -1.406914 -1.029621 -1.945907 -1.366092
 -1.245216 -1.704747 -1.417066 -1.245216
 -1.309063 -1.069834 -2.029607 -1.364633
 -1.524444 -2.112228 -1.684786 -0.742746
 -1.646250 -0.705271 -2.221610 -1.585626
 -1.393215 -1.718636 -1.263162 -1.239064
 -1.198243 -1.015922 -3.144136 -1.227230
 -1.492516 -1.864078 -2.087221 -0.700931
 -1.215023 -0.899943 -2.313628 -1.620487
 -1.180291 -1.772340 -1.341559 -1.341559
 -1.289668 -0.784120 -2.529352 -1.669156
 -1.532476 -1.692818 -2.055722 -0.750778
 -1.157454 -0.782762 -2.169047 -2.169047
 -0.972319 -1.754018 -1.178655 -1.958812
 -1.112406 -0.872734 -2.344545 -1.848111
 -1.718636 -2.268680 -2.086359 -0.522388
 -1.283347 -0.781257 -2.221610 -1.853888
 -1.248425 -1.486835 -1.248425 -1.609437
 -1.433547 -0.756662 -2.469633 -1.571697
 -1.997201 -1.540444 -2.456730 -0.572196
 -1.045970 -1.168572 -2.224617 -1.470851
 -1.148093 -1.575536 -1.192545 -1.757857
 -0.932821 -0.997360 -2.164960 -2.095968
 -1.473305 -1.306252 -2.079439 -0.980830
 -0.762143 -1.373049 -2.238039 -1.752536
 -0.838330 -2.106838 -1.500704 -1.500704
 -1.049823 -0.944462 -2.359740 -1.791758
 -1.463586 -1.158205 -1.905417 -1.184873
 -0.793954 -1.294728 -1.892560 -2.093229
 -1.161414 -1.449095 -1.412727 -1.566878
 -1.411612 -0.731370 -2.367119 -1.707877
 -1.172225 -1.214784 -1.865370 -1.432507
 -1.126012 -1.665006 -1.470851 -1.359626
 -1.660730 -1.309334 -1.514127 -1.139435
 -1.648658 -0.842184 -2.159481 -1.341174
 -1.271225 -1.271225 -1.573505 -1.462280
 -1.137834 -1.024506 -2.159478 -1.584119
 -1.928958 -1.206826 -1.206826 -1.360977
 -1.431551 -1.261652 -1.549333 -1.326191
 -1.522426 -1.080594 -1.738649 -1.321756
 -1.536867 -0.949082 -1.893539 -1.397105
 -2.285773 -1.244325 -1.474847 -0.964023
 -1.375823 -1.418383 -1.845824 -1.057371
 -1.884540 -1.255933 -1.730389 -0.951722
 -1.978342 -1.016936 -2.058384 -0.987948
 -2.470915 -1.344909 -1.318241 -0.948495
 -1.294728 -2.211011 -1.892560 -0.764101
 -1.468738 -1.638636 -1.602269 -0.983231
 -1.274503 -1.236763 -1.699385 -1.397105
 -1.631416 -1.526056 -1.453735 -1.040549
 -1.239691 -0.658663 -1.645155 -13.946543
 -1.329136 -0.818312 -1.223776 -13.835317
 -1.227825 -0.788459 -1.376244 -13.805464
 -1.521469 -0.969401 -0.910561 -14.369398
 -14.054531 -0.000002 -14.054531 -14.054531
 -14.580980 -0.000001 -14.580980 -14.580980
 -14.200776 -0.000002 -14.200776 -14.200776
 -1.386294 -1.386294 -1.386294 -1.386294
 -1.386294 -1.386294 -1.386294 -1.386294
 -15.402703 -15.402703 -15.402703 -0.000001
 -1.386294 -1.386294 -1.386294 -1.386294
 -1.386294 -1.386294 -1.386294 -1.386294
 -1.386294 -1.386294 -1.386294 -1.386294
 -1.386294 -1.386294 -1.386294 -1.386294
 -1.386294 -1.386294 -1.386294 -1.386294
 -0.000001 -15.402703 -15.402703 -15.402703
 -15.402703 -15.402703 -0.000001 -15.402703
 -1.386294 -1.386294 -1.386294 -1.386294
 -1.386294 -1.386294 -1.386294 -1.386294
 -1.386294 -1.386294 -1.386294 -1.386294
 -1.386294 -1.386294 -1.386294 -1.386294
 -1.386294 -1.386294 -1.386294 -1.386294
 -1.324828 -1.528923 -1.062464 -1.761545
 -1.386294 -1.386294 -1.386294 -1.386294
 -1.535329 -1.129866 -2.159481 -1.060873
 -1.667706 -1.137079 -2.265538 -0.949868
 -1.416327 -1.159607 -1.994403 -1.178655
 -1.791757 -1.172721 -1.540444 -1.172721
 -1.302525 -1.200742 -2.555279 -1.051211
 -1.432507 -1.354546 -1.305756 -1.459906
 -1.113652 -0.985819 -2.125244 -1.719784
 -1.921811 -1.110883 -1.488948 -1.208046
 -1.511696 0.000100 0.000100 0.000100
 -1.217456 0.000100 0.000100 0.000100
 -1.290984 0.000100 0.000100 0.000100
 -1.567902 0.000100 0.000100 0.000100
 -1.260893 -1.335001 -1.362293 -1.622683
 -1.239280 -1.516599 -1.312186 -1.506342
 -1.326434 -1.157969 -1.443071 -1.691444
 -1.905002 -1.159304 -1.278795 -1.350539
 -1.326190 -1.360092 -1.496583 -1.370491
 -1.421850 -1.304441 -1.562623 -1.280771
 -1.154404 -1.122143 -1.658874 -1.778922
 -2.005035 -1.194967 -1.339395 -1.201887
 -1.435085 -1.329340 -1.187624 -1.648659
 -1.306013 -1.383203 -1.261313 -1.634518
 -1.607405 -0.979813 -1.431024 -1.686602
 -1.964958 -1.112181 -1.234071 -1.427566
 -1.260582 -1.336664 -1.547043 -1.423316
 -1.250540 -1.529623 -1.295581 -1.499267
 -1.296637 -1.197107 -1.394275 -1.734601
 -1.678744 -1.273279 -1.201415 -1.457957
 -1.277360 -1.383740 -1.446919 -1.446919
 -1.410309 -1.323877 -1.438480 -1.376176
 -1.272350 -1.100338 -1.631225 -1.653498
 -1.817953 -1.190619 -1.449248 -1.207772
 -1.562255 -1.340852 -1.145263 -1.557917
 -1.392525 -1.314407 -1.308643 -1.547718
 -1.479626 -0.982812 -1.542427 -1.691959
 -1.841841 -1.221014 -1.269023 -1.326375
 -1.337104 -1.424843 -1.325176 -1.464937
 -1.280183 -1.355955 -1.304808 -1.644610
 -1.284883 -1.113501 -1.438539 -1.847470
 -1.780586 -1.199556 -1.288110 -1.369079
 -1.363386 -1.289527 -1.439372 -1.462186
 -1.417560 -1.391834 -1.447314 -1.295082
 -1.256179 -1.159237 -1.578382 -1.633598
 -1.716252 -1.220079 -1.401662 -1.277020
 -1.589510 -1.228361 -1.182551 -1.626043
 -1.345187 -1.324134 -1.255141 -1.668974
 -1.496836 -1.044851 -1.550182 -1.550182
 -1.871802 -1.240024 -1.146441 -1.431246
 -1.248042 -1.432564 -1.505656 -1.376875
 -1.238262 -1.409789 -1.299533 -1.643727
 -1.393457 -1.130847 -1.377609 -1.732489
 -1.673619 -1.293228 -1.254909 -1.374573
 -1.345333 -1.358801 -1.544518 -1.312435
 -1.577869 -1.376474 -1.409590 -1.214444
 -1.286992 -1.141810 -1.689337 -1.514049
 -1.907976 -1.197377 -1.326469 -1.258001
 -1.414352 -1.370608 -1.236104 -1.549046
 -1.299019 -1.349700 -1.316615 -1.610231
 -1.388276 -1.068381 -1.441242 -1.770211
 -1.830078 -1.273443 -1.176777 -1.380463
 -1.240746 -1.529544 -1.376670 -1.419729
 -1.249215 -1.378426 -1.359792 -1.586789
 -1.351426 -1.167029 -1.389525 -1.711221
 -1.636394 -1.189888 -1.273726 -1.508342
 -1.324762 -1.377755 -1.459216 -1.388011
 -1.585046 -1.297364 -1.471287 -1.230382
 -1.357356 -1.028584 -1.569653 -1.731440
 -1.778039 -1.205036 -1.421993 -1.237471
 -1.481211 -1.296008 -1.271140 -1.520951
 -1.369790 -1.355019 -1.303579 -1.530909
 -1.478858 -0.993350 -1.545698 -1.668100
 -1.871357 -1.222531 -1.158181 -1.437400
 -1.353903 -1.295860 -1.369967 -1.541818
 -1.304572 -1.447673 -1.279879 -1.534684
 -1.355473 -1.095323 -1.463321 -1.735700
 -1.643090 -1.194026 -1.253798 -1.522340
 -1.336262 -1.226118 -1.528219 -1.483587
 -1.393367 -1.241472 -1.513914 -1.415697
 -1.217995 -1.027065 -1.779053 -1.729782
 -1.723420 -1.181379 -1.416114 -1.301825
 -1.578666 -1.218966 -1.206953 -1.613912
 -1.281077 -1.389880 -1.367152 -1.521771
 -1.555761 -0.996864 -1.424116 -1.719167
 -1.762772 -1.240583 -1.187765 -1.451094
 -1.371302 -1.424267 -1.480196 -1.280330
 -1.381766 -1.437508 -1.447108 -1.287004
 -1.258884 -1.142694 -1.504484 -1.743318
 -1.671131 -1.235813 -1.224844 -1.480323
 -1.355222 -1.493761 -1.334460 -1.369307
 -1.413785 -1.558967 -1.311131 -1.284061
 -1.259236 -1.383533 -1.428654 -1.488077
 -1.545133 -1.437145 -1.332572 -1.254167
 -1.366807 -1.035360 -0.941655 -16.229637
 -1.303495 -1.068988 -0.954348 -16.148624
 -1.381144 -0.911569 -1.058962 -16.268238
 -1.554516 -1.123733 -0.768638 -16.274244
 -16.217035 -0.000000 -16.217035 -16.217035
 -16.586849 -0.000000 -16.586849 -16.586849
 -16.693584 -0.000000 -16.693584 -16.693584
 -1.386294 -1.386294 -1.386294 -1.386294
 -1.386294 -1.386294 -1.386294 -1.386294
 -17.617720 -17.617720 -17.617720 -0.000000
 -1.386294 -1.386294 -1.386294 -1.386294
 -1.386294 -1.386294 -1.386294 -1.386294
 -1.386294 -1.386294 -1.386294 -1.386294
 -1.386294 -1.386294 -1.386294 -1.386294
 -1.386294 -1.386294 -1.386294 -1.386294
 0.000000 -17.617720 -17.617720 -17.617720
 -17.617720 -17.617720 0.000000 -17.617720
 -1.386294 -1.386294 -1.386294 -1.386294
 -1.386294 -1.386294 -1.386294 -1.386294
 -1.386294 -1.386294 -1.386294 -1.386294
 -1.386294 -1.386294 -1.386294 -1.386294
 -1.386294 -1.386294 -1.386294 -1.386294
 -1.196560 -1.066543 -1.780661 -1.687158
 -1.386294 -1.386294 -1.386294 -1.386294
 -1.305457 -1.239557 -1.408700 -1.634869
 -1.231588 -1.258617 -1.581934 -1.520753
 -1.514730 -0.939743 -1.814533 -1.485054
 -1.614275 -1.092599 -1.442106 -1.473196
 -1.162454 -1.500599 -1.379350 -1.548608
 -1.244953 -1.590376 -1.247432 -1.509796
 -1.197445 -1.332935 -1.302045 -1.817953
 -1.347553 -1.426597 -1.220040 -1.585811
