 -1.378572 0.000100 0.000100 0.000100
 -1.318853 0.000100 0.000100 0.000100
 -1.509908 0.000100 0.000100 0.000100
 -1.348267 0.000100 0.000100 0.000100
 -1.153963 -1.433547 -1.433547 -1.571697
 -1.289668 -1.371906 -1.430746 -1.461518
 -1.152680 -1.335001 -1.600703 -1.517322
 -2.007465 -1.047693 -1.639742 -1.136640
 -1.083687 -1.335001 -1.558144 -1.671472
 -1.201645 -1.379326 -1.704747 -1.325259
 -1.089803 -1.261652 -2.019335 -1.395183
 -1.586090 -1.378451 -1.317827 -1.288839
 -1.173733 -1.360319 -1.527373 -1.527373
 -1.144075 -1.573070 -1.504077 -1.378914
 -1.200742 -1.108369 -1.590206 -1.801514
 -1.658227 -1.504077 -1.007641 -1.504077
 -1.126587 -1.263162 -1.980999 -1.365816
 -1.196251 -1.394076 -1.394076 -1.601715
 -1.153963 -1.229949 -1.732039 -1.535329
 -1.722765 -1.774058 -1.107582 -1.134981
 -1.406914 -1.301553 -1.589235 -1.276861
 -1.229949 -1.535329 -1.256617 -1.571697
 -1.422662 -1.317302 -1.422662 -1.386294
 -1.953813 -1.106518 -1.347680 -1.317827
 -1.483286 -1.223776 -1.688080 -1.223776
 -1.278081 -1.180443 -1.683545 -1.475906
 -1.708692 -0.932165 -1.753143 -1.378451
 -1.500238 -1.060873 -1.535329 -1.535329
 -1.274177 -1.474847 -1.551808 -1.274177
 -0.963638 -1.439719 -1.626930 -1.687555
 -1.119233 -0.947383 -2.282377 -1.694594
 -1.753143 -1.410200 -1.288839 -1.180626
 -1.366876 -1.316866 -1.629240 -1.269238
 -1.206409 -1.661883 -1.282395 -1.454245
 -1.425515 -1.147884 -1.599868 -1.425515
 -1.402824 -1.759497 -1.090450 -1.402824
 -1.408767 -0.897943 -2.602683 -1.294357
 -1.212272 -1.428495 -2.310879 -1.011602
 -1.203973 -0.897244 -2.034318 -1.823010
 -1.923093 -1.371027 -1.401798 -1.038894
 -1.233270 -1.586090 -2.010971 -0.994041
 -2.245424 -1.580450 -1.916921 -0.614011
 -2.470909 -1.318241 -1.623621 -0.796946
 -1.168571 -1.778335 -1.665007 -1.105393
 -0.721587 -13.883173 -1.009268 -1.900238
 -1.070442 -13.864305 -0.803814 -1.562917
 -0.847300 -13.641162 -0.847300 -1.945907
 -0.861029 -14.603970 -0.829280 -1.959639
 -1.595707 -0.403165 -3.433975 -2.335372
 -1.386294 -1.386294 -1.386294 -1.386294
 -2.676440 -0.116638 -4.285851 -3.592721
 -2.197218 -0.387119 -2.197218 -2.315000
 -1.916918 -0.435322 -3.120868 -1.821609
 -3.203757 -2.931825 -3.673757 -0.127027
 -1.335002 -0.998536 -1.558141 -1.845814
 -2.456714 -1.945902 -1.609435 -0.559622
 -0.000009 -12.736712 -12.736712 -12.736712
 -0.000004 -13.554151 -13.554151 -13.554151
 -0.000012 -12.388411 -12.388411 -12.388411
 -0.000001 -15.153141 -15.153141 -15.153141
 -0.000001 -15.456449 -15.456449 -15.456449
 -1.386294 -1.386294 -1.386294 -1.386294
 -1.386294 -1.386294 -1.386294 -1.386294
 -1.386294 -1.386294 -1.386294 -1.386294
 -2.484905 -0.428996 -3.068049 -1.518719
 -1.386294 -1.386294 -1.386294 -1.386294
 -1.386294 -1.386294 -1.386294 -1.386294
 -1.386294 -1.386294 -1.386294 -1.386294
 -0.988614 -1.196252 -1.815285 -1.815285
 -0.854267 -1.627456 -2.032920 -1.398270
 -1.568613 -1.232146 -2.079425 -0.980835
 -1.591893 -1.326191 -1.360092 -1.293401
 -1.319086 -1.188058 -2.095612 -1.188058
 -1.287855 -1.142673 -1.863216 -1.386294
 -1.160745 -1.199966 -1.528468 -1.779781
 -1.571697 -1.229949 -1.500238 -1.284016
 -1.647177 -1.504077 -1.727220 -0.897943
 -1.342674 -1.472727 -1.445328 -1.295046
 -1.644122 -0.980831 -2.174746 -1.145133
 -2.140063 -1.777159 -0.905323 -1.174986
 -1.272966 -1.272966 -2.207270 -1.108664
 -1.508184 -1.338285 -1.625966 -1.140460
 -1.435084 -1.029620 -1.891841 -1.370546
 -1.988468 -1.410392 -1.386294 -0.996830
 -1.216396 -1.314836 -1.974078 -1.216396
 -1.517870 -1.400088 -1.892562 -0.958256
 -1.519825 -1.037989 -2.079437 -1.197053
 -2.067463 -0.953106 -1.744691 -1.160745
 -0.856778 -1.405342 -1.485385 -2.265538
 -1.356081 -1.243603 -1.243603 -1.797912
 -1.265667 -1.466337 -1.060873 -1.958809
 -1.345709 -1.518981 -0.971016 -1.951843
 -14.240781 -0.000002 -14.240781 -14.240781
 -14.062374 -0.000003 -14.062374 -14.062374
 -14.297939 -0.000002 -14.297939 -14.297939
 -13.500805 -0.000004 -13.500805 -13.500805
 -1.386294 -1.386294 -1.386294 -1.386294
 -0.000001 -15.456449 -15.456449 -15.456449
 -1.386294 -1.386294 -1.386294 -1.386294
 -1.386294 -1.386294 -1.386294 -1.386294
 -15.456448 -15.456448 -0.000001 -15.456448
 -1.386294 -1.386294 -1.386294 -1.386294
 -1.386294 -1.386294 -1.386294 -1.386294
 -1.386294 -1.386294 -1.386294 -1.386294
 -1.386294 -1.386294 -1.386294 -1.386294
 -1.386294 -1.386294 -1.386294 -1.386294
 -1.386294 -1.378572 -1.146240 -1.713507
 -1.386294 -1.386294 -1.386294 -1.386294
 -1.276294 -1.363305 -1.601715 -1.333452
 -1.689480 -1.535329 -1.689480 -0.878552
 -1.386294 -1.110883 -1.841769 -1.338666
 -1.699385 -1.006240 -1.313724 -1.699385
 -1.057114 -1.057114 -2.131624 -1.679641
 -1.219757 -1.290375 -1.671741 -1.420427
 -1.396245 -1.118614 -1.479626 -1.619387
 -2.163996 -1.236013 -1.283641 -1.147065
 -1.251009 0.000100 0.000100 0.000100
 -1.320878 0.000100 0.000100 0.000100
 -1.497950 0.000100 0.000100 0.000100
 -1.499260 0.000100 0.000100 0.000100
 -1.607395 -1.155410 -1.083391 -1.922665
 -1.568616 -1.128665 -1.290187 -1.645156
 -1.532622 -0.928141 -1.514604 -1.778755
 -2.062546 -1.009637 -1.234581 -1.525270
 -1.093993 -1.539417 -1.476678 -1.504077
 -1.255726 -1.477387 -1.229370 -1.637730
 -1.318674 -1.146015 -1.361903 -1.842403
 -1.737863 -1.210509 -1.152137 -1.560182
 -1.106234 -1.428383 -1.679051 -1.414899
 -1.356768 -1.339674 -1.475629 -1.378555
 -1.207894 -1.172802 -1.505145 -1.773779
 -1.612487 -1.305901 -1.490472 -1.189367
 -1.469859 -1.237584 -1.117782 -1.877620
 -1.551679 -1.136062 -1.304341 -1.631297
 -1.523335 -0.904777 -1.548653 -1.802718
 -2.081913 -1.083906 -1.175573 -1.476678
 -1.321756 -1.402725 -1.257217 -1.594732
 -1.230271 -1.515959 -1.174944 -1.718402
 -1.397735 -1.177105 -1.294469 -1.768253
 -1.669766 -1.217781 -1.165686 -1.589077
 -1.191060 -1.561303 -1.452669 -1.377162
 -1.287162 -1.443322 -1.486495 -1.340783
 -1.088731 -1.204304 -1.544093 -1.897451
 -1.634917 -1.273415 -1.457986 -1.229452
 -1.648045 -1.135094 -1.119296 -1.834630
 -1.593583 -0.991541 -1.418780 -1.693962
 -1.529694 -0.927377 -1.517790 -1.780154
 -2.198486 -0.978730 -1.166435 -1.600649
 -1.278040 -1.387906 -1.331465 -1.571519
 -1.120591 -1.540982 -1.197552 -1.846363
 -1.166324 -1.197307 -1.406562 -1.955459
 -1.764138 -1.345934 -1.033251 -1.548716
 -1.122435 -1.596220 -1.532629 -1.363026
 -1.277933 -1.415622 -1.479526 -1.382832
 -1.190888 -1.167822 -1.663561 -1.631980
 -1.676246 -1.223436 -1.456746 -1.252763
 -1.608406 -1.130062 -1.165838 -1.801091
 -1.771692 -0.999012 -1.368437 -1.574036
 -1.425297 -0.919027 -1.585145 -1.859582
 -2.336986 -0.821859 -1.307367 -1.643839
 -1.027957 -15.608936 -0.991423 -1.304845
 -0.942480 -16.377378 -0.968559 -1.466594
 -0.864443 -16.014956 -1.020790 -1.521411
 -1.370243 -15.636829 -0.706177 -1.376632
 -1.140031 -1.494576 -1.534364 -1.426056
 -1.386294 -1.386294 -1.386294 -1.386294
 -1.178283 -1.200262 -1.457946 -1.842857
 -1.555694 -1.256451 -1.370469 -1.385068
 -1.582477 -0.966094 -1.096590 -2.526234
 -1.448008 -0.745644 -1.529981 -2.603777
 -1.405440 -0.835568 -1.426274 -2.514414
 -2.247127 -0.539991 -1.484111 -2.466986
 -0.000001 -15.745583 -15.745583 -15.745583
 -0.000000 -16.571716 -16.571716 -16.571716
 -0.000000 -15.992533 -15.992533 -15.992533
 -0.000001 -14.816144 -14.816144 -14.816144
 0.000000 -17.346859 -17.346859 -17.346859
 -1.386294 -1.386294 -1.386294 -1.386294
 -1.386294 -1.386294 -1.386294 -1.386294
 -1.386294 -1.386294 -1.386294 -1.386294
 -1.564236 -1.336348 -0.983467 -1.871217
 -1.386294 -1.386294 -1.386294 -1.386294
 -1.386294 -1.386294 -1.386294 -1.386294
 -1.386294 -1.386294 -1.386294 -1.386294
 -1.201645 -1.396133 -1.320009 -1.689480
 -1.251094 -1.315373 -1.258906 -1.823436
 -1.220806 -1.247690 -1.297980 -1.932696
 -1.453117 -1.221876 -1.254666 -1.680333
 -1.086342 -1.398717 -1.637609 -1.508718
 -1.258631 -1.537612 -1.470601 -1.304616
 -1.117844 -1.230784 -1.573070 -1.751318
 -1.565763 -1.246533 -1.491655 -1.278081
 -1.724531 -1.262111 -0.947124 -1.891585
 -1.574778 -1.293988 -1.129811 -1.631290
 -1.459028 -0.901951 -1.584980 -1.852728
 -2.241215 -0.998710 -1.212448 -1.479076
 -1.193761 -1.490395 -1.337273 -1.565057
 -1.307079 -1.347625 -1.337334 -1.575088
 -1.279431 -1.129149 -1.432456 -1.833992
 -1.729239 -1.293921 -1.146516 -1.466875
 -1.137342 -1.603867 -1.581888 -1.299656
 -1.145284 -1.545761 -1.497208 -1.406649
 -1.328400 -1.240695 -1.471501 -1.530925
 -1.758155 -1.233631 -1.335596 -1.296810
 -1.690011 -1.265570 -0.893229 -2.086892
 -1.556061 -1.202782 -1.126409 -1.804957
 -1.609438 -0.909901 -1.360977 -1.958813
 -1.947080 -1.152680 -1.054008 -1.645156
 -15.654472 -0.000001 -15.654472 -15.654472
 -16.215223 -0.000000 -16.215223 -16.215223
 -16.263062 -0.000000 -16.263062 -16.263062
 -15.483218 -0.000001 -15.483218 -15.483218
 -1.386294 -1.386294 -1.386294 -1.386294
 0.000000 -17.346859 -17.346859 -17.346859
 -1.386294 -1.386294 -1.386294 -1.386294
 -1.386294 -1.386294 -1.386294 -1.386294
 -17.346859 -17.346859 -0.000000 -17.346859
 -1.386294 -1.386294 -1.386294 -1.386294
 -1.386294 -1.386294 -1.386294 -1.386294
 -1.386294 -1.386294 -1.386294 -1.386294
 -1.386294 -1.386294 -1.386294 -1.386294
 -1.386294 -1.386294 -1.386294 -1.386294
 -1.384248 -1.040625 -1.419924 -1.867422
 -1.386294 -1.386294 -1.386294 -1.386294
 -1.103296 -1.381632 -1.570487 -1.564885
 -1.187810 -1.486421 -1.464681 -1.436411
 -1.195134 -1.159767 -1.739861 -1.569100
 -1.532898 -1.219240 -1.515506 -1.313269
 -1.539133 -1.382365 -1.085898 -1.625311
 -1.512418 -1.146240 -1.280270 -1.693735
 -1.501296 -0.920478 -1.606656 -1.724439
 -2.034321 -1.118030 -1.270222 -1.341174
