 -1.289197 0.000100 0.000100 0.000100
 -1.276294 0.000100 0.000100 0.000100
 -1.458615 0.000100 0.000100 0.000100
 -1.547026 0.000100 0.000100 0.000100
 -1.186805 -1.373391 -1.399366 -1.635754
 -1.312187 -1.412270 -1.717651 -1.178655
 -0.975715 -1.178656 -2.469633 -1.466337
 -2.006532 -0.887304 -1.601069 -1.377926
 -1.186805 -1.510592 -1.399366 -1.481604
 -1.123004 -1.528468 -1.474401 -1.474401
 -0.764975 -1.479626 -1.524077 -2.417889
 -1.669156 -0.995429 -1.289668 -1.791758
 -1.287855 -1.330414 -1.170072 -1.900957
 -1.077994 -1.414465 -1.535826 -1.602517
 -1.386294 -1.223776 -1.249094 -1.777159
 -1.709520 -0.940390 -1.763587 -1.358124
 -1.203973 -1.021652 -14.220979 -1.078810
 -1.027154 -1.216396 -14.297939 -1.062245
 -0.948495 -0.948495 -14.166170 -1.490091
 -1.763587 -0.940390 -13.864305 -0.825321
 -14.380827 -14.380827 -0.000002 -14.380827
 -14.498610 -14.498610 -0.000002 -14.498610
 -1.386294 -1.386294 -1.386294 -1.386294
 -14.430698 -14.430698 -0.000002 -14.430698
 -1.386294 -1.386294 -1.386294 -1.386294
 -1.386294 -1.386294 -1.386294 -1.386294
 -15.536490 -15.536490 -15.536490 -0.000001
 -1.386294 -1.386294 -1.386294 -1.386294
 -1.386294 -1.386294 -1.386294 -1.386294
 -1.386294 -1.386294 -1.386294 -1.386294
 -1.386294 -1.386294 -1.386294 -1.386294
 -0.000001 -15.536490 -15.536490 -15.536490
 -15.536490 -0.000001 -15.536490 -15.536490
 -1.386294 -1.386294 -1.386294 -1.386294
 -1.386294 -1.386294 -1.386294 -1.386294
 -1.386294 -1.386294 -1.386294 -1.386294
 -1.386294 -1.386294 -1.386294 -1.386294
 -15.536490 -15.536490 -0.000001 -15.536490
 -1.386294 -1.386294 -1.386294 -1.386294
 -1.386294 -1.386294 -1.386294 -1.386294
 -1.386294 -1.386294 -1.386294 -1.386294
 -1.386294 -1.386294 -1.386294 -1.386294
 -15.536490 -15.536490 -15.536490 -0.000001
 -1.386294 -1.386294 -1.386294 -1.386294
 -1.386294 -1.386294 -1.386294 -1.386294
 -1.386294 -1.386294 -1.386294 -1.386294
 -1.386294 -1.386294 -1.386294 -1.386294
 -1.860241 -1.276294 -1.598761 -1.012944
 -1.826848 -0.882391 -2.674137 -1.031922
 -1.871801 -1.360977 -1.682559 -0.906722
 -1.549333 -0.898748 -1.954796 -1.431551
 -2.605151 -1.575536 -1.305873 -0.802347
 -1.165753 -1.085710 -2.397886 -1.348073
 -1.249719 -1.092534 -2.104132 -1.362197
 -1.229452 -0.813293 -2.265538 -1.830224
 -2.024380 -1.213452 -1.890849 -0.867951
 -1.466337 -1.178656 -2.034318 -1.106335
 -1.563394 -1.062619 -1.920067 -1.209222
 -1.304057 -0.782762 -2.302577 -1.763586
 -2.233589 -1.080913 -1.627456 -1.029620
 -1.537334 -1.146469 -1.964776 -1.117482
 -1.662081 -0.955512 -1.977161 -1.247648
 -1.670061 -0.916292 -1.957741 -1.307157
 -1.969439 -0.927988 -1.746296 -1.235472
 -1.452252 0.000100 0.000100 0.000100
 -1.382048 0.000100 0.000100 0.000100
 -1.077559 0.000100 0.000100 0.000100
 -1.746013 0.000100 0.000100 0.000100
 -1.299283 -1.116962 -1.810107 -1.442384
 -1.403389 -1.551808 -1.438480 -1.187166
 -1.123931 -1.361602 -1.386294 -1.779336
 -1.462280 -1.462280 -1.187844 -1.462280
 -2.228473 -0.824484 -1.038894 -2.302580
 -1.962575 -0.863966 -1.212272 -1.962575
 -2.144577 -0.566397 -1.765090 -1.936939
 -2.197220 -1.098613 -0.920932 -1.848916
 -1.080915 -1.134982 -1.722764 -1.828123
 -1.189584 -1.749199 -0.950693 -2.000513
 -1.711716 -0.875470 -1.077994 -2.772580
 -1.945905 -1.098614 -0.965083 -1.945905
 -0.667831 -1.429969 -13.972518 -1.394878
 -0.954032 -1.321756 -14.115618 -1.055128
 -0.776263 -1.201930 -14.304093 -1.430188
 -2.061416 -0.788461 -13.217681 -0.871842
 -14.478201 -14.478201 -0.000002 -14.478201
 -14.137597 -14.137597 -0.000002 -14.137597
 -1.386294 -1.386294 -1.386294 -1.386294
 -14.137597 -14.137597 -0.000002 -14.137597
 -1.386294 -1.386294 -1.386294 -1.386294
 -1.386294 -1.386294 -1.386294 -1.386294
 -15.363074 -15.363074 -15.363074 -0.000001
 -1.386294 -1.386294 -1.386294 -1.386294
 -1.386294 -1.386294 -1.386294 -1.386294
 -1.386294 -1.386294 -1.386294 -1.386294
 -1.386294 -1.386294 -1.386294 -1.386294
 -0.000001 -15.363074 -15.363074 -15.363074
 -15.363074 -0.000001 -15.363074 -15.363074
 -1.386294 -1.386294 -1.386294 -1.386294
 -1.386294 -1.386294 -1.386294 -1.386294
 -1.386294 -1.386294 -1.386294 -1.386294
 -1.386294 -1.386294 -1.386294 -1.386294
 -15.363074 -15.363074 -0.000001 -15.363074
 -1.386294 -1.386294 -1.386294 -1.386294
 -1.386294 -1.386294 -1.386294 -1.386294
 -1.386294 -1.386294 -1.386294 -1.386294
 -1.386294 -1.386294 -1.386294 -1.386294
 -15.363074 -15.363074 -15.363074 -0.000001
 -1.386294 -1.386294 -1.386294 -1.386294
 -1.386294 -1.386294 -1.386294 -1.386294
 -1.386294 -1.386294 -1.386294 -1.386294
 -1.386294 -1.386294 -1.386294 -1.386294
 -2.751533 -0.805625 -1.162300 -1.733892
 -1.791753 -1.203975 -1.791753 -1.003306
 -1.395864 -1.763588 -0.952659 -1.633535
 -1.899388 -0.816047 -1.326871 -1.945908
 -2.221610 -2.020941 -0.681173 -1.374318
 -1.181501 -1.386294 -1.644122 -1.386294
 -1.537694 -1.158205 -1.576914 -1.330055
 -1.007121 -1.311332 -1.939938 -1.507076
 -1.452252 -1.285199 -1.498772 -1.324419
 -1.916921 -1.062508 -0.887304 -2.347701
 -2.167144 -1.137528 -0.886214 -1.879463
 -2.068008 -0.681721 -1.521469 -1.900956
 -2.807669 -0.969402 -0.969402 -1.709067
 -0.974562 -1.572395 -1.572395 -1.572395
 -1.264127 -1.710413 -1.001763 -1.774951
 -1.857453 -0.948600 -1.127940 -2.017795
 -1.639742 -1.719784 -0.985819 -1.371479
