 -1.396766 0.000100 0.000100 0.000100
 -1.263892 0.000100 0.000100 0.000100
 -1.450833 0.000100 0.000100 0.000100
 -1.445293 0.000100 0.000100 0.000100
 -1.239691 -1.239691 -1.440361 -1.691675
 -1.089438 -1.488077 -1.508696 -1.529749
 -1.261131 -1.082084 -1.504077 -1.860751
 -1.866291 -0.894433 -1.286474 -1.831200
 -1.098613 -1.595049 -1.440898 -1.482571
 -0.891497 -1.647822 -1.812901 -1.451112
 -0.919028 -1.425296 -1.571900 -1.877280
 -1.798978 -0.945491 -1.756419 -1.296888
 -0.966984 -1.787964 -1.934567 -1.177705
 -1.200395 -1.512174 -1.791758 -1.165304
 -0.836249 -1.714797 -1.832580 -1.484275
 -2.564944 -1.159607 -1.069456 -1.323236
 -14.665663 -14.665663 -0.000001 -14.665663
 -14.316288 -14.316288 -0.000002 -14.316288
 -14.227623 -14.227623 -0.000002 -14.227623
 -14.594837 -14.594837 -0.000001 -14.594837
 -1.386294 -1.386294 -1.386294 -1.386294
 -1.386294 -1.386294 -1.386294 -1.386294
 -15.854131 -15.854131 -0.000000 -15.854131
 -1.386294 -1.386294 -1.386294 -1.386294
 -1.386294 -1.386294 -1.386294 -1.386294
 -1.386294 -1.386294 -1.386294 -1.386294
 -15.854131 -15.854131 -15.854131 -0.000000
 -1.386294 -1.386294 -1.386294 -1.386294
 -1.386294 -1.386294 -1.386294 -1.386294
 -1.386294 -1.386294 -1.386294 -1.386294
 -1.386294 -1.386294 -1.386294 -1.386294
 -0.000000 -15.854131 -15.854131 -15.854131
 -1.335522 -1.102526 -2.500654 -1.130361
 -1.386294 -1.386294 -1.386294 -1.386294
 -1.386294 -1.386294 -1.386294 -1.386294
 -1.386294 -1.386294 -1.386294 -1.386294
 -14.518610 -14.518610 -0.000001 -14.518610
 -14.751605 -14.751605 -0.000001 -14.751605
 -13.353481 -13.353481 -0.000005 -13.353481
 -14.723771 -14.723771 -0.000001 -14.723771
 -1.386294 -1.386294 -1.386294 -1.386294
 -1.386294 -1.386294 -1.386294 -1.386294
 -15.854131 -15.854131 -15.854131 -0.000000
 -1.386294 -1.386294 -1.386294 -1.386294
 -1.386294 -1.386294 -1.386294 -1.386294
 -1.386294 -1.386294 -1.386294 -1.386294
 -1.386294 -1.386294 -1.386294 -1.386294
 -1.381099 -0.791587 -1.218840 -15.854131
 -1.651772 -1.043183 -1.736329 -1.273706
 -1.561743 -1.521469 -1.482754 -1.064711
 -1.347413 -1.297816 -1.553749 -1.364507
 -1.386294 -1.386294 -1.386294 -1.386294
 -1.217876 -0.955512 -2.421844 -1.466337
 -1.168993 -1.200742 -2.192379 -1.284825
 -1.392525 -1.020962 -1.990360 -1.367832
 -1.575536 -1.369200 -1.809150 -0.980830
 -1.247825 -1.376442 -1.501605 -1.437067
 -1.526876 -1.234489 -1.625967 -1.220502
 -1.183771 -1.058608 -1.366092 -2.387736
 -2.079440 -1.368595 -1.148967 -1.192139
 -1.633391 -1.238079 -1.518981 -1.217876
 -1.429466 -1.300849 -1.623622 -1.234158
 -1.147403 -1.114613 -1.874450 -1.604160
 -1.882005 -1.312912 -1.454562 -1.063697
 -1.499794 0.000100 0.000100 0.000100
 -1.480746 0.000100 0.000100 0.000100
 -1.246346 0.000100 0.000100 0.000100
 -1.340165 0.000100 0.000100 0.000100
 -1.386294 -1.060874 -1.312187 -2.005327
 -1.572395 -1.137080 -1.667704 -1.262242
 -1.314321 -1.565634 -1.113652 -1.639742
 -1.808285 -0.932822 -1.402823 -1.625965
 -2.159475 -1.386294 -1.060874 -1.243194
 -1.582408 -1.457246 -1.199418 -1.346021
 -1.277661 -1.402823 -1.545923 -1.338285
 -1.211092 -1.652920 -1.211092 -1.547561
 -1.060874 -1.871797 -1.312187 -1.466336
 -1.424034 -1.791756 -1.909537 -0.810933
 -1.496642 -1.113652 -1.496642 -1.496642
 -1.003304 -1.897115 -1.696447 -1.203974
 -13.429854 -13.429854 -0.000004 -13.429854
 -13.081550 -13.081550 -0.000006 -13.081550
 -13.081550 -13.081550 -0.000006 -13.081550
 -13.444452 -13.444452 -0.000004 -13.444452
 -1.386294 -1.386294 -1.386294 -1.386294
 -1.386294 -1.386294 -1.386294 -1.386294
 -14.661381 -14.661381 -0.000001 -14.661381
 -1.386294 -1.386294 -1.386294 -1.386294
 -1.386294 -1.386294 -1.386294 -1.386294
 -1.386294 -1.386294 -1.386294 -1.386294
 -14.661381 -14.661381 -14.661381 -0.000001
 -1.386294 -1.386294 -1.386294 -1.386294
 -1.386294 -1.386294 -1.386294 -1.386294
 -1.386294 -1.386294 -1.386294 -1.386294
 -1.386294 -1.386294 -1.386294 -1.386294
 -0.000001 -14.661381 -14.661381 -14.661381
 -2.272982 -1.133551 -1.202543 -1.292156
 -1.386294 -1.386294 -1.386294 -1.386294
 -1.386294 -1.386294 -1.386294 -1.386294
 -1.386294 -1.386294 -1.386294 -1.386294
 -12.388411 -12.388411 -0.000012 -12.388411
 -13.527834 -13.527834 -0.000004 -13.527834
 -13.458841 -13.458841 -0.000004 -13.458841
 -13.369229 -13.369229 -0.000005 -13.369229
 -1.386294 -1.386294 -1.386294 -1.386294
 -1.386294 -1.386294 -1.386294 -1.386294
 -14.661381 -14.661381 -14.661381 -0.000001
 -1.386294 -1.386294 -1.386294 -1.386294
 -1.386294 -1.386294 -1.386294 -1.386294
 -1.386294 -1.386294 -1.386294 -1.386294
 -1.386294 -1.386294 -1.386294 -1.386294
 -1.107234 -1.008388 -1.188359 -14.661381
 -2.146575 -0.909820 -1.348073 -1.510591
 -1.446919 -1.803591 -1.110448 -1.307157
 -1.777771 -1.623621 -0.796946 -1.697728
 -1.386294 -1.386294 -1.386294 -1.386294
 -1.005525 -1.516346 -1.516346 -1.634128
 -1.304949 -1.187167 -1.998090 -1.244325
 -1.246533 -1.246533 -1.491654 -1.609437
 -1.405342 -2.024375 -1.197704 -1.137080
 -1.496642 -1.208961 -1.432104 -1.432104
 -2.251282 -1.152681 -1.645154 -0.952011
 -1.734598 -1.223777 -1.292769 -1.366876
 -1.757855 -1.421385 -1.116006 -1.352393
 -1.386294 -1.386294 -1.049825 -1.897113
 -1.314321 -1.432104 -1.160171 -1.719784
 -2.148427 -0.958853 -0.836251 -2.708032
 -1.624704 -1.417066 -1.245216 -1.299284
