 -1.536150 0.000100 0.000100 0.000100
 -1.359400 0.000100 0.000100 0.000100
 -1.321039 0.000100 0.000100 0.000100
 -1.342779 0.000100 0.000100 0.000100
 -1.373049 -1.609437 -1.347074 -1.249436
 -1.358745 -1.162035 -1.753398 -1.358745
 -1.165304 -1.236763 -1.699385 -1.536867
 -1.908168 -1.143564 -1.233715 -1.419817
 -1.198073 -1.301257 -1.368699 -1.762602
 -1.161133 -1.527067 -1.504077 -1.396447
 -1.048913 -1.048913 -1.500898 -2.571333
 -1.626930 -1.241269 -1.261472 -1.464412
 -1.230731 -1.437067 -1.282916 -1.644706
 -1.242507 -1.439217 -1.483668 -1.396657
 -1.134331 -1.229641 -1.335001 -2.097139
 -2.034318 -1.129866 -1.371027 -1.229949
 -1.279865 -1.242125 -14.441451 -0.836660
 -1.313724 -1.274503 -14.436090 -0.794931
 -0.851051 -1.353142 -14.392126 -1.156432
 -1.764730 -0.906070 -14.193950 -0.856473
 -14.523548 -14.523548 -0.000001 -14.523548
 -14.562201 -14.562201 -0.000001 -14.562201
 -1.386294 -1.386294 -1.386294 -1.386294
 -14.855788 -14.855788 -0.000001 -14.855788
 -1.386294 -1.386294 -1.386294 -1.386294
 -1.386294 -1.386294 -1.386294 -1.386294
 -15.757127 -15.757127 -15.757127 -0.000000
 -1.386294 -1.386294 -1.386294 -1.386294
 -1.386294 -1.386294 -1.386294 -1.386294
 -1.386294 -1.386294 -1.386294 -1.386294
 -1.386294 -1.386294 -1.386294 -1.386294
 -0.000001 -15.757127 -15.757127 -15.757127
 -0.000001 -15.757127 -15.757127 -15.757127
 -1.386294 -1.386294 -1.386294 -1.386294
 -1.386294 -1.386294 -1.386294 -1.386294
 -1.386294 -1.386294 -1.386294 -1.386294
 -15.757127 -15.757127 -0.000000 -15.757127
 -1.386294 -1.386294 -1.386294 -1.386294
 -1.386294 -1.386294 -1.386294 -1.386294
 -1.386294 -1.386294 -1.386294 -1.386294
 -1.386294 -1.386294 -1.386294 -1.386294
 -1.386294 -1.386294 -1.386294 -1.386294
 -15.757127 -15.757127 -15.757127 -0.000000
 -1.386294 -1.386294 -1.386294 -1.386294
 -1.386294 -1.386294 -1.386294 -1.386294
 -1.386294 -1.386294 -1.386294 -1.386294
 -1.386294 -1.386294 -1.386294 -1.386294
 -1.734601 -1.299761 -1.583941 -1.061989
 -1.554087 -1.027996 -1.378197 -1.721141
 -1.396876 -2.028147 -1.119890 -1.221673
 -1.225175 -1.299283 -1.871800 -1.273965
 -2.226698 -1.795917 -0.984988 -1.042146
 -1.142098 -1.077560 -2.240706 -1.452252
 -1.085190 -1.213023 -2.599311 -1.236013
 -1.245473 -0.880359 -2.144954 -1.712091
 -1.847469 -1.235669 -1.847469 -0.931180
 -1.354546 -1.051360 -1.858450 -1.441557
 -1.438480 -1.201152 -1.880312 -1.173373
 -1.573505 -0.823202 -2.008820 -1.516347
 -2.372315 -1.202248 -1.219639 -1.168346
 -1.468738 -1.220902 -1.567178 -1.323556
 -1.248425 -1.081371 -2.036880 -1.412728
 -1.594512 -0.829907 -2.251288 -1.363989
 -2.181955 -1.083345 -1.535330 -1.098613
 -1.718999 0.000100 0.000100 0.000100
 -1.166932 0.000100 0.000100 0.000100
 -1.197704 0.000100 0.000100 0.000100
 -1.572396 0.000100 0.000100 0.000100
 -1.335002 -1.152684 -2.251263 -1.152684
 -1.417066 -1.299284 -1.550595 -1.299284
 -1.268513 -1.163153 -1.386294 -1.856290
 -2.397863 -1.299284 -1.481603 -0.893825
 -1.386294 -2.079425 -0.875475 -1.568613
 -1.131405 -1.236764 -1.824542 -1.488076
 -1.992415 -1.299284 -1.704741 -0.893825
 -1.757852 -1.170074 -1.757852 -1.064715
 -1.098616 -1.232146 -1.568613 -1.791751
 -0.810937 -2.197206 -1.216398 -1.909532
 -1.791751 -0.875475 -2.079425 -1.232146
 -1.824542 -1.354546 -1.236764 -1.236764
 -0.728245 -1.757852 -12.577650 -1.064715
 -0.847304 -1.252765 -12.542560 -1.252765
 -0.916297 -1.427116 -12.429233 -1.021656
 -12.388411 -0.980835 -12.388411 -0.470014
 -12.793870 -12.793870 -0.000008 -12.793870
 -12.542559 -12.542559 -0.000011 -12.542559
 -1.386294 -1.386294 -1.386294 -1.386294
 -12.948019 -12.948019 -0.000007 -12.948019
 -1.386294 -1.386294 -1.386294 -1.386294
 -1.386294 -1.386294 -1.386294 -1.386294
 -13.873783 -13.873783 -13.873783 -0.000003
 -1.386294 -1.386294 -1.386294 -1.386294
 -1.386294 -1.386294 -1.386294 -1.386294
 -1.386294 -1.386294 -1.386294 -1.386294
 -1.386294 -1.386294 -1.386294 -1.386294
 -0.000003 -13.873783 -13.873783 -13.873783
 -0.000003 -13.873783 -13.873783 -13.873783
 -1.386294 -1.386294 -1.386294 -1.386294
 -1.386294 -1.386294 -1.386294 -1.386294
 -1.386294 -1.386294 -1.386294 -1.386294
 -13.873783 -13.873783 -0.000003 -13.873783
 -1.386294 -1.386294 -1.386294 -1.386294
 -1.386294 -1.386294 -1.386294 -1.386294
 -1.386294 -1.386294 -1.386294 -1.386294
 -1.386294 -1.386294 -1.386294 -1.386294
 -1.386294 -1.386294 -1.386294 -1.386294
 -13.873783 -13.873783 -13.873783 -0.000003
 -1.386294 -1.386294 -1.386294 -1.386294
 -1.386294 -1.386294 -1.386294 -1.386294
 -1.386294 -1.386294 -1.386294 -1.386294
 -1.386294 -1.386294 -1.386294 -1.386294
 -1.718999 -1.485385 -1.262242 -1.166932
 -1.152684 -1.152684 -1.335002 -2.251263
 -2.079425 -2.079425 -0.780166 -1.232146
 -0.916296 -2.302565 -1.455286 -1.321757
 -2.397874 -1.193925 -1.098615 -1.299284
 -1.232146 -1.386294 -1.232146 -1.791751
 -1.145136 -1.481603 -2.397863 -1.011607
 -1.223777 -1.916914 -1.041457 -1.580448
 -1.312187 -1.466336 -1.312187 -1.466336
 -1.236764 -0.949085 -1.824542 -1.824542
 -1.145136 -1.481603 -1.299284 -1.704741
 -1.540443 -1.386294 -1.252765 -1.386294
 -2.120246 -1.609434 -1.272967 -0.916297
 -1.832572 -1.609434 -1.021656 -1.272967
 -1.287856 -1.757852 -1.064715 -1.575533
 -2.159466 -0.693155 -1.648654 -1.648654
 -2.564915 -1.178658 -0.955517 -1.466336
