 -1.339774 0.000100 0.000100 0.000100
 -1.235063 0.000100 0.000100 0.000100
 -1.649339 0.000100 0.000100 0.000100
 -1.366092 0.000100 0.000100 0.000100
 -1.275753 -1.145133 -1.602965 -1.602965
 -0.998530 -1.064127 -1.922786 -1.963608
 -1.261652 -0.943199 -1.782947 -1.837014
 -2.014901 -0.916292 -1.272966 -1.678430
 -0.888209 -1.596859 -1.730389 -1.566087
 -0.761467 -1.693024 -1.595386 -1.922598
 -0.870355 -1.178656 -1.671130 -2.459582
 -1.570597 -1.004204 -1.479626 -1.619387
 -0.611135 -1.958812 -2.054122 -1.671131
 -0.639081 -1.878769 -2.404859 -1.473305
 -0.463133 -1.709067 -2.450999 -2.268679
 -1.498772 -1.498772 -1.652922 -1.016936
 -14.904074 -14.904074 -0.000001 -14.904074
 -13.785055 -13.785055 -0.000003 -13.785055
 -13.473026 -13.473026 -0.000004 -13.473026
 -14.022528 -14.022528 -0.000002 -14.022528
 -1.386294 -1.386294 -1.386294 -1.386294
 -1.386294 -1.386294 -1.386294 -1.386294
 -15.587068 -15.587068 -0.000001 -15.587068
 -1.386294 -1.386294 -1.386294 -1.386294
 -1.386294 -1.386294 -1.386294 -1.386294
 -1.386294 -1.386294 -1.386294 -1.386294
 -15.587068 -15.587068 -15.587068 -0.000001
 -1.386294 -1.386294 -1.386294 -1.386294
 -1.386294 -1.386294 -1.386294 -1.386294
 -1.386294 -1.386294 -1.386294 -1.386294
 -1.386294 -1.386294 -1.386294 -1.386294
 -0.000001 -15.587069 -15.587069 -15.587069
 -0.978564 -1.167241 -2.880217 -1.359447
 -1.386294 -1.386294 -1.386294 -1.386294
 -1.386294 -1.386294 -1.386294 -1.386294
 -1.386294 -1.386294 -1.386294 -1.386294
 -14.608505 -14.608505 -0.000001 -14.608505
 -14.419828 -14.419828 -0.000002 -14.419828
 -12.706860 -12.706860 -0.000009 -12.706860
 -14.227623 -14.227623 -0.000002 -14.227623
 -1.386294 -1.386294 -1.386294 -1.386294
 -1.386294 -1.386294 -1.386294 -1.386294
 -0.377791 -15.587068 -1.156371 -15.587068
 -1.386294 -1.386294 -1.386294 -1.386294
 -1.178655 -1.354546 -1.629488 -1.434588
 -1.386294 -1.386294 -1.386294 -1.386294
 -1.177305 -0.971861 -1.924517 -1.786368
 -1.386294 -1.386294 -1.386294 -1.386294
 -1.348349 -1.414307 -1.614977 -1.209513
 -1.521469 -1.352393 -1.495493 -1.207812
 -0.902240 -1.262242 -1.618916 -2.178528
 -1.666132 -1.666132 -1.347680 -1.015547
 -1.239691 -1.335001 -1.497520 -1.497520
 -1.436484 -1.134204 -1.743968 -1.325259
 -0.988612 -1.009666 -2.087221 -1.969438
 -1.634130 -1.338666 -1.462280 -1.168041
 -1.301395 -1.479076 -1.399033 -1.373716
 -1.092947 -1.181500 -1.874646 -1.586965
 -1.230881 -0.989719 -1.837014 -1.731654
 -1.729883 -1.036738 -1.616555 -1.311174
 -1.032123 -1.123931 -1.939678 -1.742968
 -1.397344 -1.233715 -1.738270 -1.252763
 -1.054938 -0.868353 -2.233588 -2.079438
 -2.125248 -1.234279 -1.496642 -1.006020
 -1.694925 0.000100 0.000100 0.000100
 -1.180879 0.000100 0.000100 0.000100
 -1.216889 0.000100 0.000100 0.000100
 -1.545393 0.000100 0.000100 0.000100
 -1.354546 -1.488077 -1.200395 -1.536867
 -1.273885 -1.477113 -1.239983 -1.596658
 -1.413323 -1.181994 -1.160488 -1.990209
 -1.878770 -1.112599 -1.112599 -1.661706
 -1.310410 -1.341662 -1.533553 -1.373923
 -1.461518 -1.371906 -1.493266 -1.238374
 -1.550138 -1.134623 -1.333074 -1.596658
 -1.888150 -1.308333 -1.308333 -1.177305
 -1.693599 -1.418188 -1.187664 -1.312827
 -2.007859 -1.341382 -1.425939 -1.010718
 -2.138034 -1.228666 -1.462280 -1.027995
 -2.386464 -1.301841 -1.110173 -1.182494
 -14.093145 -14.093145 -0.000002 -14.093145
 -14.812461 -14.812461 -0.000001 -14.812461
 -14.841554 -14.841554 -0.000001 -14.841554
 -15.012460 -15.012460 -0.000001 -15.012460
 -1.386294 -1.386294 -1.386294 -1.386294
 -1.386294 -1.386294 -1.386294 -1.386294
 -16.131012 -16.131012 -0.000000 -16.131012
 -1.386294 -1.386294 -1.386294 -1.386294
 -1.386294 -1.386294 -1.386294 -1.386294
 -1.386294 -1.386294 -1.386294 -1.386294
 -16.131012 -16.131012 -16.131012 -0.000000
 -1.386294 -1.386294 -1.386294 -1.386294
 -1.386294 -1.386294 -1.386294 -1.386294
 -1.386294 -1.386294 -1.386294 -1.386294
 -1.386294 -1.386294 -1.386294 -1.386294
 -0.000000 -16.131012 -16.131012 -16.131012
 -1.694925 -1.112529 -1.910036 -1.080030
 -1.386294 -1.386294 -1.386294 -1.386294
 -1.386294 -1.386294 -1.386294 -1.386294
 -1.386294 -1.386294 -1.386294 -1.386294
 -14.436090 -14.436090 -0.000002 -14.436090
 -15.018484 -15.018484 -0.000001 -15.018484
 -14.220979 -14.220979 -0.000002 -14.220979
 -15.050983 -15.050983 -0.000001 -15.050983
 -1.386294 -1.386294 -1.386294 -1.386294
 -1.386294 -1.386294 -1.386294 -1.386294
 -0.746886 -16.131012 -0.642150 -16.131012
 -1.386294 -1.386294 -1.386294 -1.386294
 -1.411612 -1.313974 -1.353504 -1.473306
 -1.386294 -1.386294 -1.386294 -1.386294
 -1.365867 -1.172576 -1.373247 -1.703810
 -1.386294 -1.386294 -1.386294 -1.386294
 -1.472946 -1.508038 -0.979513 -1.749199
 -1.771556 -1.352847 -1.161792 -1.352847
 -1.462483 -1.137988 -1.308333 -1.728186
 -2.000513 -1.307367 -0.988914 -1.504077
 -1.326871 -1.540445 -1.217672 -1.493925
 -1.271386 -1.576767 -1.159468 -1.613134
 -1.147702 -1.311331 -1.380324 -1.822156
 -1.595386 -1.618916 -0.856777 -1.745667
 -1.241991 -1.347351 -1.389911 -1.598665
 -1.587931 -1.263692 -1.294945 -1.430746
 -1.428168 -1.270265 -1.173935 -1.769917
 -1.945909 -1.198696 -1.252763 -1.309922
 -1.430746 -1.343735 -1.218572 -1.587931
 -1.502312 -1.455792 -1.123659 -1.518312
 -1.429466 -1.116375 -1.331486 -1.777773
 -2.079440 -1.112599 -1.098613 -1.546637
