 -1.266604 0.000100 0.000100 0.000100
 -1.360289 0.000100 0.000100 0.000100
 -1.473618 0.000100 0.000100 0.000100
 -1.458730 0.000100 0.000100 0.000100
 -0.851372 -1.462280 -1.676690 -1.867744
 -1.094158 -1.351203 -2.153548 -1.237259
 -1.035638 -1.272966 -1.864329 -1.560647
 -1.786844 -0.870556 -1.912007 -1.324222
 -1.163853 -1.152680 -1.645156 -1.720663
 -1.079270 -1.311071 -1.633154 -1.633154
 -0.700696 -1.252763 -1.712294 -3.280894
 -1.655718 -0.962572 -1.342061 -1.796796
 -1.102190 -1.445135 -1.344330 -1.763588
 -0.773191 -1.360977 -1.920591 -1.998553
 -0.816471 -1.414307 -1.460827 -2.490443
 -1.350955 -0.983231 -1.533276 -1.889950
 -0.879657 -1.537464 -15.024472 -0.993849
 -1.077290 -1.403686 -14.657080 -0.882390
 -0.666480 -1.250064 -14.430698 -1.609437
 -1.394593 -1.537694 -14.006134 -0.621405
 -15.048072 -15.048072 -0.000001 -15.048072
 -14.547880 -14.547880 -0.000001 -14.547880
 -1.386294 -1.386294 -1.386294 -1.386294
 -14.984893 -14.984893 -0.000001 -14.984893
 -1.386294 -1.386294 -1.386294 -1.386294
 -1.386294 -1.386294 -1.386294 -1.386294
 -15.982277 -15.982277 -15.982277 -0.000000
 -1.386294 -1.386294 -1.386294 -1.386294
 -1.386294 -1.386294 -1.386294 -1.386294
 -1.386294 -1.386294 -1.386294 -1.386294
 -1.386294 -1.386294 -1.386294 -1.386294
 -0.000000 -15.982277 -15.982277 -15.982277
 -0.750912 -1.392038 -2.900733 -1.493821
 -1.386294 -1.386294 -1.386294 -1.386294
 -1.386294 -1.386294 -1.386294 -1.386294
 -1.386294 -1.386294 -1.386294 -1.386294
 -15.231364 -15.231364 -0.000001 -15.231364
 -14.590240 -14.590240 -0.000001 -14.590240
 -13.081550 -13.081550 -0.000006 -13.081550
 -14.488457 -14.488457 -0.000002 -14.488457
 -1.386294 -1.386294 -1.386294 -1.386294
 -1.386294 -1.386294 -1.386294 -1.386294
 -1.195987 -0.604419 -1.889133 -15.982276
 -1.386294 -1.386294 -1.386294 -1.386294
 -1.022073 -1.432814 -2.079440 -1.285490
 -1.292319 -1.233043 -2.056642 -1.183910
 -1.121603 -0.970780 -2.049586 -1.791758
 -1.386294 -1.386294 -1.386294 -1.386294
 -1.238003 -1.405057 -1.587378 -1.346216
 -1.386294 -1.134980 -1.540445 -1.540445
 -1.243795 -0.948331 -1.713796 -1.936939
 -1.901277 -1.341662 -1.373923 -1.090348
 -1.558144 -1.152680 -1.628762 -1.281891
 -1.374506 -1.176681 -1.749199 -1.328697
 -1.239691 -0.903219 -2.251289 -1.609437
 -1.814643 -1.135483 -1.709283 -1.094098
 -1.232862 -1.088613 -1.796796 -1.579732
 -1.582409 -0.880964 -2.013191 -1.400088
 -1.313172 -0.728240 -2.204142 -1.980999
 -1.971551 -1.002153 -1.617912 -1.219565
 -1.418383 -1.042332 -1.813036 -1.418383
 -1.638851 -0.894785 -1.818192 -1.449095
 -1.647177 -0.700584 -2.014900 -1.727220
 -2.177709 -0.906487 -1.675619 -1.218862
 -1.420202 0.000100 0.000100 0.000100
 -1.380600 0.000100 0.000100 0.000100
 -1.108981 0.000100 0.000100 0.000100
 -1.731536 0.000100 0.000100 0.000100
 -1.113200 -1.410987 -1.551687 -1.533861
 -1.316276 -1.372471 -1.398827 -1.463168
 -1.093600 -1.213886 -1.596127 -1.800170
 -1.626227 -1.229620 -1.342521 -1.387336
 -1.625967 -1.144412 -1.130646 -1.819894
 -1.582094 -1.039540 -1.278098 -1.818483
 -1.625018 -0.887420 -1.461467 -1.835841
 -2.182357 -0.991755 -1.142744 -1.622742
 -1.244682 -1.477556 -1.189874 -1.717506
 -1.201419 -1.523706 -1.140394 -1.822403
 -1.484537 -1.038699 -1.309734 -1.899882
 -1.817161 -1.233859 -1.094260 -1.553249
 -0.887303 -1.338785 -16.438004 -1.120640
 -0.958909 -1.260254 -16.506075 -1.099291
 -0.862510 -1.100426 -16.622501 -1.405807
 -1.726679 -0.965759 -16.036886 -0.817732
 -16.808741 -16.808741 -0.000000 -16.808741
 -16.637486 -16.637486 -0.000000 -16.637486
 -1.386294 -1.386294 -1.386294 -1.386294
 -16.679424 -16.679424 -0.000000 -16.679424
 -1.386294 -1.386294 -1.386294 -1.386294
 -1.386294 -1.386294 -1.386294 -1.386294
 -17.809851 -17.809851 -17.809851 -0.000000
 -1.386294 -1.386294 -1.386294 -1.386294
 -1.386294 -1.386294 -1.386294 -1.386294
 -1.386294 -1.386294 -1.386294 -1.386294
 -1.386294 -1.386294 -1.386294 -1.386294
 0.000000 -17.809851 -17.809851 -17.809851
 -2.171405 -0.749407 -2.127164 -1.223628
 -1.386294 -1.386294 -1.386294 -1.386294
 -1.386294 -1.386294 -1.386294 -1.386294
 -1.386294 -1.386294 -1.386294 -1.386294
 -15.638447 -15.638447 -0.000000 -15.638447
 -17.060444 -17.060444 -0.000000 -17.060444
 -15.682688 -15.682688 -0.000000 -15.682688
 -16.586224 -16.586224 -0.000000 -16.586224
 -1.386294 -1.386294 -1.386294 -1.386294
 -1.386294 -1.386294 -1.386294 -1.386294
 -1.004626 -1.038909 -1.273045 -17.809851
 -1.386294 -1.386294 -1.386294 -1.386294
 -1.566606 -1.320122 -1.113307 -1.631305
 -1.544444 -1.202759 -1.263492 -1.591894
 -1.497520 -0.914648 -1.609438 -1.739217
 -1.386294 -1.386294 -1.386294 -1.386294
 -1.317473 -1.653305 -1.107233 -1.559218
 -1.422468 -1.505535 -1.088760 -1.607692
 -1.339411 -1.192923 -1.311805 -1.799791
 -1.587708 -1.460623 -1.032106 -1.573787
 -1.221378 -1.458615 -1.465088 -1.420636
 -1.280013 -1.576945 -1.282779 -1.435085
 -1.139075 -1.229192 -1.550844 -1.741329
 -1.479709 -1.373099 -1.325558 -1.373099
 -1.712510 -1.154937 -1.130694 -1.705392
 -1.587539 -1.242849 -1.180871 -1.609438
 -1.607922 -0.892302 -1.473444 -1.827284
 -2.130560 -1.057923 -1.182608 -1.480276
 -1.329828 -1.420053 -1.257963 -1.562824
 -1.254942 -1.633111 -1.169044 -1.565791
 -1.414393 -1.175825 -1.308774 -1.724784
 -1.816115 -1.499277 -0.912928 -1.547851
