 -1.292156 0.000100 0.000100 0.000100
 -1.390595 0.000100 0.000100 0.000100
 -1.539015 0.000100 0.000100 0.000100
 -1.340165 0.000100 0.000100 0.000100
 -1.138459 -1.418043 -1.519825 -1.519825
 -1.170072 -1.287855 -2.114529 -1.227230
 -1.171184 -1.078811 -2.207270 -1.427116
 -1.913647 -1.193104 -1.508184 -1.115142
 -1.075083 -1.468986 -1.468986 -1.617405
 -1.069199 -1.463852 -1.678963 -1.432104
 -1.014732 -0.980831 -1.609437 -2.772574
 -1.402295 -1.280934 -1.172721 -1.791758
 -1.366360 -1.366360 -1.014963 -2.059505
 -0.978167 -1.570217 -1.609437 -1.532476
 -1.027787 -1.053763 -1.513294 -2.611897
 -1.710788 -0.892482 -1.327798 -1.933930
 -0.964183 -1.468738 -14.144817 -0.945491
 -1.128466 -1.357307 -14.122998 -0.869605
 -0.653928 -1.496109 -14.038657 -1.362578
 -1.624704 -1.193923 -13.400002 -0.693150
 -14.375129 -14.375129 -0.000002 -14.375129
 -13.955276 -13.955276 -0.000003 -13.955276
 -1.386294 -1.386294 -1.386294 -1.386294
 -14.380827 -14.380827 -0.000002 -14.380827
 -1.386294 -1.386294 -1.386294 -1.386294
 -1.386294 -1.386294 -1.386294 -1.386294
 -15.354527 -15.354527 -15.354527 -0.000001
 -1.386294 -1.386294 -1.386294 -1.386294
 -1.386294 -1.386294 -1.386294 -1.386294
 -1.386294 -1.386294 -1.386294 -1.386294
 -1.386294 -1.386294 -1.386294 -1.386294
 -0.000001 -15.354527 -15.354527 -15.354527
 -15.354527 -15.354527 -1.579837 -0.230683
 -1.386294 -1.386294 -1.386294 -1.386294
 -1.386294 -1.386294 -1.386294 -1.386294
 -1.386294 -1.386294 -1.386294 -1.386294
 -1.386294 -1.386294 -1.386294 -1.386294
 -1.386294 -1.386294 -1.386294 -1.386294
 -13.774693 -13.774693 -0.000003 -13.774693
 -15.123844 -15.123844 -0.000001 -15.123844
 -1.386294 -1.386294 -1.386294 -1.386294
 -1.386294 -1.386294 -1.386294 -1.386294
 -15.354527 -15.354527 -15.354527 -0.000001
 -1.386294 -1.386294 -1.386294 -1.386294
 -1.386294 -1.386294 -1.386294 -1.386294
 -1.386294 -1.386294 -1.386294 -1.386294
 -1.386294 -1.386294 -1.386294 -1.386294
 -1.622397 -1.356694 -1.737466 -0.996691
 -2.324557 -1.154494 -2.036878 -0.784121
 -1.420196 -1.353505 -1.742968 -1.123931
 -1.410987 -1.074516 -1.921809 -1.315677
 -2.508432 -1.621133 -1.177203 -0.884816
 -1.098614 -1.332227 -2.667214 -1.098614
 -1.402824 -0.953875 -2.406120 -1.277661
 -1.326871 -0.823769 -2.975514 -1.406914
 -1.791758 -1.048182 -2.114530 -1.015921
 -1.433251 -1.080431 -1.646824 -1.472472
 -1.128466 -1.285651 -2.000302 -1.329136
 -1.540443 -0.602181 -3.044482 -1.658225
 -2.337672 -1.263162 -1.192545 -1.148093
 -1.312187 -1.210404 -1.811176 -1.312187
 -1.819157 -0.854079 -1.861716 -1.359626
 -1.555370 -0.715622 -2.101910 -1.727219
 -1.929907 -1.106710 -1.729238 -1.059082
 -1.344484 0.000100 0.000100 0.000100
 -1.667257 0.000100 0.000100 0.000100
 -1.128261 0.000100 0.000100 0.000100
 -1.482954 0.000100 0.000100 0.000100
 -1.457753 -1.495493 -1.386294 -1.227230
 -1.658227 -1.098614 -1.486377 -1.386294
 -1.256242 -1.280934 -1.637608 -1.414465
 -1.842530 -1.396245 -1.059774 -1.396245
 -1.714797 -1.469676 -1.108664 -1.347074
 -1.560247 -1.252763 -1.168206 -1.643628
 -1.618487 -1.071945 -1.574035 -1.377326
 -2.036879 -1.343735 -0.853113 -1.700408
 -1.290985 -1.897117 -1.086191 -1.437587
 -1.044125 -1.650259 -1.362578 -1.609437
 -1.344909 -1.521839 -1.218158 -1.490091
 -1.326871 -1.694594 -1.217672 -1.366092
 -0.947790 -1.563975 -14.070156 -0.908570
 -1.184556 -1.264598 -13.652996 -0.887305
 -1.106335 -1.178656 -14.077878 -1.017388
 -1.149385 -1.118614 -13.825465 -1.031603
 -14.227623 -14.227623 -0.000002 -14.227623
 -14.030625 -14.030625 -0.000002 -14.030625
 -1.386294 -1.386294 -1.386294 -1.386294
 -14.346141 -14.346141 -0.000002 -14.346141
 -1.386294 -1.386294 -1.386294 -1.386294
 -1.386294 -1.386294 -1.386294 -1.386294
 -15.308415 -15.308415 -15.308415 -0.000001
 -1.386294 -1.386294 -1.386294 -1.386294
 -1.386294 -1.386294 -1.386294 -1.386294
 -1.386294 -1.386294 -1.386294 -1.386294
 -1.386294 -1.386294 -1.386294 -1.386294
 -0.000001 -15.308415 -15.308415 -15.308415
 -15.308415 -15.308415 -1.016670 -0.449100
 -1.386294 -1.386294 -1.386294 -1.386294
 -1.386294 -1.386294 -1.386294 -1.386294
 -1.386294 -1.386294 -1.386294 -1.386294
 -1.386294 -1.386294 -1.386294 -1.386294
 -1.386294 -1.386294 -1.386294 -1.386294
 -14.291747 -14.291747 -0.000002 -14.291747
 -14.859316 -14.859316 -0.000001 -14.859316
 -1.386294 -1.386294 -1.386294 -1.386294
 -1.386294 -1.386294 -1.386294 -1.386294
 -15.308415 -15.308415 -15.308415 -0.000001
 -1.386294 -1.386294 -1.386294 -1.386294
 -1.386294 -1.386294 -1.386294 -1.386294
 -1.386294 -1.386294 -1.386294 -1.386294
 -1.386294 -1.386294 -1.386294 -1.386294
 -1.388544 -1.294053 -1.294053 -1.598264
 -1.574035 -1.531476 -1.377326 -1.126012
 -1.970805 -1.625966 -0.778671 -1.585145
 -1.668526 -1.090450 -1.338285 -1.545924
 -2.101910 -1.455287 -1.098613 -1.167606
 -1.665006 -1.308333 -1.413693 -1.213024
 -1.333185 -1.333185 -1.655957 -1.266494
 -1.013316 -1.051782 -1.892562 -1.987872
 -1.566878 -1.526056 -1.218572 -1.279197
 -1.455287 -1.568615 -1.149906 -1.420196
 -1.496109 -1.394326 -0.999673 -1.832580
 -1.914817 -1.186582 -1.295781 -1.295781
 -1.763587 -1.395864 -0.990400 -1.562917
 -1.386294 -1.704746 -1.110042 -1.432814
 -1.377326 -1.665007 -1.098613 -1.490654
 -1.507438 -1.266277 -1.219757 -1.602748
 -1.439216 -1.866658 -1.207416 -1.173514
