 -1.329550 0.000100 0.000100 0.000100
 -1.227010 0.000100 0.000100 0.000100
 -1.454400 0.000100 0.000100 0.000100
 -1.566878 0.000100 0.000100 0.000100
 -1.156600 -1.266948 -1.449269 -1.777772
 -1.201152 -1.320697 -1.474848 -1.592630
 -1.077559 -1.247458 -1.429779 -2.017564
 -1.988468 -1.029620 -1.211941 -1.568615
 -0.841390 -1.338563 -2.048803 -1.727220
 -0.893350 -1.309177 -1.706859 -1.971551
 -0.838958 -1.166171 -1.579732 -2.990712
 -2.025372 -0.626009 -1.673975 -1.925289
 -0.612848 -1.871801 -1.986870 -1.788420
 -0.789222 -1.525293 -2.102607 -1.579360
 -0.678964 -1.475906 -2.051268 -1.997201
 -1.754017 -1.033474 -1.466337 -1.425515
 -1.962258 -2.655404 -0.396051 -2.152302
 -1.713506 -2.314278 -0.704844 -1.483933
 -1.609437 -1.377636 -0.853113 -2.105871
 -3.051291 -2.052771 -0.475425 -1.596014
 -13.937732 -13.937732 -0.000003 -13.937732
 -13.721204 -13.721204 -0.000003 -13.721204
 -15.373656 -15.373656 -0.000001 -15.373656
 -14.046625 -14.046625 -0.000002 -14.046625
 -1.386294 -1.386294 -1.386294 -1.386294
 -1.386294 -1.386294 -1.386294 -1.386294
 -15.901183 -15.901183 -15.901183 -0.000000
 -1.386294 -1.386294 -1.386294 -1.386294
 -1.386294 -1.386294 -1.386294 -1.386294
 -1.386294 -1.386294 -1.386294 -1.386294
 -1.386294 -1.386294 -1.386294 -1.386294
 -15.901183 -0.870760 -15.901183 -0.542374
 -1.386294 -1.386294 -1.386294 -1.386294
 -0.649600 -1.645695 -1.948881 -1.948881
 -1.386294 -1.386294 -1.386294 -1.386294
 -1.615868 -0.983683 -1.754019 -1.369345
 -14.805053 -14.805053 -0.000001 -14.805053
 -14.690981 -14.690981 -0.000001 -14.690981
 -14.070156 -14.070156 -0.000002 -14.070156
 -14.328337 -14.328337 -0.000002 -14.328337
 -1.386294 -1.386294 -1.386294 -1.386294
 -1.386294 -1.386294 -1.386294 -1.386294
 -2.248190 -1.727997 -2.739597 -0.427444
 -1.386294 -1.386294 -1.386294 -1.386294
 -1.041455 -1.498212 -1.670061 -1.446919
 -1.156183 -1.351927 -1.561647 -1.528857
 -1.754016 -0.860204 -1.466336 -1.754016
 -1.619007 -1.076013 -1.720103 -1.266186
 -1.285198 -1.158905 -1.869145 -1.365241
 -1.523724 -1.286396 -1.523724 -1.245011
 -1.217218 -1.262681 -1.412963 -1.728043
 -1.673976 -1.330205 -1.508896 -1.118031
 -1.345472 -1.067841 -1.961657 -1.365675
 -1.166666 -1.254959 -1.995357 -1.318472
 -1.317302 -0.819900 -2.179522 -1.722766
 -1.978698 -1.160390 -1.428654 -1.175205
 -1.540445 -1.217672 -1.614552 -1.235064
 -1.319012 -0.946033 -1.717651 -1.802809
 -1.681758 -0.816763 -1.681758 -1.681758
 -1.898730 -1.070039 -1.504077 -1.255182
 -1.734600 -1.024925 -1.609437 -1.329136
 -1.687769 -0.897631 -1.744928 -1.457246
 -1.451677 -1.212448 -1.479076 -1.425009
 -2.275914 -1.030702 -1.436166 -1.195005
 -1.395091 0.000100 0.000100 0.000100
 -1.358163 0.000100 0.000100 0.000100
 -1.247448 0.000100 0.000100 0.000100
 -1.571083 0.000100 0.000100 0.000100
 -1.421779 -1.214047 -1.344414 -1.604300
 -1.585593 -1.158934 -1.366743 -1.485376
 -1.367759 -1.009098 -1.528084 -1.808961
 -2.003539 -0.956369 -1.397789 -1.453656
 -1.541743 -1.173319 -1.156392 -1.819946
 -1.430173 -1.196466 -1.253114 -1.755285
 -1.594693 -0.988284 -1.374794 -1.760711
 -2.074207 -1.031253 -1.132715 -1.631546
 -1.351041 -1.404698 -1.371116 -1.419790
 -1.262832 -1.475202 -1.368474 -1.452773
 -1.536816 -1.056499 -1.408036 -1.646927
 -1.845261 -1.253782 -1.252000 -1.306891
 -1.235522 -1.319279 -1.680864 -1.363453
 -1.511780 -1.100008 -1.706735 -1.327432
 -1.253225 -1.036901 -1.861859 -1.587273
 -2.581354 -0.971234 -1.325184 -1.273113
 -18.123352 -18.123352 0.000000 -18.123352
 -18.536863 -18.536863 0.000000 -18.536863
 -18.001675 -18.001675 0.000000 -18.001675
 -18.251789 -18.251789 0.000000 -18.251789
 -1.386294 -1.386294 -1.386294 -1.386294
 -1.386294 -1.386294 -1.386294 -1.386294
 -19.635088 -19.635088 -19.635088 0.000000
 -1.386294 -1.386294 -1.386294 -1.386294
 -1.386294 -1.386294 -1.386294 -1.386294
 -1.386294 -1.386294 -1.386294 -1.386294
 -1.386294 -1.386294 -1.386294 -1.386294
 -19.635088 -0.521111 -19.635088 -0.901058
 -1.386294 -1.386294 -1.386294 -1.386294
 -1.692698 -1.358635 -1.179593 -1.380065
 -1.386294 -1.386294 -1.386294 -1.386294
 -2.715755 -1.411162 -1.219690 -0.929721
 -17.641104 -17.641104 0.000000 -17.641104
 -18.255453 -18.255453 0.000000 -18.255453
 -18.439404 -18.439404 0.000000 -18.439404
 -18.462877 -18.462877 0.000000 -18.462877
 -1.386294 -1.386294 -1.386294 -1.386294
 -1.386294 -1.386294 -1.386294 -1.386294
 -1.501690 -0.929530 -1.586487 -1.726735
 -1.386294 -1.386294 -1.386294 -1.386294
 -1.641672 -1.221406 -1.175893 -1.594621
 -1.500586 -1.256153 -1.158828 -1.723730
 -1.570736 -0.918905 -1.565863 -1.691489
 -1.942245 -1.000892 -1.185942 -1.694948
 -1.294921 -1.431722 -1.353745 -1.474417
 -1.330009 -1.580189 -1.159905 -1.532139
 -1.341994 -1.206846 -1.352242 -1.709937
 -1.727021 -1.357503 -1.152387 -1.390293
 -1.406745 -1.242987 -1.356960 -1.564955
 -1.542474 -1.183015 -1.392152 -1.464233
 -1.309958 -1.039284 -1.590891 -1.756101
 -1.955084 -0.996495 -1.392262 -1.423939
 -1.609839 -1.251361 -1.148479 -1.625333
 -1.499800 -1.349875 -1.130149 -1.636977
 -1.536998 -1.003677 -1.374015 -1.799653
 -2.146065 -1.161183 -1.085471 -1.460164
 -1.363110 -1.384916 -1.395380 -1.402211
 -1.360299 -1.491917 -1.226097 -1.491480
 -1.411266 -1.195658 -1.327553 -1.668468
 -1.853274 -1.374253 -1.093326 -1.365910
