 -1.346378 0.000100 0.000100 0.000100
 -1.247123 0.000100 0.000100 0.000100
 -1.526962 0.000100 0.000100 0.000100
 -1.446919 0.000100 0.000100 0.000100
 -1.310945 -1.343735 -1.486835 -1.412727
 -1.015547 -1.410200 -1.442990 -1.848453
 -1.519825 -1.098613 -1.345473 -1.673975
 -1.811176 -1.060873 -1.348554 -1.466337
 -1.189585 -1.343735 -1.700408 -1.377636
 -1.053151 -1.333452 -1.969438 -1.394076
 -1.071214 -1.216396 -1.737691 -1.686398
 -2.197219 -1.034075 -1.321756 -1.321756
 -1.180626 -1.753143 -1.625310 -1.130616
 -1.296682 -1.355523 -1.961656 -1.114361
 -1.005523 -1.573505 -2.008820 -1.228666
 -2.574510 -0.892762 -1.562917 -1.188225
 -13.928843 -13.928843 -0.000003 -13.928843
 -13.955276 -13.955276 -0.000003 -13.955276
 -13.541079 -13.541079 -0.000004 -13.541079
 -14.144817 -14.144817 -0.000002 -14.144817
 -1.386294 -1.386294 -1.386294 -1.386294
 -1.386294 -1.386294 -1.386294 -1.386294
 -15.301651 -15.301651 -0.000001 -15.301651
 -1.386294 -1.386294 -1.386294 -1.386294
 -1.386294 -1.386294 -1.386294 -1.386294
 -1.386294 -1.386294 -1.386294 -1.386294
 -15.301651 -15.301651 -15.301651 -0.000001
 -1.386294 -1.386294 -1.386294 -1.386294
 -1.386294 -1.386294 -1.386294 -1.386294
 -1.386294 -1.386294 -1.386294 -1.386294
 -1.386294 -1.386294 -1.386294 -1.386294
 -0.000001 -15.301651 -15.301651 -15.301651
 -1.372811 -0.967346 -2.594800 -1.231498
 -1.386294 -1.386294 -1.386294 -1.386294
 -1.386294 -1.386294 -1.386294 -1.386294
 -1.386294 -1.386294 -1.386294 -1.386294
 -13.928843 -13.928843 -0.000003 -13.928843
 -14.334307 -14.334307 -0.000002 -14.334307
 -12.706860 -12.706860 -0.000009 -12.706860
 -14.070156 -14.070156 -0.000002 -14.070156
 -1.386294 -1.386294 -1.386294 -1.386294
 -1.386294 -1.386294 -1.386294 -1.386294
 -15.301651 -15.301651 -15.301651 -0.000001
 -1.386294 -1.386294 -1.386294 -1.386294
 -1.386294 -1.386294 -1.386294 -1.386294
 -1.386294 -1.386294 -1.386294 -1.386294
 -1.386294 -1.386294 -1.386294 -1.386294
 -15.301651 -15.301651 -15.301651 -0.000001
 -1.386294 -1.386294 -1.386294 -1.386294
 -1.386294 -1.386294 -1.386294 -1.386294
 -1.386294 -1.386294 -1.386294 -1.386294
 -2.833210 -1.773821 -1.121497 -0.808107
 -1.178658 -1.060876 -1.871793 -1.648654
 -1.181995 -1.272966 -2.708035 -1.059393
 -1.504077 -1.018570 -1.878769 -1.332227
 -2.064326 -1.312912 -1.786695 -0.828857
 -1.586964 -1.299283 -1.644122 -1.110042
 -1.408767 -1.216396 -1.909541 -1.167606
 -1.450832 -1.067842 -2.212965 -1.163152
 -2.047690 -1.092182 -1.642227 -1.073134
 -1.158511 -1.276294 -1.815287 -1.409825
 -1.400893 -1.263692 -1.708377 -1.238375
 -1.308333 -0.777707 -2.001475 -2.001475
 -1.878769 -1.163151 -1.602517 -1.098613
 -1.845822 0.000100 0.000100 0.000100
 -1.209839 0.000100 0.000100 0.000100
 -1.478101 0.000100 0.000100 0.000100
 -1.152681 0.000100 0.000100 0.000100
 -1.504072 -1.504072 -0.810950 -2.197169
 -1.041461 -1.734591 -1.734591 -1.223779
 -1.178661 -1.178661 -1.466334 -1.871783
 -1.504075 -1.098618 -1.280936 -1.791748
 -1.386294 -1.673968 -1.163156 -1.386294
 -1.609431 -2.014880 -1.609431 -0.762152
 -2.014880 -1.321757 -1.321757 -1.098619
 -1.704734 -1.299286 -1.299286 -1.299286
 -1.704734 -1.011612 -1.299286 -1.704734
 -1.098621 -2.484840 -1.386294 -1.098621
 -1.609431 -1.321757 -2.707977 -0.762152
 -1.152684 -1.845814 -2.251263 -0.865006
 -11.918417 -11.918417 -0.000020 -11.918417
 -11.695280 -11.695280 -0.000025 -11.695280
 -11.407610 -11.407610 -0.000033 -11.407610
 -12.254882 -12.254882 -0.000014 -12.254882
 -1.386294 -1.386294 -1.386294 -1.386294
 -1.386294 -1.386294 -1.386294 -1.386294
 -13.253399 -13.253399 -0.000005 -13.253399
 -1.386294 -1.386294 -1.386294 -1.386294
 -1.386294 -1.386294 -1.386294 -1.386294
 -1.386294 -1.386294 -1.386294 -1.386294
 -13.253399 -13.253399 -13.253399 -0.000005
 -1.386294 -1.386294 -1.386294 -1.386294
 -1.386294 -1.386294 -1.386294 -1.386294
 -1.386294 -1.386294 -1.386294 -1.386294
 -1.386294 -1.386294 -1.386294 -1.386294
 -0.000005 -13.253399 -13.253399 -13.253399
 -1.335001 -1.098614 -2.251282 -1.209839
 -1.386294 -1.386294 -1.386294 -1.386294
 -1.386294 -1.386294 -1.386294 -1.386294
 -1.386294 -1.386294 -1.386294 -1.386294
 -11.918417 -11.918417 -0.000020 -11.918417
 -12.154800 -12.154800 -0.000016 -12.154800
 -11.002167 -11.002167 -0.000050 -11.002167
 -12.043577 -12.043577 -0.000018 -12.043577
 -1.386294 -1.386294 -1.386294 -1.386294
 -1.386294 -1.386294 -1.386294 -1.386294
 -13.253399 -13.253399 -13.253399 -0.000005
 -1.386294 -1.386294 -1.386294 -1.386294
 -1.386294 -1.386294 -1.386294 -1.386294
 -1.386294 -1.386294 -1.386294 -1.386294
 -1.386294 -1.386294 -1.386294 -1.386294
 -13.253399 -13.253399 -13.253399 -0.000005
 -1.386294 -1.386294 -1.386294 -1.386294
 -1.386294 -1.386294 -1.386294 -1.386294
 -1.386294 -1.386294 -1.386294 -1.386294
 -2.251282 -1.152681 -1.270463 -1.209839
 -1.791726 -1.791726 -0.693181 -1.791726
 -1.280936 -1.791748 -1.280936 -1.280936
 -1.163156 -1.673968 -1.163156 -1.673968
 -1.734591 -1.734591 -0.887312 -1.446918
 -1.252767 -0.693161 -1.945889 -2.638986
 -0.916306 -2.302525 -2.302525 -0.916306
 -1.609433 -0.916298 -1.203976 -2.302555
 -1.178661 -1.871783 -1.466334 -1.178661
 -2.079417 -0.980838 -1.386294 -1.386294
 -1.280936 -0.810940 -1.504075 -2.890294
 -11.695280 -0.693164 -1.791743 -1.098621
 -1.299286 -1.299286 -1.704734 -1.299286
