 -1.352135 0.000100 0.000100 0.000100
 -1.479291 0.000100 0.000100 0.000100
 -1.332430 0.000100 0.000100 0.000100
 -1.387582 0.000100 0.000100 0.000100
 -1.371479 -1.432104 -1.160171 -1.639743
 -1.115707 -1.592630 -1.565231 -1.347508
 -1.334026 -1.315677 -1.410987 -1.494368
 -2.377483 -1.461195 -0.991193 -1.190321
 -1.484925 -1.560910 -1.173146 -1.369856
 -1.207603 -1.813737 -1.477266 -1.171885
 -1.470852 -1.045969 -1.342234 -1.847328
 -2.068968 -1.355204 -1.027517 -1.355204
 -1.335001 -1.335001 -1.428091 -1.452784
 -1.401798 -1.746638 -1.401798 -1.098613
 -1.237259 -1.134980 -1.540445 -1.748084
 -1.898903 -1.319086 -1.072226 -1.424446
 -1.512174 -1.200395 -1.419084 -1.441557
 -1.519115 -1.565635 -1.869316 -0.872489
 -1.192431 -1.160171 -1.665718 -1.639743
 -1.658227 -1.309922 -1.290504 -1.329724
 -1.515127 -1.312187 -1.490434 -1.252763
 -1.444563 -1.572396 -1.595386 -1.039099
 -1.398416 -1.199965 -1.615480 -1.374318
 -1.529749 -1.666325 -0.902561 -1.666325
 -1.138733 -1.269761 -1.655422 -1.570865
 -1.386294 -1.551374 -1.956838 -0.924477
 -1.179876 -1.164127 -1.538820 -1.796648
 -1.709521 -1.475906 -1.003303 -1.496960
 -1.223776 -1.240583 -1.654558 -1.489478
 -1.432104 -2.007466 -1.565635 -0.872489
 -1.228205 -0.964391 -2.020441 -1.643148
 -1.851075 -1.614687 -0.948209 -1.360453
 -1.340250 -0.989594 -1.755765 -1.641355
 -1.599128 -1.828702 -1.736329 -0.774055
 -1.380723 -0.982694 -1.721649 -1.632037
 -1.474156 -1.839615 -1.048488 -1.340624
 -1.359339 -1.066352 -1.775498 -1.471816
 -1.649644 -1.624326 -1.912007 -0.769912
 -1.081519 -1.116005 -1.791758 -1.791758
 -1.642227 -1.618697 -0.973179 -1.467874
 -1.319086 -0.913621 -1.829910 -1.765372
 -1.484564 -1.816697 -1.879218 -0.780607
 -1.340832 -0.942803 -1.458615 -2.151760
 -1.381654 -1.759719 -1.039905 -1.499437
 -1.284016 -0.903552 -1.871801 -1.807263
 -1.801237 -1.922598 -1.955387 -0.602997
 -1.244324 -0.832345 -2.131625 -1.843944
 -1.330865 -1.456028 -1.185153 -1.625103
 -1.320448 -0.774938 -2.419056 -1.696925
 -1.835819 -2.502295 -1.981000 -0.476925
 -1.029620 -1.070442 -1.945908 -1.850598
 -1.131870 -1.559313 -1.222842 -1.755057
 -0.938270 -0.976011 -3.386796 -1.619146
 -1.491655 -1.584745 -2.120261 -0.798509
 -0.771929 -1.356441 -2.049586 -1.887068
 -1.252763 -1.861352 -1.102823 -1.483286
 -1.197458 -0.805066 -3.143361 -1.570971
 -1.375823 -1.440361 -1.533452 -1.221673
 -0.654534 -1.848453 -1.953813 -1.708692
 -1.516347 -1.431190 -1.212137 -1.410987
 -1.403389 -0.676341 -2.755777 -1.702631
 -1.239691 -1.422012 -1.558144 -1.351808
 -1.211636 -1.264280 -1.542992 -1.579360
 -1.945909 -1.215023 -1.442806 -1.126470
 -1.216396 -0.847299 -2.408530 -1.686398
 -1.164656 -1.558144 -1.393842 -1.472622
 -1.314321 -0.985818 -1.762344 -1.678963
 -2.240707 -1.093308 -1.304616 -1.247458
 -1.584120 -0.830349 -2.054122 -1.466337
 -1.362578 -1.316768 -1.514127 -1.362578
 -1.559738 -1.085955 -1.418660 -1.559738
 -2.331569 -1.175802 -1.232961 -1.194494
 -1.047969 -1.669656 -1.992428 -1.124930
 -1.413693 -1.337320 -1.586536 -1.239340
 -1.392229 -0.955512 -1.951843 -1.492312
 -2.228474 -1.284016 -1.195462 -1.162126
 -1.582039 -1.185624 -1.609437 -1.241713
 -1.367945 -1.314836 -1.614078 -1.280934
 -1.724040 -1.272056 -1.529885 -1.124421
 -2.276149 -1.054938 -1.460402 -1.148967
 -1.407497 -1.667007 -1.630639 -0.992554
 -1.848667 -1.399143 -1.285198 -1.142098
 -1.299283 -1.174120 -1.970449 -1.277304
 -2.236443 -1.626679 -1.000974 -1.111516
 -1.864783 -0.350659 -1.960093 -14.166170
 -2.025951 -0.503528 -1.332806 -14.414350
 -1.376442 -0.616921 -1.570598 -14.518610
 -3.579530 -0.407460 -1.181648 -14.735795
 -13.854735 -13.854735 -0.000003 -13.854735
 -15.396550 -15.396550 -0.000001 -15.396550
 -14.441451 -14.441451 -0.000002 -14.441451
 -1.386294 -1.386294 -1.386294 -1.386294
 -1.386294 -1.386294 -1.386294 -1.386294
 -1.386294 -1.386294 -1.386294 -1.386294
 -15.865782 -0.000000 -15.865782 -15.865782
 -1.386294 -1.386294 -1.386294 -1.386294
 -1.386294 -1.386294 -1.386294 -1.386294
 -0.000000 -15.865782 -15.865782 -15.865782
 -1.386294 -1.386294 -1.386294 -1.386294
 -1.386294 -1.386294 -1.386294 -1.386294
 -15.865782 -15.865782 -0.000000 -15.865782
 -1.386294 -1.386294 -1.386294 -1.386294
 -1.386294 -1.386294 -1.386294 -1.386294
 -1.386294 -1.386294 -1.386294 -1.386294
 -1.386294 -1.386294 -1.386294 -1.386294
 -1.386294 -1.386294 -1.386294 -1.386294
 -1.327564 -1.217361 -1.397945 -1.651494
 -1.386294 -1.386294 -1.386294 -1.386294
 -1.338892 -1.267433 -1.772527 -1.250339
 -1.587931 -1.412728 -1.653889 -1.019239
 -1.325670 -1.306252 -1.823507 -1.197053
 -1.868451 -1.393028 -0.960896 -1.538210
 -1.380596 -1.104344 -1.906688 -1.314639
 -1.305873 -1.599633 -1.361962 -1.305873
 -1.246793 -1.129010 -1.480407 -1.822156
 -1.920376 -1.156278 -1.319603 -1.303603
 -1.321488 0.000100 0.000100 0.000100
 -1.247667 0.000100 0.000100 0.000100
 -1.390390 0.000100 0.000100 0.000100
 -1.623994 0.000100 0.000100 0.000100
 -1.663211 -1.302694 -0.978764 -1.814638
 -1.569090 -1.194753 -1.234713 -1.619143
 -1.381032 -1.063851 -1.344386 -1.945910
 -2.371825 -0.932717 -1.189514 -1.566200
 -1.536384 -1.309936 -1.138036 -1.637028
 -1.343961 -1.308212 -1.261388 -1.684021
 -1.384405 -1.038359 -1.319827 -2.053304
 -2.251429 -0.976169 -1.130441 -1.634199
 -1.304647 -1.383879 -1.369942 -1.496086
 -1.236213 -1.343349 -1.465359 -1.525315
 -1.177699 -1.168556 -1.477884 -1.876806
 -1.930131 -1.059075 -1.310038 -1.434290
 -1.638339 -1.335732 -0.963211 -1.825938
 -1.555655 -1.200262 -1.244433 -1.610791
 -1.414856 -1.031713 -1.358526 -1.940694
 -2.335614 -0.941327 -1.120591 -1.676368
 -1.508033 -1.285120 -1.158982 -1.670078
 -1.330394 -1.324703 -1.269501 -1.667209
 -1.434991 -1.034540 -1.349993 -1.915619
 -2.198911 -0.975136 -1.123347 -1.678010
 -1.316057 -1.419597 -1.321811 -1.499034
 -1.232519 -1.372651 -1.458445 -1.503229
 -1.218890 -1.156317 -1.504669 -1.785530
 -1.937618 -1.019403 -1.333060 -1.463289
 -1.653729 -1.316285 -0.963014 -1.840140
 -1.507300 -1.184685 -1.296464 -1.613681
 -1.440919 -1.022543 -1.325776 -1.980400
 -2.433053 -0.926615 -1.108465 -1.680534
 -1.451295 -1.281294 -1.194513 -1.686296
 -1.328196 -1.296220 -1.262608 -1.722796
 -1.457788 -1.019988 -1.312008 -1.985068
 -2.214437 -0.981209 -1.085895 -1.724133
 -1.261440 -1.433773 -1.314564 -1.561815
 -1.208869 -1.385074 -1.413524 -1.570816
 -1.177697 -1.158924 -1.519707 -1.836257
 -2.018114 -1.047202 -1.221912 -1.507289
 -1.742918 -1.310387 -0.916111 -1.863018
 -1.569166 -1.167286 -1.228809 -1.671687
 -1.406914 -1.069308 -1.281750 -2.007641
 -2.342252 -0.929883 -1.141635 -1.660770
 -1.524648 -1.202495 -1.189547 -1.728788
 -1.368897 -1.277669 -1.269629 -1.682059
 -1.449218 -1.006607 -1.308257 -2.044085
 -2.280275 -0.941661 -1.118737 -1.708858
 -1.213330 -1.429109 -1.368872 -1.566005
 -1.122238 -1.414317 -1.434582 -1.644323
 -1.109259 -1.213940 -1.512433 -1.878633
 -1.898494 -1.056826 -1.288259 -1.483254
 -1.715485 -1.365324 -0.870309 -1.924123
 -1.555408 -1.188070 -1.223493 -1.661327
 -1.372163 -1.112539 -1.272193 -1.984113
 -2.326895 -0.939292 -1.140617 -1.650909
 -1.512019 -1.223469 -1.168626 -1.745634
 -1.297002 -1.281183 -1.307881 -1.722891
 -1.457824 -0.934856 -1.417103 -2.023440
 -2.269471 -0.935223 -1.110795 -1.743898
 -1.272370 -1.407133 -1.358172 -1.523908
 -1.144577 -1.416256 -1.476177 -1.558217
 -1.208174 -1.183910 -1.468552 -1.802297
 -1.956492 -1.035955 -1.336145 -1.423364
 -1.688907 -1.420025 -0.848180 -1.928421
 -1.590946 -1.257046 -1.141923 -1.647299
 -1.385285 -1.087365 -1.280409 -2.004555
 -2.487768 -0.943442 -1.093625 -1.647041
 -1.544045 -1.201259 -1.162678 -1.754341
 -1.321954 -1.260245 -1.307778 -1.718241
 -1.485989 -0.887932 -1.470417 -2.022030
 -2.224623 -0.939021 -1.132372 -1.722532
 -1.250856 -1.451701 -1.353171 -1.508916
 -1.067536 -1.458685 -1.534781 -1.569734
 -1.156222 -1.207366 -1.494849 -1.819783
 -1.877979 -1.111005 -1.311371 -1.392623
 -1.718484 -1.467169 -0.778360 -2.033118
 -1.529858 -1.252763 -1.163041 -1.686399
 -1.452140 -1.074368 -1.208589 -2.073069
 -2.341568 -0.996225 -1.113445 -1.579264
 -1.547037 -1.149836 -1.216757 -1.747296
 -1.315367 -1.214794 -1.329370 -1.770726
 -1.374859 -0.878211 -1.476797 -2.270785
 -2.355806 -1.055062 -0.983271 -1.698669
 -0.745101 -1.331977 -1.341861 -17.648924
 -0.669439 -1.450879 -1.371838 -18.093704
 -0.776290 -1.136652 -1.518689 -17.850283
 -2.142025 -0.841985 -0.794674 -17.238470
 -18.298174 -18.298174 0.000000 -18.298174
 -17.917328 -17.917328 0.000000 -17.917328
 -17.851519 -17.851519 0.000000 -17.851519
 -1.386294 -1.386294 -1.386294 -1.386294
 -1.386294 -1.386294 -1.386294 -1.386294
 -1.386294 -1.386294 -1.386294 -1.386294
 -19.141054 0.000000 -19.141054 -19.141054
 -1.386294 -1.386294 -1.386294 -1.386294
 -1.386294 -1.386294 -1.386294 -1.386294
 0.000000 -19.141054 -19.141054 -19.141054
 -1.386294 -1.386294 -1.386294 -1.386294
 -1.386294 -1.386294 -1.386294 -1.386294
 -19.141054 -19.141054 0.000000 -19.141054
 -1.386294 -1.386294 -1.386294 -1.386294
 -1.386294 -1.386294 -1.386294 -1.386294
 -1.386294 -1.386294 -1.386294 -1.386294
 -1.386294 -1.386294 -1.386294 -1.386294
 -1.386294 -1.386294 -1.386294 -1.386294
 -1.437403 -0.871545 -1.537950 -2.045384
 -1.386294 -1.386294 -1.386294 -1.386294
 -1.425990 -1.372058 -1.265648 -1.495714
 -1.047150 -1.472365 -1.548191 -1.574800
 -1.215744 -1.121059 -1.588149 -1.752887
 -1.767232 -1.081824 -1.357371 -1.457224
 -1.643264 -1.524613 -0.837658 -1.856466
 -1.511674 -1.329216 -1.179646 -1.573167
 -1.495349 -1.061730 -1.243931 -1.953873
 -2.416384 -1.030747 -1.123099 -1.475144
