 -1.348837 0.000100 0.000100 0.000100
 -1.441210 0.000100 0.000100 0.000100
 -1.390885 0.000100 0.000100 0.000100
 -1.366642 0.000100 0.000100 0.000100
 -1.264598 -1.374598 -1.472237 -1.446919
 -1.405839 -1.488077 -1.711220 -1.054442
 -1.201930 -1.123459 -1.659762 -1.692552
 -1.750697 -1.591633 -1.023650 -1.333804
 -1.315677 -1.410987 -1.362197 -1.462280
 -1.321756 -1.417066 -1.550597 -1.277304
 -1.073612 -1.037244 -1.695298 -2.118153
 -1.791758 -1.295323 -0.949578 -1.756667
 -1.639290 -1.024925 -1.916921 -1.203973
 -1.332806 -1.566420 -1.707498 -1.060873
 -1.249843 -1.171372 -1.357474 -1.922786
 -1.838278 -1.327454 -0.912511 -1.747306
 -1.490919 -1.046989 -1.972755 -1.256080
 -1.542229 -1.620190 -1.567547 -0.968429
 -1.329853 -1.018074 -1.824548 -1.546917
 -1.621860 -1.175574 -1.155771 -1.720299
 -1.229233 -1.098613 -1.771555 -1.589235
 -1.200578 -1.667196 -1.781606 -1.073423
 -1.062508 -1.199083 -1.693778 -1.777159
 -1.363822 -1.506922 -1.076140 -1.704747
 -1.260525 -1.260525 -1.802121 -1.316615
 -1.160745 -1.528468 -1.710789 -1.240787
 -1.299283 -1.050822 -1.743968 -1.595548
 -1.497520 -1.622682 -1.072637 -1.440361
 -1.431757 -1.132514 -1.582039 -1.455287
 -2.006167 -1.403994 -1.428091 -0.967277
 -1.220902 -1.042655 -1.990033 -1.533276
 -1.368276 -1.495027 -1.174120 -1.550597
 -1.477586 -0.909603 -1.825891 -1.569959
 -1.218414 -1.791758 -2.181222 -0.856300
 -1.190550 -1.026921 -1.701374 -1.861716
 -1.713506 -1.386294 -1.069958 -1.483933
 -1.442384 -1.028409 -1.927890 -1.344746
 -1.734600 -1.797120 -1.863811 -0.687815
 -1.161626 -1.068536 -1.697142 -1.830673
 -1.386294 -1.458615 -1.158511 -1.592146
 -1.288656 -1.006806 -1.958812 -1.523495
 -1.730798 -1.986730 -2.073741 -0.579820
 -1.211636 -0.797661 -2.677965 -1.697142
 -1.391489 -1.434049 -1.219639 -1.525020
 -1.343735 -0.891751 -2.442342 -1.417843
 -1.699385 -1.791758 -2.090250 -0.640780
 -1.145133 -0.962812 -1.564986 -2.397889
 -1.396447 -1.704747 -0.970780 -1.650680
 -1.163151 -0.718466 -2.772581 -1.984129
 -1.232961 -2.274411 -1.730798 -0.847299
 -1.144075 -0.934984 -1.960834 -1.909541
 -1.506783 -1.436166 -1.159913 -1.482686
 -1.269112 -0.838330 -3.274433 -1.391714
 -1.573810 -1.651772 -2.084634 -0.740903
 -0.878866 -1.592630 -1.826244 -1.512588
 -1.485385 -1.380025 -1.307704 -1.380025
 -1.347508 -0.710243 -2.537087 -1.774951
 -1.087624 -1.614977 -2.020441 -1.104153
 -1.006240 -1.397105 -2.230009 -1.274503
 -1.556919 -1.533930 -1.098613 -1.426300
 -1.120592 -1.010244 -2.381719 -1.526056
 -1.186581 -1.462834 -1.558144 -1.375823
 -1.142673 -1.198243 -1.863216 -1.495493
 -2.215571 -1.299283 -1.174120 -1.174120
 -1.569772 -0.849227 -2.445237 -1.282091
 -1.563394 -1.263290 -1.468084 -1.281982
 -1.280934 -1.122711 -1.891841 -1.402295
 -2.540991 -1.174120 -1.321756 -1.062895
 -1.601405 -1.013620 -1.729238 -1.354546
 -1.250493 -1.250493 -1.897119 -1.282754
 -1.193104 -1.140460 -1.712977 -1.625966
 -2.602685 -1.022240 -1.329724 -1.198696
 -1.196805 -1.500486 -1.798978 -1.173274
 -1.327587 -1.345286 -1.707076 -1.227504
 -1.442990 -0.952368 -1.753143 -1.586090
 -2.674143 -0.984669 -1.227230 -1.330414
 -1.393412 -1.337842 -2.751527 -0.854416
 -1.806796 -1.083798 -1.971099 -1.026639
 -1.055128 -1.294357 -2.507373 -1.216396
 -1.962906 -1.087440 -1.420583 -1.269761
 -1.134981 -1.540444 -1.806147 -1.203973
 -1.619388 -1.230731 -1.781906 -1.074162
 -1.566420 -1.143565 -1.515127 -1.375365
 -2.183799 -1.197985 -1.291804 -1.168571
 -0.597134 -1.075624 -2.220751 -14.070156
 -1.213023 -0.916292 -1.195005 -14.430698
 -0.884204 -1.015232 -1.493266 -14.137597
 -1.757857 -0.748859 -1.036541 -14.523548
 -14.594837 -0.000001 -14.594837 -14.594837
 -14.786291 -0.000001 -14.786291 -14.786291
 -14.363634 -0.000002 -14.363634 -14.363634
 -1.386294 -1.386294 -1.386294 -1.386294
 -1.386294 -1.386294 -1.386294 -1.386294
 -15.694977 -0.000001 -15.694977 -15.694977
 -1.386294 -1.386294 -1.386294 -1.386294
 -1.386294 -1.386294 -1.386294 -1.386294
 -1.386294 -1.386294 -1.386294 -1.386294
 -0.000001 -15.694977 -15.694977 -15.694977
 -1.386294 -1.386294 -1.386294 -1.386294
 -1.386294 -1.386294 -1.386294 -1.386294
 -15.694976 -15.694976 -0.000000 -15.694976
 -1.386294 -1.386294 -1.386294 -1.386294
 -1.386294 -1.386294 -1.386294 -1.386294
 -1.386294 -1.386294 -1.386294 -1.386294
 -1.386294 -1.386294 -1.386294 -1.386294
 -1.386294 -1.386294 -1.386294 -1.386294
 -1.211636 -1.528808 -1.118659 -1.840244
 -1.386294 -1.386294 -1.386294 -1.386294
 -1.662081 -1.162126 -2.014901 -1.010320
 -1.318241 -1.171638 -1.864783 -1.318241
 -1.395684 -0.983950 -1.839615 -1.515828
 -2.341799 -0.980831 -1.348554 -1.312187
 -1.098613 -1.120592 -2.219200 -1.461518
 -1.561498 -1.094158 -1.627456 -1.351203
 -1.395511 -1.136001 -1.194841 -2.052287
 -2.036880 -0.910872 -1.386294 -1.526056
 -1.328927 0.000100 0.000100 0.000100
 -1.244132 0.000100 0.000100 0.000100
 -1.456142 0.000100 0.000100 0.000100
 -1.542182 0.000100 0.000100 0.000100
 -1.642402 -1.169699 -1.093812 -1.825805
 -1.595695 -0.998996 -1.453669 -1.633362
 -1.408638 -0.935238 -1.520607 -1.934805
 -2.456822 -0.805958 -1.311003 -1.619065
 -1.585768 -1.227194 -1.145817 -1.692104
 -1.327416 -1.273261 -1.298890 -1.703274
 -1.409586 -1.020536 -1.384204 -1.932191
 -2.141809 -0.988137 -1.120697 -1.691540
 -1.238312 -1.393035 -1.534903 -1.401083
 -1.280865 -1.367423 -1.431282 -1.476491
 -1.183044 -1.201640 -1.495164 -1.779380
 -1.968907 -0.964841 -1.338465 -1.527402
 -1.672931 -1.166798 -1.076265 -1.832111
 -1.639477 -1.027776 -1.386294 -1.618898
 -1.439124 -0.928098 -1.535635 -1.882291
 -2.373544 -0.832702 -1.274932 -1.647518
 -1.596056 -1.277877 -1.099225 -1.684441
 -1.350055 -1.252390 -1.320524 -1.671539
 -1.449924 -1.051131 -1.321502 -1.902901
 -2.145743 -0.968743 -1.130239 -1.712007
 -1.289641 -1.441325 -1.489900 -1.337043
 -1.297140 -1.380051 -1.449488 -1.425320
 -1.251038 -1.153415 -1.472173 -1.778989
 -1.954779 -1.022142 -1.343998 -1.436410
 -1.713058 -1.165244 -1.080913 -1.780499
 -1.602678 -1.014998 -1.401133 -1.661139
 -1.467513 -0.899053 -1.528456 -1.926365
 -2.447551 -0.790139 -1.296979 -1.680092
 -1.582597 -1.225465 -1.151586 -1.688465
 -1.381357 -1.242049 -1.290058 -1.688935
 -1.479877 -1.030773 -1.324435 -1.899456
 -2.249056 -0.952256 -1.127478 -1.688575
 -1.255647 -1.422284 -1.420115 -1.459899
 -1.263653 -1.376619 -1.445130 -1.473011
 -1.221474 -1.146807 -1.495568 -1.811347
 -1.950661 -1.026402 -1.327698 -1.450559
 -1.758492 -1.140492 -1.069649 -1.802387
 -1.633625 -1.011553 -1.443600 -1.584506
 -1.449241 -0.911316 -1.529449 -1.920036
 -2.446934 -0.817160 -1.288705 -1.628979
 -1.526561 -1.266096 -1.110030 -1.764693
 -1.338349 -1.220380 -1.319523 -1.741023
 -1.444183 -1.024504 -1.337071 -1.948602
 -2.179101 -0.937753 -1.162283 -1.700572
 -1.261840 -1.457010 -1.458088 -1.381287
 -1.273982 -1.370504 -1.369837 -1.550428
 -1.162180 -1.169036 -1.517968 -1.849135
 -1.887335 -0.990042 -1.377385 -1.492871
 -1.718772 -1.145280 -1.086717 -1.800254
 -1.571885 -1.059190 -1.373172 -1.648659
 -1.421419 -0.973981 -1.443739 -1.930966
 -2.428283 -0.805002 -1.307692 -1.638449
 -1.531023 -1.268444 -1.156766 -1.671763
 -1.331989 -1.262996 -1.350444 -1.639291
 -1.376284 -1.052989 -1.394781 -1.892436
 -2.316679 -0.959847 -1.101479 -1.681639
 -1.252515 -1.372253 -1.511672 -1.426538
 -1.269440 -1.368351 -1.495065 -1.426072
 -1.237491 -1.142243 -1.519485 -1.760482
 -1.914643 -1.088488 -1.364034 -1.346102
 -1.695966 -1.164725 -1.060046 -1.844340
 -1.589949 -1.024270 -1.423842 -1.628527
 -1.481215 -0.920682 -1.510549 -1.873386
 -2.270575 -0.825764 -1.322804 -1.647870
 -1.457516 -1.257203 -1.170818 -1.756637
 -1.376553 -1.200814 -1.319459 -1.718563
 -1.425269 -1.027813 -1.341682 -1.963533
 -2.272472 -0.893853 -1.178970 -1.713294
 -1.190017 -1.455540 -1.567657 -1.370515
 -1.216104 -1.455121 -1.509426 -1.389467
 -1.245975 -1.133161 -1.556566 -1.717764
 -1.809412 -1.091375 -1.413400 -1.357977
 -1.732375 -1.168025 -1.136602 -1.654184
 -1.656169 -1.028896 -1.484263 -1.491387
 -1.393650 -0.904233 -1.673892 -1.835935
 -2.432134 -0.846343 -1.290962 -1.569428
 -1.550372 -1.318058 -1.147387 -1.595973
 -1.395125 -1.431247 -1.118478 -1.679805
 -1.477401 -1.135777 -1.180013 -1.942658
 -2.177785 -1.040333 -1.061184 -1.674911
 -1.061077 -1.299195 -0.964521 -17.450726
 -1.191595 -1.213390 -0.918605 -17.765215
 -1.300024 -1.000803 -1.021955 -17.884367
 -1.219193 -1.005336 -1.082908 -17.288097
 -17.810955 0.000000 -17.810955 -17.810955
 -17.894064 0.000000 -17.894064 -17.894064
 -18.022142 0.000000 -18.022142 -18.022142
 -1.386294 -1.386294 -1.386294 -1.386294
 -1.386294 -1.386294 -1.386294 -1.386294
 -19.011463 0.000000 -19.011463 -19.011463
 -1.386294 -1.386294 -1.386294 -1.386294
 -1.386294 -1.386294 -1.386294 -1.386294
 -1.386294 -1.386294 -1.386294 -1.386294
 0.000000 -19.011463 -19.011463 -19.011463
 -1.386294 -1.386294 -1.386294 -1.386294
 -1.386294 -1.386294 -1.386294 -1.386294
 -19.011463 -19.011463 0.000000 -19.011463
 -1.386294 -1.386294 -1.386294 -1.386294
 -1.386294 -1.386294 -1.386294 -1.386294
 -1.386294 -1.386294 -1.386294 -1.386294
 -1.386294 -1.386294 -1.386294 -1.386294
 -1.386294 -1.386294 -1.386294 -1.386294
 -1.438947 -0.920815 -1.466171 -2.011254
 -1.386294 -1.386294 -1.386294 -1.386294
 -1.375609 -1.351864 -1.354575 -1.467505
 -1.250818 -1.369877 -1.498805 -1.443101
 -1.178775 -1.184250 -1.525912 -1.778173
 -1.761590 -0.951463 -1.557421 -1.463719
 -1.682767 -1.224934 -1.035716 -1.799438
 -1.631655 -1.099974 -1.346461 -1.554215
 -1.507233 -0.945432 -1.409340 -1.926469
 -2.414496 -0.818175 -1.249223 -1.700325
