 -1.302680 0.000100 0.000100 0.000100
 -1.415795 0.000100 0.000100 0.000100
 -1.409825 0.000100 0.000100 0.000100
 -1.421801 0.000100 0.000100 0.000100
 -1.223776 -1.620190 -1.542229 -1.223776
 -1.226174 -1.982498 -1.591633 -1.007121
 -1.273817 -1.252763 -1.597603 -1.460402
 -1.893110 -1.141696 -1.034451 -1.744691
 -1.615135 -1.341843 -1.219241 -1.409284
 -1.252763 -1.555043 -1.749199 -1.111113
 -1.226174 -1.311332 -1.429114 -1.621486
 -1.688575 -1.430746 -1.171885 -1.323116
 -1.338666 -1.168041 -1.573505 -1.516347
 -1.301257 -1.492312 -1.762602 -1.104548
 -1.224906 -1.081806 -1.843944 -1.565231
 -1.716047 -1.468211 -1.174451 -1.269761
 -1.127940 -1.241269 -1.719303 -1.569772
 -1.418383 -1.720663 -1.558144 -0.998529
 -1.400088 -1.112406 -1.517870 -1.582409
 -1.690877 -1.549799 -1.060252 -1.358745
 -1.645155 -1.134331 -1.403994 -1.428091
 -1.128466 -2.140064 -1.580450 -1.041455
 -1.468359 -0.931559 -1.442384 -1.970449
 -1.677645 -1.312187 -0.955512 -1.836710
 -1.225027 -1.519825 -1.548813 -1.290984
 -1.391599 -1.745239 -1.604160 -0.979068
 -1.255455 -1.131403 -1.791758 -1.488077
 -1.366876 -1.811561 -1.060147 -1.446919
 -1.165304 -1.066864 -1.824548 -1.699385
 -1.419520 -1.811561 -1.985913 -0.781944
 -1.312187 -1.079565 -1.648658 -1.615868
 -1.501490 -1.501490 -1.202248 -1.370870
 -1.386294 -0.944462 -1.727220 -1.696448
 -1.888150 -1.556794 -1.924517 -0.709497
 -0.891424 -1.042655 -1.990033 -2.295412
 -1.749199 -1.631416 -0.995429 -1.343735
 -1.504077 -0.976723 -1.720299 -1.504077
 -1.630271 -1.935652 -1.833870 -0.693148
 -1.270035 -0.856473 -1.987872 -1.848111
 -1.397105 -1.729238 -1.021055 -1.536867
 -1.210204 -1.003868 -2.308812 -1.443818
 -1.604017 -2.123891 -1.996058 -0.609767
 -1.119232 -0.965082 -1.945908 -1.899388
 -1.307823 -1.694595 -1.183770 -1.427967
 -1.313724 -0.737111 -2.181222 -1.967648
 -1.626930 -2.017795 -2.062247 -0.609998
 -0.997360 -1.019832 -2.606789 -1.625966
 -1.325386 -1.526056 -1.084224 -1.721800
 -1.087802 -0.910872 -2.575873 -1.688575
 -1.411485 -1.936008 -2.212260 -0.688185
 -1.066352 -1.140460 -2.031430 -1.585145
 -1.391834 -1.534935 -1.104153 -1.587579
 -1.262916 -0.881549 -2.197222 -1.650680
 -1.306677 -2.107452 -2.020441 -0.744151
 -0.889859 -1.351203 -2.010446 -1.627455
 -1.412003 -1.594324 -1.188860 -1.391383
 -1.198961 -0.911279 -2.460088 -1.555635
 -1.145959 -1.719303 -1.687555 -1.145959
 -1.011602 -1.576914 -1.800057 -1.330055
 -1.662081 -1.360977 -1.212557 -1.360977
 -1.449473 -0.823768 -1.982276 -1.667196
 -1.536867 -1.397105 -1.562185 -1.114873
 -1.317827 -1.233270 -1.799663 -1.288839
 -2.142861 -1.180053 -1.295566 -1.198402
 -1.422399 -1.098613 -2.176168 -1.164571
 -1.284512 -1.499623 -1.722766 -1.134980
 -1.151455 -1.329136 -1.821611 -1.357307
 -2.095612 -1.188058 -1.402467 -1.120235
 -1.621860 -1.062245 -1.755391 -1.258955
 -1.418383 -1.335001 -1.720663 -1.152680
 -1.729238 -1.156721 -1.524444 -1.236763
 -2.412144 -1.197703 -1.229452 -1.151894
 -1.783390 -1.345136 -2.006532 -0.827881
 -1.604664 -1.093840 -1.941135 -1.137642
 -1.406362 -1.146079 -1.839224 -1.279611
 -2.944432 -1.024847 -1.299283 -1.152680
 -1.145133 -1.522426 -2.061419 -1.089563
 -1.561498 -1.252763 -1.673976 -1.148967
 -1.442990 -1.233270 -1.666132 -1.260669
 -2.785887 -1.220258 -1.220258 -1.055503
 -1.540444 -1.098613 -2.351370 -1.029620
 -1.791758 -1.232144 -1.856297 -0.953431
 -1.623136 -0.947382 -2.351371 -1.140286
 -2.362646 -0.918536 -1.399839 -1.346729
 -1.002470 -1.746907 -3.081894 -0.884687
 -1.153363 -1.471816 -2.789113 -0.932821
 -1.377326 -0.995959 -2.763609 -1.154183
 -1.885284 -0.900787 -2.010447 -1.177540
 -14.397728 -14.397728 -14.397728 -0.000002
 -14.543061 -14.543061 -14.543061 -0.000001
 -13.253399 -13.253399 -13.253399 -0.000005
 -14.711600 -14.711600 -14.711600 -0.000001
 -1.386294 -1.386294 -1.386294 -1.386294
 -1.386294 -1.386294 -1.386294 -1.386294
 -1.386294 -1.386294 -1.386294 -1.386294
 -15.744130 -0.000001 -15.744130 -15.744130
 -1.386294 -1.386294 -1.386294 -1.386294
 -0.000001 -15.744130 -15.744130 -15.744130
 -1.386294 -1.386294 -1.386294 -1.386294
 -1.386294 -1.386294 -1.386294 -1.386294
 -15.744130 -15.744130 -0.000000 -15.744130
 -1.386294 -1.386294 -1.386294 -1.386294
 -1.386294 -1.386294 -1.386294 -1.386294
 -1.386294 -1.386294 -1.386294 -1.386294
 -1.386294 -1.386294 -1.386294 -1.386294
 -1.386294 -1.386294 -1.386294 -1.386294
 -1.386294 -1.516509 -1.040727 -1.729767
 -1.386294 -1.386294 -1.386294 -1.386294
 -1.363305 -1.276294 -1.928617 -1.140162
 -1.520772 -1.379694 -1.520772 -1.167133
 -1.708871 -1.175574 -1.779489 -1.074221
 -1.970805 -1.338285 -1.140460 -1.277661
 -1.526056 -1.189585 -1.791758 -1.166054
 -1.273706 -1.370870 -1.651772 -1.292398
 -1.595049 -1.213682 -1.316336 -1.461518
 -1.778153 -1.007046 -1.437828 -1.477049
 -1.403937 0.000100 0.000100 0.000100
 -1.229607 0.000100 0.000100 0.000100
 -1.380482 0.000100 0.000100 0.000100
 -1.558236 0.000100 0.000100 0.000100
 -1.439604 -1.354472 -1.296420 -1.463671
 -1.418968 -1.307959 -1.468582 -1.357072
 -1.284708 -1.173813 -1.473121 -1.688081
 -2.071512 -1.089310 -1.284054 -1.344601
 -1.574134 -1.230988 -1.170755 -1.657176
 -1.381798 -1.208322 -1.425615 -1.561530
 -1.332212 -1.082737 -1.370419 -1.941845
 -2.186051 -0.961459 -1.214641 -1.567867
 -1.434878 -1.385607 -1.281346 -1.452346
 -1.238151 -1.405205 -1.415256 -1.505528
 -1.234360 -1.233443 -1.373021 -1.805753
 -2.071743 -1.047396 -1.239902 -1.453412
 -1.434381 -1.321536 -1.237187 -1.585662
 -1.379522 -1.276032 -1.441640 -1.458354
 -1.259463 -1.165937 -1.439435 -1.786764
 -2.068452 -1.048442 -1.281487 -1.404413
 -1.580134 -1.252921 -1.170071 -1.619293
 -1.387268 -1.258617 -1.329568 -1.601445
 -1.390246 -1.076327 -1.387986 -1.829066
 -2.242711 -0.970655 -1.197445 -1.546322
 -1.398212 -1.370394 -1.340662 -1.438505
 -1.253106 -1.349535 -1.428259 -1.535738
 -1.268018 -1.169173 -1.407131 -1.813129
 -1.960776 -1.111177 -1.225517 -1.441918
 -1.421511 -1.397501 -1.233737 -1.513062
 -1.405068 -1.325265 -1.397826 -1.419713
 -1.323179 -1.142818 -1.421914 -1.751336
 -2.074582 -1.005963 -1.313181 -1.428219
 -1.575320 -1.186715 -1.222414 -1.643418
 -1.392722 -1.264413 -1.380888 -1.523988
 -1.446082 -0.993559 -1.442534 -1.845641
 -2.275934 -0.936160 -1.269067 -1.495776
 -1.334072 -1.361584 -1.351869 -1.506941
 -1.252327 -1.365168 -1.417720 -1.529898
 -1.316381 -1.153140 -1.428638 -1.733772
 -1.972757 -1.043848 -1.278288 -1.468301
 -1.480369 -1.351863 -1.323819 -1.396056
 -1.467759 -1.375322 -1.391322 -1.316566
 -1.326826 -1.156009 -1.410871 -1.737206
 -2.068044 -1.055445 -1.309758 -1.363968
 -1.579298 -1.264261 -1.174377 -1.597406
 -1.402003 -1.156037 -1.435235 -1.603923
 -1.367423 -1.080299 -1.371898 -1.883097
 -2.329046 -0.916291 -1.231486 -1.557070
 -1.372486 -1.396687 -1.333861 -1.445405
 -1.224081 -1.363027 -1.421791 -1.566352
 -1.259799 -1.176836 -1.403705 -1.817990
 -1.988752 -1.027259 -1.261378 -1.505604
 -1.476375 -1.363226 -1.232514 -1.495471
 -1.387815 -1.338349 -1.454926 -1.367733
 -1.271946 -1.181373 -1.441505 -1.735649
 -2.133311 -1.071512 -1.230361 -1.398860
 -1.608468 -1.206780 -1.199241 -1.613326
 -1.447235 -1.220446 -1.288644 -1.639704
 -1.386574 -1.063762 -1.387692 -1.862629
 -2.398542 -0.926201 -1.223452 -1.519225
 -1.359510 -1.376802 -1.302590 -1.518674
 -1.274630 -1.332019 -1.370176 -1.597216
 -1.273488 -1.179112 -1.417883 -1.769792
 -2.092132 -1.080812 -1.195222 -1.449789
 -1.457368 -1.411254 -1.186407 -1.523268
 -1.389079 -1.337685 -1.404409 -1.415803
 -1.236855 -1.205910 -1.414615 -1.788172
 -1.963295 -1.087188 -1.296057 -1.390973
 -1.680747 -1.183729 -1.142866 -1.667458
 -1.441651 -1.140982 -1.376296 -1.653152
 -1.413022 -1.006053 -1.388495 -1.955572
 -2.340737 -0.837431 -1.287103 -1.635510
 -1.330624 -1.403543 -1.334852 -1.483837
 -1.215519 -1.389806 -1.406501 -1.563884
 -1.272622 -1.175317 -1.394352 -1.812847
 -1.950415 -1.042203 -1.283471 -1.478259
 -1.588220 -1.474743 -1.103137 -1.447978
 -1.436424 -1.389904 -1.464966 -1.265713
 -1.385438 -1.221550 -1.327772 -1.661017
 -2.188668 -1.082629 -1.273017 -1.312135
 -1.668236 -1.229077 -1.258419 -1.449213
 -1.623375 -1.042963 -1.490857 -1.490857
 -1.611819 -0.919997 -1.414163 -1.839942
 -2.356619 -0.800303 -1.314238 -1.674574
 -1.394849 -1.398291 -1.556762 -1.223179
 -1.282833 -1.277957 -1.608470 -1.410793
 -1.518880 -0.944338 -1.690730 -1.571559
 -1.642836 -0.987175 -1.564827 -1.492466
 -17.313229 -17.313229 -17.313229 -0.000000
 -17.597425 -17.597425 -17.597425 -0.000000
 -17.126783 -17.126783 -17.126783 -0.000000
 -17.308374 -17.308374 -17.308374 -0.000000
 -1.386294 -1.386294 -1.386294 -1.386294
 -1.386294 -1.386294 -1.386294 -1.386294
 -1.386294 -1.386294 -1.386294 -1.386294
 -18.737242 0.000000 -18.737242 -18.737242
 -1.386294 -1.386294 -1.386294 -1.386294
 0.000000 -18.737242 -18.737242 -18.737242
 -1.386294 -1.386294 -1.386294 -1.386294
 -1.386294 -1.386294 -1.386294 -1.386294
 -18.737242 -18.737242 0.000000 -18.737242
 -1.386294 -1.386294 -1.386294 -1.386294
 -1.386294 -1.386294 -1.386294 -1.386294
 -1.386294 -1.386294 -1.386294 -1.386294
 -1.386294 -1.386294 -1.386294 -1.386294
 -1.386294 -1.386294 -1.386294 -1.386294
 -1.550993 -0.849632 -1.524207 -1.947733
 -1.386294 -1.386294 -1.386294 -1.386294
 -1.389737 -1.329518 -1.285066 -1.562449
 -1.228935 -1.326111 -1.444536 -1.579720
 -1.293390 -1.225048 -1.324352 -1.796118
 -1.798424 -1.036696 -1.366562 -1.492393
 -1.420908 -1.507709 -1.178097 -1.473052
 -1.393500 -1.414377 -1.362979 -1.375075
 -1.252907 -1.206752 -1.394076 -1.789179
 -1.914819 -1.084913 -1.325392 -1.390295
