 -1.392739 0.000100 0.000100 0.000100
 -1.326048 0.000100 0.000100 0.000100
 -1.501938 0.000100 0.000100 0.000100
 -1.334145 0.000100 0.000100 0.000100
 -1.198243 -1.319603 -1.352393 -1.757856
 -1.354546 -1.875841 -1.729238 -0.888457
 -0.955513 -1.466337 -2.005330 -1.386294
 -1.978968 -1.346449 -1.050985 -1.378197
 -1.386294 -1.182696 -1.824548 -1.264934
 -1.229452 -2.178528 -1.405342 -1.052522
 -1.136001 -1.433251 -1.600305 -1.433251
 -1.418043 -1.633154 -1.045369 -1.556193
 -1.268512 -1.241113 -1.716535 -1.386294
 -1.670680 -1.670680 -1.842530 -0.764975
 -1.230881 -1.172040 -1.682864 -1.549333
 -1.937940 -1.362578 -1.090645 -1.331806
 -1.718999 -0.949868 -1.718999 -1.367602
 -1.816450 -1.444888 -2.039593 -0.751743
 -1.257677 -1.041455 -1.489478 -1.985912
 -1.968214 -1.580450 -0.905323 -1.386294
 -1.757856 -0.939549 -2.068008 -1.170072
 -1.371479 -1.806796 -2.007465 -0.803497
 -1.201028 -1.116471 -1.954796 -1.469291
 -1.594512 -1.671472 -0.958525 -1.489151
 -1.234745 -0.939282 -1.992427 -1.704747
 -1.592630 -1.998093 -1.512588 -0.819442
 -1.009001 -1.232144 -1.999395 -1.568615
 -1.561647 -1.273965 -1.225175 -1.528857
 -1.299283 -1.106912 -1.905417 -1.394593
 -1.625310 -1.799663 -1.476891 -0.892945
 -1.386294 -1.163152 -1.568615 -1.473305
 -1.479980 -1.767660 -0.962038 -1.516347
 -1.116962 -1.062895 -1.992427 -1.655957
 -1.673975 -1.945907 -1.627455 -0.748209
 -1.072638 -0.998530 -2.171245 -1.740465
 -1.930756 -1.617100 -0.943373 -1.319849
 -1.486835 -0.938271 -2.260020 -1.279197
 -1.508184 -1.913647 -1.913647 -0.726485
 -1.118614 -1.213924 -1.842530 -1.524077
 -1.681758 -1.681758 -1.075624 -1.248895
 -1.404643 -1.089563 -1.927889 -1.299283
 -1.671130 -1.717650 -1.466337 -0.912028
 -1.132515 -1.167606 -1.934857 -1.504077
 -1.321756 -1.484275 -1.272966 -1.484275
 -1.133099 -0.986496 -2.285773 -1.592630
 -1.843051 -2.014900 -1.843051 -0.597839
 -1.088461 -1.058608 -2.505517 -1.449473
 -1.784153 -1.409461 -0.983378 -1.542992
 -1.540444 -0.675449 -2.521267 -1.627455
 -1.578185 -1.745238 -1.945908 -0.741939
 -1.341843 -1.386294 -1.532897 -1.299283
 -1.690662 -1.547562 -1.259881 -1.142098
 -1.299283 -0.833921 -2.397888 -1.599387
 -1.656321 -2.041981 -1.348837 -0.867865
 -0.899001 -1.509908 -1.969437 -1.458615
 -1.685074 -1.433761 -1.279611 -1.210618
 -1.161414 -1.031361 -2.665482 -1.343735
 -1.566878 -1.700408 -1.526056 -0.938271
 -1.242507 -1.078205 -1.866658 -1.530188
 -1.850598 -1.278081 -1.203973 -1.330725
 -1.756040 -0.808662 -2.215569 -1.299283
 -1.432104 -1.401332 -1.853316 -1.026640
 -1.280934 -1.132515 -1.860750 -1.408767
 -2.405437 -1.083687 -1.176778 -1.335001
 -1.704746 -0.866421 -1.912384 -1.386294
 -1.523495 -1.243194 -1.791758 -1.118031
 -1.432814 -1.299283 -1.912384 -1.076141
 -2.602683 -0.993253 -1.378914 -1.191703
 -1.621859 -1.175574 -2.448529 -0.897943
 -1.682559 -1.336284 -1.615868 -1.042524
 -1.509908 -1.087053 -2.056448 -1.158511
 -2.772580 -0.980830 -1.443453 -1.119666
 -1.112407 -1.725508 -2.093229 -0.994624
 -1.602748 -1.538210 -1.538210 -0.996614
 -1.779781 -0.922335 -1.710788 -1.374318
 -2.197222 -1.136353 -1.237449 -1.280934
 -1.409825 -1.158511 -2.508427 -1.020362
 -1.871800 -1.312187 -2.034318 -0.807093
 -1.690289 -1.051211 -1.744356 -1.233532
 -2.694620 -0.854079 -1.441864 -1.308333
 -1.304057 -1.157454 -3.555304 -0.952660
 -1.526056 -1.297215 -1.823306 -1.056053
 -1.399366 -1.047970 -2.552034 -1.124931
 -2.024379 -1.218757 -1.513556 -1.043553
 -13.753639 -13.753639 -13.753639 -0.000003
 -14.151986 -14.151986 -14.151986 -0.000002
 -13.444452 -13.444452 -13.444452 -0.000004
 -14.310209 -14.310209 -14.310209 -0.000002
 -1.386294 -1.386294 -1.386294 -1.386294
 -1.386294 -1.386294 -1.386294 -1.386294
 -1.386294 -1.386294 -1.386294 -1.386294
 -15.356670 -0.000001 -15.356670 -15.356670
 -1.386294 -1.386294 -1.386294 -1.386294
 -15.356670 -15.356670 -15.356670 -0.000001
 -1.386294 -1.386294 -1.386294 -1.386294
 -1.386294 -1.386294 -1.386294 -1.386294
 -1.386294 -1.386294 -1.386294 -1.386294
 -1.386294 -1.386294 -1.386294 -1.386294
 -1.386294 -1.386294 -1.386294 -1.386294
 -0.000001 -15.356670 -15.356670 -15.356670
 -15.356670 -15.356670 -0.000001 -15.356670
 -1.386294 -1.386294 -1.386294 -1.386294
 -1.386294 -1.386294 -1.386294 -1.386294
 -1.386294 -1.386294 -1.386294 -1.386294
 -1.386294 -1.386294 -1.386294 -1.386294
 -1.386294 -1.386294 -1.386294 -1.386294
 -1.334145 -1.635470 -1.010531 -1.727488
 -1.386294 -1.386294 -1.386294 -1.386294
 -1.593308 -1.479980 -2.039593 -0.823202
 -1.945907 -1.291984 -2.431410 -0.704199
 -1.701810 -0.873119 -1.701810 -1.524880
 -1.710788 -1.123005 -1.646250 -1.199966
 -1.339774 -1.252764 -1.865864 -1.211942
 -1.167133 -1.433761 -1.759182 -1.279611
 -1.318241 -0.828695 -2.065450 -1.777771
 -1.785566 -1.092421 -1.367832 -1.417843
 -1.475682 0.000100 0.000100 0.000100
 -1.279675 0.000100 0.000100 0.000100
 -1.319284 0.000100 0.000100 0.000100
 -1.487563 0.000100 0.000100 0.000100
 -1.288839 -1.378451 -1.378451 -1.511982
 -1.200742 -1.470661 -1.622467 -1.302525
 -1.205096 -1.349927 -1.417066 -1.616194
 -1.741263 -1.291347 -1.335798 -1.248787
 -1.515972 -1.259543 -1.427680 -1.359626
 -1.294549 -1.281646 -1.560817 -1.433662
 -1.072345 -1.281695 -1.743512 -1.583170
 -1.840918 -1.058824 -1.311659 -1.491245
 -1.522426 -1.260062 -1.197931 -1.627787
 -1.252763 -1.426610 -1.341710 -1.547562
 -1.254773 -1.343066 -1.312760 -1.688811
 -1.864079 -1.290280 -1.196251 -1.318853
 -1.405343 -1.390075 -1.185281 -1.609437
 -1.417493 -1.569299 -1.336367 -1.249356
 -1.260757 -1.354944 -1.379945 -1.575005
 -1.838876 -1.286809 -1.213784 -1.317581
 -1.413271 -1.494616 -1.141338 -1.546802
 -1.336462 -1.350448 -1.642836 -1.256419
 -0.993902 -1.586965 -1.495993 -1.602965
 -1.822295 -1.226788 -1.378804 -1.226788
 -1.553038 -1.202836 -1.261332 -1.585828
 -1.232671 -1.524581 -1.397426 -1.412464
 -1.076873 -1.265666 -1.549029 -1.802809
 -1.975541 -1.350448 -1.080529 -1.336462
 -1.431415 -1.446919 -1.261997 -1.416147
 -1.382910 -1.396516 -1.382910 -1.382910
 -1.312661 -1.132400 -1.350402 -1.900447
 -1.882142 -1.162328 -1.365927 -1.273554
 -1.405941 -1.421942 -1.454731 -1.272410
 -1.473892 -1.225713 -1.865371 -1.131402
 -1.173514 -1.329518 -1.647971 -1.453815
 -1.726726 -1.079043 -1.455852 -1.390255
 -1.662885 -1.225264 -1.332031 -1.375204
 -1.301395 -1.336902 -1.581355 -1.349023
 -1.296298 -1.202479 -1.381820 -1.743609
 -1.907069 -1.294892 -1.213923 -1.271082
 -1.303407 -1.664420 -1.288369 -1.334178
 -1.373555 -1.425515 -1.178655 -1.615868
 -1.199256 -1.153271 -1.467520 -1.880706
 -1.681302 -1.182312 -1.364633 -1.379022
 -1.560817 -1.172447 -1.613003 -1.268907
 -1.339774 -1.493925 -1.393120 -1.326871
 -1.290374 -1.302644 -1.477586 -1.492401
 -1.783390 -1.102823 -1.297884 -1.483286
 -1.394076 -1.492516 -1.509908 -1.183512
 -1.364177 -1.415470 -1.303552 -1.469537
 -1.393957 -1.237611 -1.305665 -1.656321
 -2.161884 -1.022451 -1.364941 -1.310133
 -1.477464 -1.477464 -1.250691 -1.357663
 -1.305756 -1.517064 -1.293921 -1.446113
 -1.230134 -1.400479 -1.386294 -1.554629
 -1.882730 -1.189584 -1.461518 -1.166054
 -1.432814 -1.356441 -1.498412 -1.271884
 -1.434363 -1.205177 -1.711994 -1.267309
 -1.296979 -1.375967 -1.271978 -1.641075
 -1.831691 -1.138545 -1.294549 -1.404248
 -1.526056 -1.406255 -1.163942 -1.490338
 -1.606258 -1.379945 -1.367366 -1.227605
 -1.428365 -1.180530 -1.428365 -1.544197
 -1.960455 -1.193201 -1.217299 -1.347351
 -1.613973 -1.409179 -1.149668 -1.427871
 -1.141881 -1.436388 -1.450182 -1.567964
 -1.313593 -1.277661 -1.289495 -1.731327
 -1.914048 -1.127812 -1.270913 -1.393515
 -1.289271 -1.485385 -1.468856 -1.317050
 -1.406362 -1.536039 -1.406362 -1.221791
 -1.286211 -1.195239 -1.639490 -1.482921
 -2.079440 -1.203973 -1.163151 -1.337504
 -1.521469 -1.632694 -1.145680 -1.316025
 -1.403747 -1.461734 -1.432320 -1.259708
 -1.643467 -1.009744 -1.451577 -1.569359
 -1.826605 -1.282305 -1.165895 -1.386294
 -1.574802 -1.297816 -1.314076 -1.381899
 -1.474224 -1.566597 -1.519345 -1.068760
 -1.269238 -1.316866 -1.518892 -1.460905
 -1.831691 -1.116566 -1.544010 -1.207538
 -1.516347 -1.271225 -1.462280 -1.315677
 -1.186234 -1.366360 -1.671741 -1.379605
 -1.242930 -1.090739 -1.922470 -1.472946
 -1.622258 -1.216794 -1.392684 -1.354944
 -14.845132 -14.845132 -14.845132 -0.000001
 -14.987994 -14.987994 -14.987994 -0.000001
 -14.639688 -14.639688 -14.639688 -0.000001
 -14.845132 -14.845132 -14.845132 -0.000001
 -1.386294 -1.386294 -1.386294 -1.386294
 -1.386294 -1.386294 -1.386294 -1.386294
 -1.386294 -1.386294 -1.386294 -1.386294
 -16.223356 -0.000000 -16.223356 -16.223356
 -1.386294 -1.386294 -1.386294 -1.386294
 -16.223356 -16.223356 -16.223356 -0.000000
 -1.386294 -1.386294 -1.386294 -1.386294
 -1.386294 -1.386294 -1.386294 -1.386294
 -1.386294 -1.386294 -1.386294 -1.386294
 -1.386294 -1.386294 -1.386294 -1.386294
 -1.386294 -1.386294 -1.386294 -1.386294
 -0.000000 -16.223356 -16.223356 -16.223356
 -16.223356 -16.223356 -0.000000 -16.223356
 -1.386294 -1.386294 -1.386294 -1.386294
 -1.386294 -1.386294 -1.386294 -1.386294
 -1.386294 -1.386294 -1.386294 -1.386294
 -1.386294 -1.386294 -1.386294 -1.386294
 -1.386294 -1.386294 -1.386294 -1.386294
 -1.163691 -1.289431 -1.410897 -1.781907
 -1.386294 -1.386294 -1.386294 -1.386294
 -1.690441 -1.234204 -1.214596 -1.479877
 -1.201797 -1.366876 -1.533930 -1.475090
 -1.271386 -1.397426 -1.507774 -1.382611
 -1.469908 -1.205757 -1.446919 -1.446919
 -1.522426 -1.368276 -1.185955 -1.505897
 -1.244519 -1.583292 -1.199568 -1.583292
 -1.278739 -1.252763 -1.240024 -1.920591
 -1.421386 -1.437386 -1.110173 -1.652497
