 -1.370257 0.000100 0.000100 0.000100
 -1.388606 0.000100 0.000100 0.000100
 -1.300053 0.000100 0.000100 0.000100
 -1.496027 0.000100 0.000100 0.000100
 -0.962812 -1.564986 -1.404643 -1.810107
 -1.216396 -1.314836 -1.686398 -1.386294
 -1.215337 -1.274177 -1.635189 -1.474847
 -2.377479 -1.630271 -0.768050 -1.396657
 -1.215337 -1.635189 -1.512588 -1.244325
 -1.312187 -1.811176 -1.553348 -1.033474
 -1.107347 -1.279197 -1.749198 -1.526056
 -1.791757 -1.163152 -1.306252 -1.386294
 -1.394878 -1.235814 -1.871800 -1.178656
 -1.406097 -1.852382 -1.366876 -1.069626
 -1.452252 -1.109309 -1.211091 -1.978342
 -1.455287 -1.491655 -1.232144 -1.386294
 -1.386294 -1.277095 -1.553348 -1.348554
 -1.126784 -1.591088 -1.909540 -1.126784
 -1.238842 -1.146469 -1.677095 -1.581786
 -1.691675 -1.691675 -1.125281 -1.180851
 -1.395183 -1.143870 -1.636344 -1.431551
 -1.331235 -1.773066 -1.718999 -0.949868
 -1.335001 -0.890317 -1.609437 -2.068966
 -1.521026 -1.313388 -1.377926 -1.345136
 -1.581786 -1.035244 -1.782455 -1.305533
 -1.272966 -1.995098 -1.937940 -0.820982
 -1.241714 -1.098613 -2.014899 -1.408767
 -1.618487 -1.451433 -1.213023 -1.308333
 -1.157454 -1.395864 -1.562917 -1.475906
 -1.490654 -1.713796 -2.001477 -0.777706
 -1.175574 -1.098614 -2.197218 -1.398717
 -1.580450 -1.580450 -0.869605 -1.777159
 -1.098613 -0.880890 -2.311630 -1.876315
 -1.396245 -1.976060 -1.670680 -0.853922
 -1.051211 -1.051211 -2.236829 -1.638996
 -1.336698 -1.679641 -1.057114 -1.592630
 -1.425825 -1.098613 -2.026596 -1.222227
 -1.551808 -1.826244 -2.285773 -0.643552
 -0.972734 -0.972734 -2.460800 -1.841767
 -1.386294 -1.425515 -1.178656 -1.599868
 -1.326191 -0.877242 -2.162434 -1.591893
 -1.369487 -2.062631 -1.635189 -0.858663
 -1.223776 -0.887305 -1.654557 -2.273589
 -1.286922 -1.719785 -1.113651 -1.530543
 -1.124589 -1.124589 -2.277262 -1.394878
 -1.440361 -2.097137 -1.645155 -0.804374
 -1.274503 -0.895015 -1.699385 -2.047689
 -1.433251 -1.513294 -0.977777 -1.800974
 -1.394878 -0.933534 -2.459582 -1.296438
 -1.368903 -1.691675 -2.097137 -0.824177
 -1.477266 -0.884204 -1.813736 -1.631416
 -1.145133 -1.704747 -1.234745 -1.564986
 -1.180851 -0.998530 -1.845825 -1.791758
 -1.394326 -1.692818 -1.995098 -0.839331
 -1.171638 -1.218158 -2.065450 -1.318241
 -1.444888 -1.721141 -1.027996 -1.479980
 -1.360977 -1.048603 -2.682723 -1.124589
 -1.504077 -1.504077 -1.686398 -0.993253
 -0.950978 -1.838277 -1.838277 -1.219241
 -1.353505 -1.290985 -1.203973 -1.791758
 -1.282616 -0.847299 -2.699673 -1.483286
 -1.284512 -1.540444 -1.583004 -1.192139
 -1.137834 -1.312187 -1.791757 -1.412270
 -2.623049 -1.562184 -0.970135 -1.082613
 -1.640527 -0.974051 -1.945907 -1.252763
 -1.436725 -1.625966 -1.338285 -1.193104
 -1.375365 -1.291984 -1.375365 -1.515127
 -2.319109 -1.338285 -1.248673 -1.042822
 -1.474401 -1.423108 -2.020941 -0.922335
 -1.512588 -1.215337 -1.937469 -1.081806
 -1.386294 -1.178656 -1.648657 -1.386294
 -2.549438 -1.138459 -1.325670 -1.090831
 -1.303407 -0.897943 -2.602678 -1.398717
 -1.760986 -1.138459 -2.018814 -0.980830
 -1.516347 -1.005523 -2.614948 -1.074516
 -2.247773 -0.844954 -1.736950 -1.242255
 -1.945906 -1.348073 -1.858896 -0.817447
 -1.704747 -1.368276 -1.847848 -0.901254
 -1.424034 -1.044547 -1.591087 -1.591087
 -2.435069 -1.364633 -1.206409 -1.028162
 -1.417066 -1.624704 -2.110207 -0.822361
 -1.662547 -0.969402 -2.114529 -1.170072
 -1.408767 -1.321756 -1.408767 -1.408767
 -1.615668 -1.443818 -1.555043 -1.038354
 -13.732133 -0.000003 -13.732133 -13.732133
 -13.989468 -0.000003 -13.989468 -13.989468
 -13.567055 -0.000004 -13.567055 -13.567055
 -14.180157 -0.000002 -14.180157 -14.180157
 -1.386294 -1.386294 -1.386294 -1.386294
 -15.281079 -1.001834 -1.234456 -1.073526
 -1.386294 -1.386294 -1.386294 -1.386294
 -1.386294 -1.386294 -1.386294 -1.386294
 -1.386294 -1.386294 -1.386294 -1.386294
 -14.279247 -14.279247 -14.279247 -0.000002
 -14.046625 -14.046625 -14.046625 -0.000002
 -14.207556 -14.207556 -14.207556 -0.000002
 -1.386294 -1.386294 -1.386294 -1.386294
 -1.386294 -1.386294 -1.386294 -1.386294
 -1.386294 -1.386294 -1.386294 -1.386294
 -0.000001 -15.281079 -15.281079 -15.281079
 -15.281079 -15.281079 -0.000001 -15.281079
 -1.386294 -1.386294 -1.386294 -1.386294
 -1.386294 -1.386294 -1.386294 -1.386294
 -1.386294 -1.386294 -1.386294 -1.386294
 -1.386294 -1.386294 -1.386294 -1.386294
 -1.386294 -1.386294 -1.386294 -1.386294
 -1.317147 -1.688711 -0.917446 -1.911854
 -1.386294 -1.386294 -1.386294 -1.386294
 -1.495493 -1.170072 -2.556358 -0.946929
 -1.337505 -1.246533 -2.184796 -1.086191
 -1.626930 -0.963638 -1.934414 -1.282091
 -1.961654 -1.067842 -1.673974 -1.114362
 -1.203974 -1.034075 -2.420360 -1.364316
 -1.493925 -1.140286 -1.623136 -1.352847
 -1.062896 -1.299284 -2.215564 -1.299284
 -2.383806 -1.098613 -1.259881 -1.235188
 -1.486983 0.000100 0.000100 0.000100
 -1.183884 0.000100 0.000100 0.000100
 -1.346648 0.000100 0.000100 0.000100
 -1.571430 0.000100 0.000100 0.000100
 -1.326002 -1.521172 -1.291155 -1.422732
 -1.330837 -1.188790 -1.484111 -1.587429
 -1.178655 -1.321347 -1.365241 -1.770706
 -1.833606 -1.263062 -1.220502 -1.338285
 -1.524383 -1.401484 -1.348492 -1.285972
 -1.373794 -1.343211 -1.520725 -1.319400
 -1.093698 -1.207812 -1.583504 -1.826850
 -1.938051 -1.140915 -1.345709 -1.286869
 -1.474587 -1.331486 -1.200458 -1.579947
 -1.235411 -1.357785 -1.406280 -1.575029
 -1.268310 -1.230331 -1.355908 -1.779135
 -2.046820 -1.018167 -1.257136 -1.491073
 -1.419569 -1.457888 -1.241014 -1.442384
 -1.301226 -1.408370 -1.390671 -1.450930
 -1.303478 -1.241834 -1.320971 -1.756289
 -1.756595 -1.214555 -1.200470 -1.471967
 -1.542186 -1.405610 -1.206876 -1.419896
 -1.571519 -1.387906 -1.563797 -1.098612
 -1.219121 -1.235036 -1.560870 -1.590947
 -1.890605 -1.063927 -1.507023 -1.264598
 -1.456113 -1.164308 -1.324650 -1.666936
 -1.308940 -1.212609 -1.466843 -1.600374
 -1.340105 -1.078810 -1.389937 -1.903198
 -1.920471 -1.128026 -1.238374 -1.427385
 -1.420583 -1.382556 -1.367741 -1.375121
 -1.239447 -1.383617 -1.438576 -1.502738
 -1.345934 -1.151034 -1.481275 -1.629405
 -1.716724 -1.373391 -1.172721 -1.356441
 -1.403506 -1.323464 -1.453339 -1.369374
 -1.309921 -1.225364 -1.585907 -1.462113
 -1.199494 -1.155771 -1.624705 -1.677349
 -2.085022 -1.091219 -1.391876 -1.233470
 -1.548813 -1.246533 -1.297499 -1.483750
 -1.338109 -1.322109 -1.445862 -1.445862
 -1.427761 -1.066260 -1.419729 -1.748233
 -1.976570 -1.081006 -1.245683 -1.450478
 -1.392229 -1.416327 -1.345709 -1.392229
 -1.325588 -1.352115 -1.447963 -1.424570
 -1.204522 -1.333355 -1.384648 -1.681141
 -2.071719 -1.183512 -1.189861 -1.333452
 -1.514773 -1.539263 -1.272459 -1.253650
 -1.410509 -1.353350 -1.535672 -1.264797
 -1.242975 -1.209452 -1.464699 -1.703928
 -1.936827 -1.152984 -1.527152 -1.130126
 -1.448330 -1.363989 -1.233219 -1.523053
 -1.150071 -1.340345 -1.598526 -1.516696
 -1.284920 -1.173695 -1.388104 -1.804498
 -1.973442 -1.126145 -1.315386 -1.315386
 -1.323080 -1.520078 -1.336413 -1.377515
 -1.229404 -1.393707 -1.423921 -1.520459
 -1.274177 -1.256159 -1.417278 -1.643924
 -1.679818 -1.073683 -1.346327 -1.552819
 -1.416247 -1.471817 -1.319709 -1.344555
 -1.349253 -1.251192 -1.719000 -1.290413
 -1.297022 -1.131402 -1.495624 -1.714987
 -1.731363 -1.205271 -1.398036 -1.286396
 -1.609438 -1.255421 -1.236959 -1.492639
 -1.413693 -1.297283 -1.464337 -1.377326
 -1.439947 -1.058388 -1.386294 -1.795497
 -1.900562 -1.130029 -1.336033 -1.329518
 -1.380178 -1.597242 -1.236536 -1.364049
 -1.261870 -1.475209 -1.296961 -1.538123
 -1.355372 -1.287235 -1.257734 -1.704748
 -1.799222 -1.257421 -1.169865 -1.428046
 -1.559897 -1.511107 -1.205726 -1.310437
 -1.232389 -1.357552 -1.686056 -1.324762
 -1.265398 -1.214366 -1.341522 -1.835540
 -1.665007 -1.200119 -1.382441 -1.352135
 -1.557281 -1.237339 -1.350667 -1.426829
 -1.466864 -1.203447 -1.473737 -1.426590
 -1.438846 -1.050310 -1.475480 -1.691188
 -1.857387 -1.038736 -1.491453 -1.328128
 -1.356322 -1.667909 -1.280528 -1.287854
 -1.404937 -1.587258 -1.367993 -1.219037
 -1.352513 -1.388104 -1.388104 -1.417518
 -1.768186 -1.194840 -1.410437 -1.263833
 -1.712978 -1.495914 -1.190105 -1.232925
 -1.768440 -1.261879 -1.499550 -1.129951
 -1.586410 -1.348739 -1.095290 -1.602804
 -1.248144 -1.561236 -1.320599 -1.443453
 -15.428941 -0.000001 -15.428941 -15.428941
 -15.557731 -0.000001 -15.557731 -15.557731
 -15.708623 -0.000001 -15.708623 -15.708623
 -15.627073 -0.000001 -15.627073 -15.627073
 -1.386294 -1.386294 -1.386294 -1.386294
 -16.972086 -0.769649 -1.216395 -1.424919
 -1.386294 -1.386294 -1.386294 -1.386294
 -1.386294 -1.386294 -1.386294 -1.386294
 -1.386294 -1.386294 -1.386294 -1.386294
 -16.202436 -16.202436 -16.202436 -0.000000
 -15.755691 -15.755691 -15.755691 -0.000000
 -15.547167 -15.547167 -15.547167 -0.000001
 -1.386294 -1.386294 -1.386294 -1.386294
 -1.386294 -1.386294 -1.386294 -1.386294
 -1.386294 -1.386294 -1.386294 -1.386294
 0.000000 -16.972086 -16.972086 -16.972086
 -16.972086 -16.972086 -0.000000 -16.972086
 -1.386294 -1.386294 -1.386294 -1.386294
 -1.386294 -1.386294 -1.386294 -1.386294
 -1.386294 -1.386294 -1.386294 -1.386294
 -1.386294 -1.386294 -1.386294 -1.386294
 -1.386294 -1.386294 -1.386294 -1.386294
 -1.197889 -1.170071 -1.523420 -1.772784
 -1.386294 -1.386294 -1.386294 -1.386294
 -1.573423 -1.280652 -1.207269 -1.533417
 -1.344650 -1.157952 -1.535428 -1.561236
 -1.378512 -1.207887 -1.663613 -1.347975
 -1.478102 -1.136931 -1.403994 -1.582242
 -1.222699 -1.486283 -1.470535 -1.388091
 -1.242911 -1.685833 -1.213923 -1.473434
 -1.175999 -1.311174 -1.337842 -1.835244
 -1.468258 -1.485065 -1.131786 -1.510818
