 -1.318736 0.000100 0.000100 0.000100
 -1.386294 0.000100 0.000100 0.000100
 -1.588160 0.000100 0.000100 0.000100
 -1.279322 0.000100 0.000100 0.000100
 -1.486642 -1.150171 -1.486642 -1.464663
 -1.131403 -1.791758 -1.642227 -1.148210
 -1.360319 -1.152680 -1.412963 -1.691675
 -1.806357 -1.526056 -0.938270 -1.482571
 -1.310583 -1.174451 -1.598264 -1.518222
 -1.279865 -1.734600 -1.647589 -1.041455
 -1.232862 -1.088613 -1.579732 -1.796796
 -1.609437 -1.364316 -1.132514 -1.504077
 -1.483668 -1.156985 -1.578978 -1.376038
 -1.098613 -1.692386 -1.806796 -1.144422
 -1.152680 -1.209838 -1.707675 -1.586315
 -2.046287 -1.518222 -1.104247 -1.138733
 -1.304616 -1.175999 -1.802454 -1.365241
 -1.304616 -1.770705 -1.869145 -0.905709
 -1.243603 -1.201930 -1.597242 -1.567389
 -1.472862 -1.410987 -1.212137 -1.472862
 -1.200578 -1.366092 -1.694595 -1.346289
 -1.164210 -1.745239 -1.715386 -1.098613
 -1.186805 -1.085710 -1.669656 -1.778855
 -1.431190 -1.685423 -1.032551 -1.516347
 -1.414732 -1.161284 -1.677096 -1.358643
 -1.597943 -1.821086 -1.626930 -0.822559
 -1.104444 -1.255674 -1.650986 -1.650986
 -1.754619 -1.349155 -1.030702 -1.556794
 -1.238659 -1.027350 -2.226042 -1.409284
 -1.568616 -1.568616 -1.791758 -0.875470
 -1.415622 -0.890613 -1.895193 -1.626930
 -1.421386 -1.599633 -1.138819 -1.442005
 -1.353859 -1.160956 -1.836710 -1.312187
 -1.345286 -1.936649 -2.038432 -0.765469
 -1.149165 -1.084627 -2.011386 -1.554629
 -1.431190 -2.027171 -0.928562 -1.451809
 -1.312912 -0.952471 -2.105148 -1.499014
 -1.761545 -2.098016 -2.149308 -0.529403
 -1.206099 -0.913112 -2.011721 -1.798148
 -1.364507 -1.493124 -1.134491 -1.618287
 -1.182696 -0.949081 -2.134702 -1.670398
 -1.633535 -1.881370 -2.169051 -0.619721
 -1.091340 -0.912649 -2.029607 -2.029607
 -1.308807 -1.825497 -1.008053 -1.590658
 -1.295972 -0.749429 -2.595250 -1.719785
 -1.501490 -2.043813 -2.429473 -0.580560
 -0.997517 -0.905710 -2.115544 -2.240706
 -1.558144 -1.678772 -0.911518 -1.604664
 -1.260525 -0.825208 -2.869956 -1.506658
 -1.737692 -1.941290 -1.737692 -0.683932
 -0.883017 -1.335001 -1.945908 -1.712294
 -1.639743 -1.314321 -1.128918 -1.542104
 -1.223776 -0.927044 -2.833206 -1.380961
 -1.472862 -1.857273 -1.609437 -0.880359
 -0.939106 -1.393842 -1.945908 -1.523053
 -1.363720 -1.700192 -1.112406 -1.457246
 -1.172721 -1.043043 -2.256063 -1.455287
 -1.144335 -1.690877 -1.721649 -1.144335
 -1.031020 -1.249273 -2.129628 -1.436484
 -1.890849 -1.745667 -0.974560 -1.213452
 -1.451809 -0.790411 -2.432635 -1.494368
 -1.250064 -1.288530 -1.786368 -1.308333
 -1.188639 -1.303708 -1.520772 -1.583292
 -2.094328 -1.270155 -1.202332 -1.218862
 -1.563975 -0.843430 -2.151760 -1.409825
 -1.394593 -1.345803 -1.682275 -1.184873
 -1.466337 -1.225175 -1.630639 -1.273965
 -2.523054 -1.223776 -0.997003 -1.359908
 -1.358896 -1.208614 -1.878769 -1.232144
 -1.412270 -1.466337 -1.563501 -1.151256
 -1.398717 -1.532248 -1.398717 -1.237449
 -2.373678 -1.275069 -1.128466 -1.190986
 -1.246249 -1.475090 -2.140063 -1.005087
 -1.604160 -1.164210 -1.480547 -1.349927
 -1.369487 -1.133099 -1.918052 -1.284330
 -2.420365 -1.196593 -1.098613 -1.288966
 -1.098613 -1.406914 -2.351371 -1.119232
 -1.311534 -1.604882 -1.517870 -1.169564
 -1.374024 -1.326396 -1.504077 -1.349927
 -2.197222 -1.216396 -1.084819 -1.367945
 -1.515705 -1.110241 -2.062247 -1.127940
 -1.424446 -1.359908 -1.424446 -1.339288
 -1.558144 -1.209838 -1.615302 -1.229641
 -2.416850 -0.991845 -1.318241 -1.300849
 -0.596522 -0.956963 -2.730021 -14.137597
 -0.732199 -1.316451 -1.382048 -14.669928
 -0.919461 -0.985058 -1.479076 -14.272938
 -1.960093 -0.828694 -0.861483 -14.571634
 -0.000001 -14.852249 -14.852249 -14.852249
 -0.000001 -14.801329 -14.801329 -14.801329
 -0.000002 -14.478201 -14.478201 -14.478201
 -1.386294 -1.386294 -1.386294 -1.386294
 -15.822382 -15.822382 -15.822382 -0.000000
 -1.386294 -1.386294 -1.386294 -1.386294
 -1.386294 -1.386294 -1.386294 -1.386294
 -1.386294 -1.386294 -1.386294 -1.386294
 -1.386294 -1.386294 -1.386294 -1.386294
 -1.386294 -1.386294 -1.386294 -1.386294
 -1.386294 -1.386294 -1.386294 -1.386294
 -0.000000 -15.822382 -15.822382 -15.822382
 -15.822382 -15.822382 -0.000000 -15.822382
 -1.386294 -1.386294 -1.386294 -1.386294
 -1.386294 -1.386294 -1.386294 -1.386294
 -1.386294 -1.386294 -1.386294 -1.386294
 -1.386294 -1.386294 -1.386294 -1.386294
 -1.386294 -1.386294 -1.386294 -1.386294
 -1.386294 -1.435891 -1.090580 -1.736843
 -1.386294 -1.386294 -1.386294 -1.386294
 -1.893541 -1.114873 -1.588160 -1.148210
 -1.414950 -1.224906 -1.808853 -1.205858
 -1.394327 -1.090644 -1.995099 -1.272966
 -1.930756 -0.943373 -1.291679 -1.656321
 -1.053589 -1.386294 -2.079439 -1.286211
 -1.182696 -1.402555 -1.621608 -1.386294
 -1.158781 -1.393620 -1.282395 -1.828937
 -2.624664 -0.988914 -1.461518 -1.128027
 -1.462822 0.000100 0.000100 0.000100
 -1.321964 0.000100 0.000100 0.000100
 -1.281101 0.000100 0.000100 0.000100
 -1.495772 0.000100 0.000100 0.000100
 -1.457175 -1.426716 -1.231972 -1.446919
 -1.168798 -1.485994 -1.467728 -1.458719
 -1.154182 -1.460017 -1.330806 -1.670313
 -1.809282 -1.293921 -1.254004 -1.284912
 -1.424281 -1.464918 -1.380984 -1.284134
 -1.287854 -1.435774 -1.440617 -1.388596
 -1.244447 -1.308020 -1.388384 -1.649912
 -2.020945 -1.149272 -1.369568 -1.216094
 -1.363091 -1.474587 -1.226126 -1.505839
 -1.291561 -1.246441 -1.440596 -1.605218
 -1.280037 -1.280037 -1.351048 -1.687521
 -2.065210 -1.133389 -1.211720 -1.372063
 -1.262321 -1.646995 -1.314057 -1.363954
 -1.207621 -1.534833 -1.381341 -1.450899
 -1.222955 -1.269309 -1.310283 -1.865157
 -1.880887 -1.222226 -1.213493 -1.363305
 -1.407708 -1.336697 -1.438480 -1.365329
 -1.304594 -1.438723 -1.477753 -1.334320
 -1.098612 -1.277237 -1.485728 -1.823110
 -1.897120 -1.183354 -1.313974 -1.290984
 -1.406185 -1.424203 -1.241882 -1.489954
 -1.335207 -1.296888 -1.370996 -1.562264
 -1.310195 -1.227503 -1.340832 -1.739652
 -1.941215 -1.329136 -1.103329 -1.347074
 -1.245595 -1.638637 -1.310133 -1.393515
 -1.172960 -1.389414 -1.485558 -1.537335
 -1.252272 -1.361075 -1.376519 -1.583261
 -1.699010 -1.277360 -1.272783 -1.353587
 -1.407085 -1.419770 -1.284644 -1.441276
 -1.382895 -1.312997 -1.502943 -1.356108
 -1.109553 -1.309857 -1.438791 -1.812651
 -1.895101 -1.238920 -1.222322 -1.326312
 -1.420741 -1.524027 -1.173589 -1.463707
 -1.324628 -1.389428 -1.336462 -1.504599
 -1.297485 -1.309413 -1.232452 -1.800436
 -1.864564 -1.257009 -1.163635 -1.393585
 -1.311514 -1.462033 -1.298499 -1.487741
 -1.140935 -1.441210 -1.445829 -1.568834
 -1.185796 -1.350876 -1.339947 -1.750861
 -1.771350 -1.269658 -1.203114 -1.391462
 -1.441045 -1.471817 -1.223980 -1.428141
 -1.382985 -1.378589 -1.519668 -1.278506
 -1.156693 -1.350375 -1.550597 -1.540793
 -1.844510 -1.238374 -1.328697 -1.247507
 -1.349439 -1.569299 -1.191536 -1.475480
 -1.267546 -1.501364 -1.319042 -1.477266
 -1.237138 -1.356375 -1.248834 -1.799664
 -1.944810 -1.163371 -1.166898 -1.455759
 -1.232960 -1.537782 -1.297760 -1.511534
 -1.216257 -1.515238 -1.339674 -1.505188
 -1.176754 -1.351695 -1.444069 -1.624779
 -1.655958 -1.388895 -1.203973 -1.348073
 -1.391342 -1.387302 -1.336210 -1.432671
 -1.369958 -1.351609 -1.436969 -1.388650
 -1.296143 -1.215217 -1.422584 -1.667707
 -1.794262 -1.199815 -1.313974 -1.332754
 -1.588652 -1.470234 -1.151319 -1.387462
 -1.366334 -1.382270 -1.362389 -1.435891
 -1.326447 -1.281815 -1.273910 -1.729840
 -1.798928 -1.188225 -1.196068 -1.481128
 -1.314665 -1.524078 -1.291885 -1.431872
 -1.211689 -1.504077 -1.371726 -1.485385
 -1.197219 -1.284231 -1.319822 -1.871318
 -1.710375 -1.393804 -1.114955 -1.414109
 -1.367679 -1.457676 -1.281352 -1.448747
 -1.364764 -1.415349 -1.373773 -1.392038
 -1.193723 -1.293980 -1.393298 -1.745965
 -1.833237 -1.164987 -1.261980 -1.406149
 -1.537091 -1.326527 -1.322316 -1.374052
 -1.233954 -1.286010 -1.497768 -1.566087
 -1.403244 -1.313388 -1.278835 -1.575361
 -1.806797 -1.247182 -1.176171 -1.426909
 -1.369647 -1.638637 -1.323556 -1.253963
 -1.227230 -1.605389 -1.368203 -1.380228
 -1.183078 -1.348593 -1.436331 -1.628306
 -1.725226 -1.326682 -1.184507 -1.383840
 -1.693651 -1.309609 -1.123358 -1.509405
 -1.453905 -1.433391 -1.278516 -1.388719
 -1.397928 -1.237113 -1.248042 -1.739520
 -1.858804 -1.273453 -1.081692 -1.490518
 -1.178994 -1.152905 -0.976323 -15.814284
 -1.274582 -1.234937 -0.844903 -16.090725
 -1.228665 -1.090515 -0.990816 -16.219749
 -1.813824 -0.988130 -0.766367 -15.868352
 -0.000000 -16.066803 -16.066803 -16.066803
 -0.000000 -16.281914 -16.281914 -16.281914
 -0.000000 -16.502678 -16.502678 -16.502678
 -1.386294 -1.386294 -1.386294 -1.386294
 -17.398195 -17.398195 -17.398195 -0.000000
 -1.386294 -1.386294 -1.386294 -1.386294
 -1.386294 -1.386294 -1.386294 -1.386294
 -1.386294 -1.386294 -1.386294 -1.386294
 -1.386294 -1.386294 -1.386294 -1.386294
 -1.386294 -1.386294 -1.386294 -1.386294
 -1.386294 -1.386294 -1.386294 -1.386294
 0.000000 -17.398195 -17.398195 -17.398195
 -17.398195 -17.398195 -0.000000 -17.398195
 -1.386294 -1.386294 -1.386294 -1.386294
 -1.386294 -1.386294 -1.386294 -1.386294
 -1.386294 -1.386294 -1.386294 -1.386294
 -1.386294 -1.386294 -1.386294 -1.386294
 -1.386294 -1.386294 -1.386294 -1.386294
 -1.105307 -1.113739 -1.600305 -1.975249
 -1.386294 -1.386294 -1.386294 -1.386294
 -1.426557 -1.283456 -1.301805 -1.557096
 -1.176963 -1.344017 -1.450099 -1.627379
 -1.207653 -1.203055 -1.411400 -1.851351
 -1.476408 -1.100618 -1.278132 -1.830579
 -1.347309 -1.662826 -1.211819 -1.375144
 -1.183314 -1.703770 -1.305499 -1.424185
 -1.151227 -1.464521 -1.311719 -1.697143
 -1.364380 -1.461425 -1.249813 -1.487233
