 -1.287664 0.000100 0.000100 0.000100
 -1.265805 0.000100 0.000100 0.000100
 -1.537401 0.000100 0.000100 0.000100
 -1.482214 0.000100 0.000100 0.000100
 -1.266672 -1.191164 -1.534935 -1.614977
 -1.142819 -1.665007 -1.723847 -1.159913
 -1.098613 -1.235188 -1.690662 -1.652922
 -1.912902 -1.366360 -1.153799 -1.266277
 -1.255560 -1.217094 -1.721649 -1.426186
 -1.345709 -1.762602 -1.664162 -0.971016
 -1.365816 -0.882390 -1.644529 -1.980999
 -1.597242 -1.404871 -1.201930 -1.380178
 -1.321756 -1.116962 -1.550597 -1.640209
 -1.196674 -1.707498 -1.836710 -1.029620
 -1.211091 -1.077560 -1.729883 -1.690662
 -1.828126 -1.211941 -1.029620 -1.689976
 -1.540445 -1.153673 -1.568615 -1.339774
 -1.250064 -1.786368 -1.723847 -1.000849
 -0.943504 -1.197284 -2.059505 -1.708108
 -1.602965 -1.453434 -1.066661 -1.510592
 -1.420583 -0.962277 -1.885945 -1.492904
 -1.299283 -1.773740 -1.970449 -0.871840
 -1.157453 -1.049823 -1.897118 -1.683545
 -1.719303 -1.202048 -1.202048 -1.515705
 -1.380178 -1.033308 -1.692552 -1.567389
 -1.476541 -1.849215 -1.849215 -0.783395
 -1.123306 -1.050985 -1.867743 -1.767660
 -1.464412 -1.857453 -0.890613 -1.597943
 -1.104655 -1.141696 -1.893110 -1.615480
 -1.736699 -1.736699 -1.736699 -0.751417
 -1.167133 -0.842894 -1.881784 -2.244688
 -1.364316 -1.825660 -1.049823 -1.455287
 -1.219241 -0.826680 -2.079439 -1.951607
 -1.638425 -2.169051 -1.763587 -0.653928
 -0.983231 -1.002649 -2.449562 -1.756419
 -1.398416 -1.398416 -1.160745 -1.646251
 -1.236142 -1.028503 -1.786187 -1.690877
 -1.604160 -1.745239 -1.983649 -0.719959
 -1.319603 -0.924950 -1.809149 -1.757856
 -1.340832 -1.650986 -1.004360 -1.713506
 -1.017644 -0.849309 -2.339395 -2.167546
 -1.673976 -1.673976 -1.951607 -0.727834
 -1.035434 -1.120592 -2.036879 -1.669156
 -1.181500 -1.673976 -1.238659 -1.532897
 -1.270782 -0.859275 -2.505522 -1.540445
 -1.375365 -1.648658 -1.802808 -0.941328
 -1.036920 -0.893819 -2.215569 -2.061419
 -1.273817 -1.460402 -1.460402 -1.362764
 -1.299283 -0.776762 -2.523054 -1.675760
 -1.501605 -1.724748 -2.012429 -0.764974
 -1.019364 -1.173514 -1.935651 -1.684338
 -1.670062 -1.351609 -1.184555 -1.398129
 -1.123459 -1.086418 -2.321158 -1.430188
 -1.270782 -1.493925 -1.945909 -1.044009
 -1.155771 -1.349927 -1.737691 -1.386294
 -1.504077 -1.435084 -1.349927 -1.271455
 -1.025282 -1.025282 -2.442343 -1.631416
 -1.255674 -1.158511 -1.969439 -1.340832
 -1.029621 -1.163152 -2.079438 -1.583004
 -1.710081 -1.142098 -1.547562 -1.247458
 -1.130874 -1.037055 -2.246012 -1.528175
 -1.310195 -1.520490 -1.345286 -1.381654
 -1.285199 -1.407801 -1.835242 -1.142098
 -2.664693 -1.301395 -1.150573 -1.073612
 -1.243194 -1.158036 -2.564944 -1.137833
 -1.018570 -1.455287 -1.860751 -1.386294
 -1.235188 -0.997517 -1.904236 -1.652922
 -2.142861 -1.126943 -1.549799 -1.060252
 -1.363305 -1.069958 -2.314278 -1.196251
 -1.542104 -1.012846 -1.665718 -1.453157
 -1.650680 -0.810932 -2.110209 -1.417066
 -2.381719 -0.995429 -1.263692 -1.364788
 -0.962038 -1.516347 -2.039593 -1.315677
 -1.338285 -1.386294 -1.526876 -1.307514
 -1.483286 -1.065552 -1.834683 -1.313388
 -2.650886 -1.203973 -1.075356 -1.243978
 -1.098613 -1.609437 -2.177419 -1.040344
 -1.582039 -1.529395 -1.609437 -0.973450
 -1.294727 -1.372689 -1.848111 -1.154966
 -2.014901 -1.364316 -1.203973 -1.167606
 -14.227623 -0.000002 -14.227623 -14.227623
 -14.234223 -0.000002 -14.234223 -14.234223
 -14.077878 -0.000002 -14.077878 -14.077878
 -14.617514 -0.000001 -14.617514 -14.617514
 -1.386294 -1.386294 -1.386294 -1.386294
 -0.952771 -1.462280 -1.964372 -1.417257
 -1.386294 -1.386294 -1.386294 -1.386294
 -1.386294 -1.386294 -1.386294 -1.386294
 -0.000001 -14.743731 -14.743731 -14.743731
 -0.000002 -14.234223 -14.234223 -14.234223
 -0.000003 -13.732133 -13.732133 -13.732133
 -0.000002 -14.279247 -14.279247 -14.279247
 -15.696502 -0.000001 -15.696502 -15.696502
 -1.386294 -1.386294 -1.386294 -1.386294
 -1.386294 -1.386294 -1.386294 -1.386294
 -1.386294 -1.386294 -1.386294 -1.386294
 -1.386294 -1.386294 -1.386294 -1.386294
 -0.000001 -15.696502 -15.696502 -15.696502
 -1.386294 -1.386294 -1.386294 -1.386294
 -1.386294 -1.386294 -1.386294 -1.386294
 -15.696502 -15.696502 -0.000000 -15.696502
 -1.386294 -1.386294 -1.386294 -1.386294
 -1.386294 -1.386294 -1.386294 -1.386294
 -1.386294 -1.386294 -1.386294 -1.386294
 -1.386294 -1.386294 -1.386294 -1.386294
 -1.386294 -1.386294 -1.386294 -1.386294
 -1.244414 -1.172955 -1.417257 -1.832200
 -1.386294 -1.386294 -1.386294 -1.386294
 -1.658227 -1.252763 -1.528175 -1.181304
 -1.463058 -1.324222 -1.599633 -1.202332
 -1.307704 -1.331235 -2.024379 -1.098613
 -1.945907 -0.741939 -1.709520 -1.609437
 -0.997517 -1.120119 -2.646168 -1.452252
 -1.139435 -1.386294 -1.560647 -1.514127
 -1.193104 -1.115142 -1.471816 -1.970805
 -1.625103 -1.151817 -1.370870 -1.456028
 -1.306236 0.000100 0.000100 0.000100
 -1.248097 0.000100 0.000100 0.000100
 -1.330315 0.000100 0.000100 0.000100
 -1.727559 0.000100 0.000100 0.000100
 -1.303128 -1.461998 -1.278022 -1.523450
 -1.355632 -1.364095 -1.471661 -1.358445
 -1.151894 -1.197703 -1.535218 -1.791759
 -2.032602 -0.919219 -1.457797 -1.437895
 -1.650294 -1.093722 -1.141172 -1.873437
 -1.452186 -1.109541 -1.412728 -1.646342
 -1.470393 -0.923253 -1.462874 -1.956372
 -2.206757 -0.885002 -1.243320 -1.667043
 -1.376755 -1.331387 -1.268866 -1.597791
 -1.110630 -1.412809 -1.403507 -1.706741
 -1.330849 -1.202433 -1.288047 -1.835861
 -2.140066 -1.034534 -1.186962 -1.505917
 -1.271260 -1.388688 -1.271260 -1.662620
 -1.362970 -1.306933 -1.518562 -1.368750
 -1.267063 -1.090206 -1.530517 -1.797146
 -2.011564 -0.984925 -1.352319 -1.451948
 -1.703063 -1.069528 -1.203411 -1.745623
 -1.473243 -1.095177 -1.432061 -1.621903
 -1.586487 -0.832222 -1.529329 -1.940764
 -2.373420 -0.907902 -1.206288 -1.588839
 -1.330019 -1.312997 -1.369412 -1.549949
 -1.233569 -1.333452 -1.354684 -1.675824
 -1.307538 -1.155069 -1.358831 -1.848216
 -1.913008 -1.012466 -1.348939 -1.471734
 -1.347136 -1.408545 -1.292245 -1.510209
 -1.369581 -1.323689 -1.486673 -1.372347
 -1.263319 -1.109985 -1.497235 -1.808046
 -1.936196 -1.067644 -1.384127 -1.341748
 -1.717283 -1.090910 -1.213179 -1.675122
 -1.460183 -1.067064 -1.438938 -1.678736
 -1.467480 -0.913723 -1.517014 -1.903136
 -2.562164 -0.792742 -1.349794 -1.556056
 -1.358499 -1.431259 -1.246581 -1.530350
 -1.164135 -1.400057 -1.400057 -1.636594
 -1.308662 -1.066195 -1.438715 -1.908719
 -2.053669 -1.003405 -1.251629 -1.518367
 -1.342123 -1.422423 -1.262080 -1.539370
 -1.299046 -1.355436 -1.426998 -1.472529
 -1.195449 -1.269761 -1.461267 -1.689614
 -1.920185 -1.002414 -1.344821 -1.487922
 -1.680836 -1.049002 -1.208632 -1.802481
 -1.500009 -1.052261 -1.435678 -1.661941
 -1.598812 -0.871696 -1.437717 -1.950852
 -2.479075 -0.830865 -1.266996 -1.615303
 -1.267995 -1.367861 -1.327587 -1.615269
 -1.155200 -1.398232 -1.424782 -1.622467
 -1.289043 -1.108159 -1.424217 -1.873387
 -2.025753 -1.035874 -1.204773 -1.544450
 -1.204492 -1.522946 -1.257838 -1.620401
 -1.276054 -1.299523 -1.529949 -1.462507
 -1.124181 -1.188886 -1.556314 -1.835027
 -1.885091 -1.056603 -1.374266 -1.396245
 -1.718197 -1.025050 -1.211636 -1.807144
 -1.490091 -1.086821 -1.401984 -1.654159
 -1.699997 -0.835250 -1.413501 -1.964259
 -2.270021 -0.773524 -1.317502 -1.786757
 -1.392173 -1.401652 -1.235331 -1.539273
 -1.101267 -1.446389 -1.364269 -1.734071
 -1.288839 -1.172963 -1.419924 -1.753145
 -1.986628 -1.096122 -1.249029 -1.419250
 -1.237105 -1.475618 -1.231814 -1.664018
 -1.315124 -1.491233 -1.429019 -1.320806
 -1.080622 -1.244510 -1.495433 -1.907965
 -1.785328 -1.128074 -1.309732 -1.432507
 -1.714292 -0.926602 -1.478570 -1.629393
 -1.485584 -1.004675 -1.535954 -1.649135
 -1.564880 -0.784235 -1.604568 -2.014090
 -2.178532 -0.704131 -1.476652 -1.808785
 -1.313948 -1.629800 -1.261197 -1.378486
 -1.081609 -1.487797 -1.375088 -1.702301
 -1.445251 -1.152521 -1.334238 -1.686781
 -2.176925 -1.057260 -1.167261 -1.478473
 -1.365306 -1.831012 -1.073786 -1.415790
 -1.434447 -1.601501 -1.492984 -1.092258
 -1.278022 -1.340542 -1.364282 -1.588928
 -1.645805 -1.350218 -1.386294 -1.210799
 -16.280214 -0.000000 -16.280214 -16.280214
 -16.168789 -0.000000 -16.168789 -16.168789
 -16.376606 -0.000000 -16.376606 -16.376606
 -16.371187 -0.000000 -16.371187 -16.371187
 -1.386294 -1.386294 -1.386294 -1.386294
 -1.092189 -1.676265 -1.146945 -1.833569
 -1.386294 -1.386294 -1.386294 -1.386294
 -1.386294 -1.386294 -1.386294 -1.386294
 -0.000000 -16.596811 -16.596811 -16.596811
 -0.000000 -16.012735 -16.012735 -16.012735
 -0.000000 -16.542055 -16.542055 -16.542055
 -0.000000 -15.855432 -15.855432 -15.855432
 -17.689001 0.000000 -17.689001 -17.689001
 -1.386294 -1.386294 -1.386294 -1.386294
 -1.386294 -1.386294 -1.386294 -1.386294
 -1.386294 -1.386294 -1.386294 -1.386294
 -1.386294 -1.386294 -1.386294 -1.386294
 0.000000 -17.689001 -17.689001 -17.689001
 -1.386294 -1.386294 -1.386294 -1.386294
 -1.386294 -1.386294 -1.386294 -1.386294
 -17.689001 -17.689001 0.000000 -17.689001
 -1.386294 -1.386294 -1.386294 -1.386294
 -1.386294 -1.386294 -1.386294 -1.386294
 -1.386294 -1.386294 -1.386294 -1.386294
 -1.386294 -1.386294 -1.386294 -1.386294
 -1.386294 -1.386294 -1.386294 -1.386294
 -1.651031 -0.663453 -1.703294 -2.198264
 -1.386294 -1.386294 -1.386294 -1.386294
 -1.452351 -1.185722 -1.221827 -1.797191
 -1.179260 -1.352178 -1.414950 -1.656112
 -1.226290 -1.042025 -1.576869 -1.915553
 -1.780586 -0.919104 -1.360415 -1.737101
 -1.281085 -1.671715 -1.153686 -1.519287
 -1.240383 -1.504423 -1.373231 -1.446919
 -1.164494 -1.287330 -1.416961 -1.775120
 -1.923777 -1.102152 -1.411340 -1.280227
