 -1.448426 0.000100 0.000100 0.000100
 -1.305325 0.000100 0.000100 0.000100
 -1.320251 0.000100 0.000100 0.000100
 -1.483212 0.000100 0.000100 0.000100
 -1.235814 -1.466337 -1.296438 -1.584119
 -1.267689 -1.814231 -1.439539 -1.144075
 -1.226788 -1.176778 -1.424613 -1.845825
 -1.782947 -1.395183 -0.966189 -1.591893
 -1.401798 -1.609437 -1.466337 -1.129866
 -1.274177 -1.551808 -1.592630 -1.187166
 -1.196805 -1.196805 -1.437966 -1.843430
 -1.876315 -1.243795 -1.098613 -1.490654
 -1.601405 -1.036093 -1.452986 -1.562184
 -1.331806 -1.394326 -1.832580 -1.114743
 -1.236763 -1.131403 -1.524444 -1.775758
 -1.496109 -1.532476 -0.936495 -1.783790
 -1.508184 -1.166435 -1.970805 -1.115142
 -1.171638 -1.659989 -1.911303 -1.043805
 -1.362578 -1.090645 -1.394326 -1.832580
 -1.746907 -1.600305 -1.164988 -1.164988
 -1.248673 -1.166435 -1.545924 -1.668526
 -1.425825 -1.724317 -1.815288 -0.870830
 -1.079382 -1.200742 -1.926676 -1.543686
 -1.535826 -1.711716 -1.057791 -1.358896
 -1.299283 -1.515506 -1.704747 -1.121603
 -1.679641 -1.512588 -1.826244 -0.838860
 -1.422662 -1.221992 -1.499623 -1.422662
 -1.223776 -1.580450 -1.041455 -1.916921
 -1.067114 -0.999673 -2.343402 -1.650259
 -1.575536 -1.863216 -1.575536 -0.841569
 -1.015922 -1.386294 -1.709067 -1.575536
 -1.581463 -1.770705 -0.978469 -1.393412
 -1.371906 -0.995429 -1.708377 -1.631416
 -1.504077 -1.989582 -1.817733 -0.736824
 -1.234745 -0.893819 -1.927889 -1.867265
 -1.594512 -1.845825 -1.061709 -1.226788
 -1.321756 -0.895673 -2.708041 -1.353505
 -1.894615 -2.251288 -1.799305 -0.546545
 -1.079921 -0.974561 -2.178528 -1.773066
 -1.408113 -1.889950 -1.042655 -1.379126
 -1.436725 -0.891999 -2.319109 -1.370034
 -1.601405 -1.929907 -2.181220 -0.615591
 -0.955513 -1.076874 -1.945907 -2.025949
 -1.443818 -1.749199 -1.111113 -1.343735
 -1.288839 -0.932165 -2.541595 -1.378451
 -1.799663 -2.071595 -2.010971 -0.553729
 -0.832911 -1.189585 -2.036878 -2.036878
 -1.310309 -1.691675 -1.173733 -1.440361
 -1.364633 -0.730328 -2.722748 -1.624143
 -1.277661 -2.239067 -2.031430 -0.726485
 -0.693150 -1.318853 -2.374898 -1.969437
 -1.504077 -1.533930 -1.201797 -1.341559
 -1.320045 -0.764100 -3.037685 -1.517870
 -1.267689 -1.504077 -1.647177 -1.191703
 -0.872942 -1.324926 -2.423528 -1.479076
 -1.430746 -1.708377 -1.289668 -1.189585
 -1.595548 -0.803963 -2.564943 -1.299283
 -1.535826 -1.332227 -1.535826 -1.185624
 -1.060873 -1.360977 -2.277260 -1.221215
 -1.894615 -1.201470 -1.456362 -1.152680
 -1.271632 -0.959258 -2.370237 -1.414732
 -1.280934 -1.398717 -1.653608 -1.258955
 -1.216396 -1.561235 -1.450010 -1.349927
 -1.819157 -1.333651 -1.359626 -1.147065
 -1.123306 -1.201267 -1.978968 -1.444888
 -1.393620 -1.552685 -1.784485 -0.988156
 -1.326871 -1.252763 -1.449473 -1.540444
 -2.376688 -1.113002 -1.415282 -1.091496
 -1.230881 -1.326191 -2.329487 -1.063827
 -1.475906 -1.278081 -1.415282 -1.386294
 -1.630271 -1.173514 -1.355835 -1.439216
 -2.599311 -1.126012 -1.333651 -1.085190
 -1.418383 -1.186582 -1.914817 -1.186582
 -1.589235 -1.001449 -1.732335 -1.379515
 -2.052287 -1.107830 -1.600305 -1.080431
 -2.157216 -1.001449 -1.524696 -1.206243
 -0.904458 -1.597602 -2.639045 -1.134981
 -1.241269 -1.719303 -1.626930 -1.092849
 -1.247458 -1.285199 -1.835242 -1.285199
 -1.994698 -1.252763 -1.229233 -1.252763
 -14.085541 -14.085541 -14.085541 -0.000002
 -13.963934 -13.963934 -13.963934 -0.000003
 -13.795312 -13.795312 -13.795312 -0.000003
 -14.240781 -14.240781 -14.240781 -0.000002
 -1.386294 -1.386294 -1.386294 -1.386294
 -1.386294 -1.386294 -1.386294 -1.386294
 -1.386294 -1.386294 -1.386294 -1.386294
 -1.991092 -0.922333 -1.414809 -1.501070
 -0.000004 -13.429854 -13.429854 -13.429854
 -0.000002 -14.498610 -14.498610 -14.498610
 -0.000002 -14.006134 -14.006134 -14.006134
 -0.000003 -13.919874 -13.919874 -13.919874
 -15.420941 -0.000001 -15.420941 -15.420941
 -1.386294 -1.386294 -1.386294 -1.386294
 -1.386294 -1.386294 -1.386294 -1.386294
 -1.386294 -1.386294 -1.386294 -1.386294
 -1.386294 -1.386294 -1.386294 -1.386294
 -0.000001 -15.420941 -15.420941 -15.420941
 -1.386294 -1.386294 -1.386294 -1.386294
 -1.386294 -1.386294 -1.386294 -1.386294
 -15.420941 -15.420941 -0.000001 -15.420941
 -1.386294 -1.386294 -1.386294 -1.386294
 -1.386294 -1.386294 -1.386294 -1.386294
 -1.386294 -1.386294 -1.386294 -1.386294
 -1.386294 -1.386294 -1.386294 -1.386294
 -1.386294 -1.386294 -1.386294 -1.386294
 -1.297945 -1.501070 -1.057309 -1.853891
 -1.386294 -1.386294 -1.386294 -1.386294
 -1.580450 -1.174986 -1.616817 -1.249094
 -1.451433 -1.413693 -1.574035 -1.154183
 -1.261472 -1.026158 -1.934414 -1.542373
 -2.277260 -0.955513 -1.360977 -1.360977
 -1.098613 -1.531476 -1.936939 -1.183170
 -1.297215 -1.092421 -1.526056 -1.749199
 -1.558144 -1.027518 -1.375823 -1.720662
 -2.310243 -1.161626 -1.348837 -1.113998
 -1.483107 0.000100 0.000100 0.000100
 -1.172822 0.000100 0.000100 0.000100
 -1.374444 0.000100 0.000100 0.000100
 -1.557814 0.000100 0.000100 0.000100
 -1.374689 -1.329568 -1.398036 -1.446433
 -1.195922 -1.489913 -1.405013 -1.483604
 -1.251019 -1.275712 -1.313933 -1.797008
 -2.024381 -1.092343 -1.292319 -1.355332
 -1.402238 -1.313442 -1.190589 -1.709151
 -1.402715 -1.255209 -1.514720 -1.389557
 -1.435427 -1.160415 -1.386294 -1.616311
 -1.841152 -1.092606 -1.390318 -1.358570
 -1.428427 -1.364914 -1.276621 -1.487516
 -1.246148 -1.251289 -1.495267 -1.599166
 -1.241580 -1.117827 -1.410814 -1.965124
 -2.137070 -1.032825 -1.164752 -1.541779
 -1.273229 -1.552177 -1.348349 -1.391834
 -1.390645 -1.356356 -1.280645 -1.534193
 -1.228525 -1.205666 -1.433056 -1.776645
 -2.079441 -1.103168 -1.258461 -1.350576
 -1.400893 -1.232144 -1.309602 -1.650109
 -1.287449 -1.293348 -1.474487 -1.510592
 -1.345406 -1.112058 -1.432417 -1.760532
 -2.067465 -1.092606 -1.343066 -1.283347
 -1.590569 -1.343417 -1.121735 -1.562918
 -1.406674 -1.290199 -1.383417 -1.473568
 -1.302842 -1.245683 -1.370435 -1.679319
 -2.228772 -1.068029 -1.267362 -1.320204
 -1.450556 -1.349630 -1.215100 -1.562823
 -1.197894 -1.410987 -1.374173 -1.603359
 -1.271364 -1.189126 -1.379905 -1.811177
 -1.863881 -1.108603 -1.216644 -1.520110
 -1.452252 -1.291629 -1.386294 -1.422399
 -1.500185 -1.195171 -1.413173 -1.465817
 -1.262567 -1.185180 -1.472862 -1.703123
 -2.247926 -1.010478 -1.285890 -1.370686
 -1.524444 -1.279322 -1.243731 -1.533747
 -1.345644 -1.297377 -1.362265 -1.559218
 -1.260817 -1.273475 -1.366876 -1.704748
 -2.042793 -1.079157 -1.157274 -1.531967
 -1.253734 -1.525668 -1.302524 -1.490577
 -1.212609 -1.513990 -1.292227 -1.570742
 -1.100214 -1.301953 -1.461018 -1.812778
 -1.895690 -1.087940 -1.231531 -1.509456
 -1.414051 -1.283837 -1.440898 -1.414051
 -1.313655 -1.210846 -1.633702 -1.435427
 -1.344012 -1.147984 -1.382978 -1.765528
 -2.015995 -1.185227 -1.229030 -1.314685
 -1.436987 -1.360026 -1.165435 -1.640328
 -1.180133 -1.364380 -1.500391 -1.540937
 -1.312186 -1.178655 -1.382638 -1.759324
 -1.969440 -1.020360 -1.228827 -1.573278
 -1.551374 -1.386294 -1.189584 -1.453736
 -1.217151 -1.377272 -1.401515 -1.582610
 -1.220134 -1.192431 -1.446090 -1.796747
 -2.115808 -1.080913 -1.342619 -1.276480
 -1.373532 -1.373532 -1.330973 -1.472472
 -1.361602 -1.319805 -1.319805 -1.563628
 -1.343170 -1.226831 -1.410309 -1.600999
 -2.004750 -1.064507 -1.231561 -1.475906
 -1.345013 -1.390133 -1.330414 -1.486983
 -1.242068 -1.231486 -1.488077 -1.642228
 -1.325084 -1.246966 -1.300391 -1.746297
 -1.945910 -1.012622 -1.252763 -1.569432
 -1.382691 -1.419325 -1.286727 -1.465134
 -1.315812 -1.343983 -1.332619 -1.574295
 -1.207942 -1.230932 -1.503229 -1.677945
 -1.742019 -1.259437 -1.259437 -1.357877
 -1.462280 -1.290034 -1.341994 -1.462280
 -1.407872 -1.098612 -1.693319 -1.435085
 -1.436784 -1.050550 -1.443952 -1.734035
 -1.883021 -1.119105 -1.251749 -1.446919
 -1.508110 -1.372308 -1.165165 -1.545151
 -1.402915 -1.252763 -1.579666 -1.338028
 -1.311659 -1.207670 -1.420069 -1.660537
 -1.828573 -0.990245 -1.254773 -1.699740
 -1.490577 -1.194311 -1.599776 -1.309693
 -1.103027 -1.370271 -1.869601 -1.347413
 -1.389761 -0.854243 -1.668226 -1.990125
 -1.826996 -1.031658 -1.707807 -1.199232
 -15.547167 -15.547167 -15.547167 -0.000001
 -15.830414 -15.830414 -15.830414 -0.000000
 -15.219154 -15.219154 -15.219154 -0.000001
 -15.507450 -15.507450 -15.507450 -0.000001
 -1.386294 -1.386294 -1.386294 -1.386294
 -1.386294 -1.386294 -1.386294 -1.386294
 -1.386294 -1.386294 -1.386294 -1.386294
 -1.991989 -0.960291 -1.121386 -1.864544
 -0.000001 -14.943683 -14.943683 -14.943683
 -0.000000 -15.975380 -15.975380 -15.975380
 -0.000000 -15.814285 -15.814285 -15.814285
 -0.000001 -15.071128 -15.071128 -15.071128
 -16.935671 0.000000 -16.935671 -16.935671
 -1.386294 -1.386294 -1.386294 -1.386294
 -1.386294 -1.386294 -1.386294 -1.386294
 -1.386294 -1.386294 -1.386294 -1.386294
 -1.386294 -1.386294 -1.386294 -1.386294
 0.000000 -16.935671 -16.935671 -16.935671
 -1.386294 -1.386294 -1.386294 -1.386294
 -1.386294 -1.386294 -1.386294 -1.386294
 -16.935671 -16.935671 -0.000000 -16.935671
 -1.386294 -1.386294 -1.386294 -1.386294
 -1.386294 -1.386294 -1.386294 -1.386294
 -1.386294 -1.386294 -1.386294 -1.386294
 -1.386294 -1.386294 -1.386294 -1.386294
 -1.386294 -1.386294 -1.386294 -1.386294
 -1.318450 -0.976571 -1.643111 -1.817247
 -1.386294 -1.386294 -1.386294 -1.386294
 -1.416447 -1.225097 -1.294892 -1.661948
 -1.231307 -1.195800 -1.718321 -1.486069
 -1.320045 -1.038794 -1.593582 -1.738413
 -1.865031 -0.938270 -1.501364 -1.465432
 -1.403994 -1.501449 -1.289391 -1.362030
 -1.166149 -1.440815 -1.379515 -1.609438
 -1.210799 -1.326871 -1.350218 -1.728497
 -1.890052 -1.232752 -1.196906 -1.365241
