 -1.274503 0.000100 0.000100 0.000100
 -1.304874 0.000100 0.000100 0.000100
 -1.553674 0.000100 0.000100 0.000100
 -1.436519 0.000100 0.000100 0.000100
 -1.151256 -1.312187 -1.429969 -1.741748
 -0.936314 -1.347413 -1.736070 -1.761388
 -1.391960 -0.986496 -1.462577 -1.918052
 -1.709785 -1.198961 -1.198961 -1.532104
 -1.258955 -1.561235 -1.349927 -1.398717
 -1.131402 -1.452986 -1.601405 -1.419084
 -0.992745 -1.172330 -1.786695 -1.882005
 -1.959422 -1.091924 -1.197284 -1.507438
 -1.074221 -1.708871 -1.432618 -1.432618
 -1.076140 -1.423336 -2.174750 -1.188935
 -0.708980 -1.614687 -1.884976 -1.851075
 -2.501431 -1.131949 -1.448286 -1.019832
 -14.797590 -14.797590 -0.000001 -14.797590
 -14.478201 -14.478201 -0.000002 -14.478201
 -14.253768 -14.253768 -0.000002 -14.253768
 -14.608505 -14.608505 -0.000001 -14.608505
 -1.386294 -1.386294 -1.386294 -1.386294
 -1.386294 -1.386294 -1.386294 -1.386294
 -15.940165 -15.940165 -0.000000 -15.940165
 -1.386294 -1.386294 -1.386294 -1.386294
 -1.386294 -1.386294 -1.386294 -1.386294
 -1.386294 -1.386294 -1.386294 -1.386294
 -15.940165 -15.940165 -15.940165 -0.000000
 -1.386294 -1.386294 -1.386294 -1.386294
 -1.386294 -1.386294 -1.386294 -1.386294
 -1.386294 -1.386294 -1.386294 -1.386294
 -1.386294 -1.386294 -1.386294 -1.386294
 -0.000000 -15.940166 -15.940166 -15.940166
 -1.220436 -1.387490 -2.495717 -0.986821
 -1.386294 -1.386294 -1.386294 -1.386294
 -1.386294 -1.386294 -1.386294 -1.386294
 -1.386294 -1.386294 -1.386294 -1.386294
 -14.719730 -14.719730 -0.000001 -14.719730
 -14.552676 -14.552676 -0.000001 -14.552676
 -13.444452 -13.444452 -0.000004 -13.444452
 -14.953345 -14.953345 -0.000001 -14.953345
 -1.386294 -1.386294 -1.386294 -1.386294
 -1.386294 -1.386294 -1.386294 -1.386294
 -15.940165 -15.940165 -15.940165 -0.000000
 -1.386294 -1.386294 -1.386294 -1.386294
 -1.386294 -1.386294 -1.386294 -1.386294
 -1.386294 -1.386294 -1.386294 -1.386294
 -1.386294 -1.386294 -1.386294 -1.386294
 -1.525817 -0.753473 -1.165304 -15.940165
 -1.442806 -1.291984 -1.802808 -1.126470
 -1.522003 -1.545534 -1.322391 -1.197228
 -1.157802 -1.330414 -1.521469 -1.594228
 -1.386294 -1.386294 -1.386294 -1.386294
 -1.147166 -1.420032 -2.356123 -1.061399
 -1.154323 -1.270155 -2.422831 -1.154323
 -1.179958 -1.130361 -1.890198 -1.519825
 -1.753538 -1.151959 -1.681217 -1.124930
 -1.263692 -1.327206 -1.587931 -1.395028
 -1.334178 -1.382188 -1.829499 -1.123614
 -1.145133 -0.939282 -1.867265 -1.992427
 -2.170037 -1.130615 -1.118494 -1.442990
 -1.370870 -1.311447 -1.501490 -1.370870
 -1.502055 -1.139941 -1.795815 -1.232722
 -1.148210 -1.082613 -1.760010 -1.760010
 -1.825497 -1.257514 -1.240985 -1.326506
 -1.354546 0.000100 0.000100 0.000100
 -1.236763 0.000100 0.000100 0.000100
 -1.336846 0.000100 0.000100 0.000100
 -1.666325 0.000100 0.000100 0.000100
 -1.945905 -1.192140 -1.317302 -1.252764
 -1.309922 -1.370546 -1.370546 -1.504076
 -1.335001 -1.845822 -0.824178 -1.963604
 -1.767657 -1.315677 -0.940987 -1.767657
 -2.058380 -1.652920 -1.285199 -0.905712
 -1.485384 -2.178523 -1.262243 -0.974562
 -1.504077 -1.185625 -1.637607 -1.280934
 -1.727217 -1.860747 -1.241714 -0.973452
 -0.965084 -1.658225 -1.252764 -1.945903
 -1.586963 -1.586963 -1.386294 -1.076142
 -1.609436 -0.962813 -1.522425 -1.609436
 -0.593067 -2.384814 -1.497519 -2.028143
 -13.567055 -13.567055 -0.000004 -13.567055
 -13.017012 -13.017012 -0.000007 -13.017012
 -13.161592 -13.161592 -0.000006 -13.161592
 -12.948019 -12.948019 -0.000007 -12.948019
 -1.386294 -1.386294 -1.386294 -1.386294
 -1.386294 -1.386294 -1.386294 -1.386294
 -14.590240 -14.590240 -0.000001 -14.590240
 -1.386294 -1.386294 -1.386294 -1.386294
 -1.386294 -1.386294 -1.386294 -1.386294
 -1.386294 -1.386294 -1.386294 -1.386294
 -14.590240 -14.590240 -14.590240 -0.000001
 -1.386294 -1.386294 -1.386294 -1.386294
 -1.386294 -1.386294 -1.386294 -1.386294
 -1.386294 -1.386294 -1.386294 -1.386294
 -1.386294 -1.386294 -1.386294 -1.386294
 -0.000001 -14.590240 -14.590240 -14.590240
 -2.201841 -1.190243 -1.285553 -1.175205
 -1.386294 -1.386294 -1.386294 -1.386294
 -1.386294 -1.386294 -1.386294 -1.386294
 -1.386294 -1.386294 -1.386294 -1.386294
 -12.388411 -12.388411 -0.000012 -12.388411
 -13.400002 -13.400002 -0.000005 -13.400002
 -13.304691 -13.304691 -0.000005 -13.304691
 -13.415039 -13.415039 -0.000004 -13.415039
 -1.386294 -1.386294 -1.386294 -1.386294
 -1.386294 -1.386294 -1.386294 -1.386294
 -14.590240 -14.590240 -14.590240 -0.000001
 -1.386294 -1.386294 -1.386294 -1.386294
 -1.386294 -1.386294 -1.386294 -1.386294
 -1.386294 -1.386294 -1.386294 -1.386294
 -1.386294 -1.386294 -1.386294 -1.386294
 -0.913990 -1.190243 -1.221015 -14.590240
 -2.674137 -0.828324 -1.287855 -1.521469
 -1.193923 -2.803341 -1.145134 -1.145134
 -1.673974 -1.386294 -1.163152 -1.386294
 -1.386294 -1.386294 -1.386294 -1.386294
 -1.691672 -1.335002 -1.558143 -1.072640
 -1.863214 -0.802350 -2.450992 -1.170073
 -1.284016 -1.341174 -1.284016 -1.689478
 -1.722764 -1.252764 -1.386294 -1.252764
 -2.397879 -0.839754 -1.704745 -1.219242
 -2.154658 -1.400893 -1.289668 -1.015232
 -2.197213 -1.241714 -1.860747 -0.810934
 -1.592629 -1.774949 -0.986497 -1.369487
 -1.575533 -1.421385 -1.287856 -1.287856
 -1.187167 -1.679640 -1.133100 -1.679640
 -1.627454 -1.029622 -1.317302 -1.722764
 -1.112407 -1.725508 -1.517870 -1.294728
