 -1.250392 0.000100 0.000100 0.000100
 -1.212448 0.000100 0.000100 0.000100
 -1.628608 0.000100 0.000100 0.000100
 -1.514415 0.000100 0.000100 0.000100
 -1.327296 -1.534935 -1.024110 -1.831200
 -0.973763 -1.344622 -1.802454 -1.625523
 -0.970135 -1.082613 -1.875841 -2.047690
 -1.938740 -0.823601 -1.379126 -1.798978
 -0.963068 -1.488077 -1.488077 -1.791758
 -0.908469 -1.174736 -1.641355 -2.361898
 -0.706572 -1.272966 -1.875139 -2.612734
 -1.820745 -0.892762 -1.435084 -1.658227
 -0.632277 -1.921114 -1.865545 -1.787583
 -0.737111 -1.967648 -1.893541 -1.464546
 -0.366852 -1.953813 -2.359275 -2.646955
 -1.437587 -1.086191 -1.742967 -1.386294
 -2.311915 -2.558774 -0.352703 -2.114089
 -1.718999 -2.265538 -0.585904 -1.830224
 -1.419817 -2.431410 -0.639661 -1.945907
 -2.320598 -2.521267 -0.428042 -1.774058
 -13.641162 -13.641162 -0.000004 -13.641162
 -13.180640 -13.180640 -0.000006 -13.180640
 -15.219154 -15.219154 -0.000001 -15.219154
 -13.687682 -13.687682 -0.000003 -13.687682
 -1.386294 -1.386294 -1.386294 -1.386294
 -1.386294 -1.386294 -1.386294 -1.386294
 -15.659230 -15.659230 -15.659230 -0.000000
 -1.386294 -1.386294 -1.386294 -1.386294
 -1.386294 -1.386294 -1.386294 -1.386294
 -1.386294 -1.386294 -1.386294 -1.386294
 -1.386294 -1.386294 -1.386294 -1.386294
 -15.659230 -0.955828 -15.659230 -0.485310
 -1.386294 -1.386294 -1.386294 -1.386294
 -0.430467 -1.755391 -2.548619 -2.315005
 -1.386294 -1.386294 -1.386294 -1.386294
 -1.646091 -0.979973 -1.836444 -1.300140
 -14.661381 -14.661381 -0.000001 -14.661381
 -14.446784 -14.446784 -0.000002 -14.446784
 -13.604795 -13.604795 -0.000004 -13.604795
 -14.077878 -14.077878 -0.000002 -14.077878
 -1.386294 -1.386294 -1.386294 -1.386294
 -1.386294 -1.386294 -1.386294 -1.386294
 -15.659230 -15.659230 -15.659230 -0.000000
 -1.386294 -1.386294 -1.386294 -1.386294
 -1.386294 -1.386294 -1.386294 -1.386294
 -1.386294 -1.386294 -1.386294 -1.386294
 -1.386294 -1.386294 -1.386294 -1.386294
 -1.636705 -1.041718 -1.612607 -1.373716
 -1.634130 -1.123306 -1.634130 -1.256837
 -1.280038 -1.312827 -1.941435 -1.173066
 -1.172721 -1.225364 -1.617405 -1.617405
 -2.079439 -1.337504 -1.246533 -1.123931
 -1.339148 -1.126587 -2.268680 -1.170072
 -1.217094 -1.180053 -2.414793 -1.180053
 -1.037526 -1.037526 -2.359275 -1.625310
 -2.063001 -1.008843 -1.764509 -1.087624
 -1.542543 -1.457986 -1.542543 -1.079921
 -1.532650 -1.098613 -1.927304 -1.186905
 -1.126012 -1.126012 -1.739113 -1.739113
 -1.929908 -0.908259 -1.512174 -1.464546
 -1.784153 -1.003997 -1.697142 -1.264280
 -1.806357 -0.747752 -1.965421 -1.504077
 -1.783390 -0.736074 -2.006532 -1.521026
 -2.525724 -1.005904 -1.380596 -1.194494
 -1.394299 0.000100 0.000100 0.000100
 -1.392932 0.000100 0.000100 0.000100
 -1.220219 0.000100 0.000100 0.000100
 -1.567904 0.000100 0.000100 0.000100
 -1.412630 -1.395916 -1.352666 -1.384927
 -1.468845 -1.275213 -1.474797 -1.340893
 -1.308908 -1.183119 -1.443047 -1.674743
 -2.077003 -1.071323 -1.311838 -1.336304
 -1.794040 -1.227274 -0.996903 -1.762577
 -1.606544 -1.081371 -1.262667 -1.729397
 -1.552661 -1.132158 -1.350516 -1.575651
 -2.430613 -0.949379 -1.115929 -1.622397
 -1.483212 -1.294276 -1.394359 -1.382286
 -1.259855 -1.460131 -1.390848 -1.447171
 -1.457897 -1.142687 -1.352061 -1.662799
 -2.120864 -1.215156 -1.242893 -1.221254
 -1.108347 -1.408903 -1.960169 -1.256496
 -1.308272 -1.272791 -1.942256 -1.183241
 -1.029096 -1.325362 -1.863655 -1.505715
 -2.815336 -1.058310 -1.390633 -1.066661
 -16.533512 -16.533512 -0.000000 -16.533512
 -16.633312 -16.633312 -0.000000 -16.633312
 -16.124079 -16.124079 -0.000000 -16.124079
 -16.648724 -16.648724 -0.000000 -16.648724
 -1.386294 -1.386294 -1.386294 -1.386294
 -1.386294 -1.386294 -1.386294 -1.386294
 -17.892200 -17.892200 -17.892200 -0.000000
 -1.386294 -1.386294 -1.386294 -1.386294
 -1.386294 -1.386294 -1.386294 -1.386294
 -1.386294 -1.386294 -1.386294 -1.386294
 -1.386294 -1.386294 -1.386294 -1.386294
 -17.892200 -0.597297 -17.892200 -0.799168
 -1.386294 -1.386294 -1.386294 -1.386294
 -1.871956 -1.266732 -1.305778 -1.225997
 -1.386294 -1.386294 -1.386294 -1.386294
 -3.038505 -1.402648 -1.296521 -0.837787
 -15.649692 -15.649692 -0.000000 -15.649692
 -16.566620 -16.566620 -0.000000 -16.566620
 -16.590597 -16.590597 -0.000000 -16.590597
 -16.859556 -16.859556 -0.000000 -16.859556
 -1.386294 -1.386294 -1.386294 -1.386294
 -1.386294 -1.386294 -1.386294 -1.386294
 -17.892200 -17.892200 -17.892200 -0.000000
 -1.386294 -1.386294 -1.386294 -1.386294
 -1.386294 -1.386294 -1.386294 -1.386294
 -1.386294 -1.386294 -1.386294 -1.386294
 -1.386294 -1.386294 -1.386294 -1.386294
 -2.148071 -0.987922 -1.187986 -1.579360
 -1.673976 -1.225521 -1.577962 -1.163151
 -1.293680 -1.589144 -1.292020 -1.398671
 -1.517523 -1.271298 -1.220997 -1.583077
 -2.282217 -1.309486 -1.098612 -1.221966
 -1.380705 -1.358657 -1.416366 -1.390306
 -1.446076 -1.317212 -1.466337 -1.324797
 -1.155561 -1.205959 -1.603503 -1.689977
 -2.137710 -1.126629 -1.184399 -1.378241
 -1.817696 -1.259369 -1.017838 -1.648220
 -1.587357 -1.224951 -1.272043 -1.507314
 -1.550001 -1.156631 -1.364951 -1.524110
 -2.245906 -1.116042 -1.129317 -1.413293
 -1.474196 -1.558879 -1.245937 -1.298305
 -1.280154 -1.511346 -1.278152 -1.501296
 -1.361424 -1.283736 -1.244127 -1.723102
 -2.045178 -1.279850 -1.104049 -1.343089
