 -1.257004 0.000100 0.000100 0.000100
 -1.404692 0.000100 0.000100 0.000100
 -1.528794 0.000100 0.000100 0.000100
 -1.373358 0.000100 0.000100 0.000100
 -1.212399 -1.505222 -1.326343 -1.536638
 -1.136455 -1.575536 -1.575536 -1.327075
 -0.987861 -1.223175 -1.856898 -1.730605
 -2.092377 -1.151395 -1.319188 -1.227381
 -1.010420 -1.514773 -1.432252 -1.729884
 -0.863421 -1.611966 -1.481604 -1.887069
 -0.801688 -1.380596 -1.527200 -2.490635
 -1.811017 -1.126239 -1.351485 -1.372762
 -0.969739 -1.845207 -1.534268 -1.397509
 -0.926901 -1.674856 -1.967243 -1.283576
 -0.655203 -1.717256 -1.940400 -1.848592
 -1.811406 -1.258617 -1.192367 -1.390193
 -1.975451 -1.975451 -0.669458 -1.557717
 -1.464072 -1.732335 -1.161792 -1.276861
 -1.409984 -1.916253 -0.606694 -2.756001
 -3.110729 -2.122121 -0.467223 -1.565834
 -14.682612 -14.682612 -0.000001 -14.682612
 -14.603970 -14.603970 -0.000001 -14.603970
 -15.868352 -15.868352 -0.000000 -15.868352
 -14.910786 -14.910786 -0.000001 -14.910786
 -1.386294 -1.386294 -1.386294 -1.386294
 -1.386294 -1.386294 -1.386294 -1.386294
 -16.547277 -16.547277 -16.547277 -0.000000
 -1.386294 -1.386294 -1.386294 -1.386294
 -1.386294 -1.386294 -1.386294 -1.386294
 -1.386294 -1.386294 -1.386294 -1.386294
 -1.386294 -1.386294 -1.386294 -1.386294
 -16.547277 -16.547277 -0.000000 -16.547277
 -1.386294 -1.386294 -1.386294 -1.386294
 -1.386294 -1.386294 -1.386294 -1.386294
 -0.299031 -1.734818 -3.132243 -3.259398
 -1.386294 -1.386294 -1.386294 -1.386294
 -16.248247 -16.248247 -0.000000 -16.248247
 -14.812461 -14.812461 -0.000001 -14.812461
 -13.415039 -13.415039 -0.000004 -13.415039
 -13.287885 -13.287885 -0.000005 -13.287885
 -1.386294 -1.386294 -1.386294 -1.386294
 -1.386294 -1.386294 -1.386294 -1.386294
 -16.547277 -16.547277 -16.547277 -0.000000
 -1.386294 -1.386294 -1.386294 -1.386294
 -1.386294 -1.386294 -1.386294 -1.386294
 -1.386294 -1.386294 -1.386294 -1.386294
 -1.386294 -1.386294 -1.386294 -1.386294
 -1.757207 -1.394138 -1.565496 -0.993057
 -2.053368 -1.235925 -1.420847 -1.079921
 -1.831925 -1.410200 -1.831925 -0.830812
 -1.376992 -1.061911 -1.900239 -1.376992
 -2.472678 -1.822091 -1.190589 -0.798703
 -1.134980 -1.054938 -3.013743 -1.268512
 -1.316408 -1.258139 -2.425069 -1.023739
 -1.261471 -1.127940 -1.839105 -1.451990
 -2.342142 -1.081890 -1.589404 -1.019219
 -1.499501 -1.335613 -1.459227 -1.268172
 -1.665295 -1.102645 -1.891101 -1.114840
 -1.203973 -0.950977 -1.810108 -1.897119
 -2.306657 -1.293204 -1.394458 -0.972732
 -1.634574 -1.247458 -1.437214 -1.272459
 -1.622258 -1.079684 -1.878191 -1.171252
 -1.256005 -0.962657 -1.972140 -1.638996
 -2.050333 -1.212448 -1.324925 -1.177601
 -1.468841 0.000100 0.000100 0.000100
 -1.521099 0.000100 0.000100 0.000100
 -1.305711 0.000100 0.000100 0.000100
 -1.271694 0.000100 0.000100 0.000100
 -1.460246 -1.469056 -1.146588 -1.514313
 -1.434655 -1.600891 -1.340165 -1.209712
 -1.309718 -1.329136 -1.290670 -1.659093
 -2.188897 -1.581406 -0.798880 -1.459117
 -1.627456 -1.351203 -1.080913 -1.583004
 -1.669157 -1.304819 -1.252763 -1.367832
 -1.596770 -1.447627 -1.435651 -1.125893
 -2.181223 -1.354546 -1.094588 -1.222969
 -1.776011 -1.528175 -1.198696 -1.164210
 -1.296207 -1.649028 -1.224515 -1.425885
 -1.386294 -1.132846 -1.425515 -1.673976
 -2.618921 -1.635190 -0.643551 -1.576101
 -1.182312 -1.507734 -1.844205 -1.158781
 -1.320760 -1.262773 -1.874794 -1.214654
 -1.279026 -1.684491 -2.012178 -0.910170
 -2.381600 -1.376080 -1.119360 -1.113091
 -15.442789 -15.442789 -0.000001 -15.442789
 -15.408820 -15.408820 -0.000001 -15.408820
 -15.199303 -15.199303 -0.000001 -15.199303
 -15.807487 -15.807487 -0.000000 -15.807487
 -1.386294 -1.386294 -1.386294 -1.386294
 -1.386294 -1.386294 -1.386294 -1.386294
 -16.875626 -16.875626 -16.875626 -0.000000
 -1.386294 -1.386294 -1.386294 -1.386294
 -1.386294 -1.386294 -1.386294 -1.386294
 -1.386294 -1.386294 -1.386294 -1.386294
 -1.386294 -1.386294 -1.386294 -1.386294
 -16.875626 -16.875626 -0.000000 -16.875626
 -1.386294 -1.386294 -1.386294 -1.386294
 -1.386294 -1.386294 -1.386294 -1.386294
 -1.981705 -1.493584 -1.332005 -0.984430
 -1.386294 -1.386294 -1.386294 -1.386294
 -14.893922 -14.893922 -0.000001 -14.893922
 -15.382042 -15.382042 -0.000001 -15.382042
 -15.543621 -15.543621 -0.000001 -15.543621
 -15.891195 -15.891195 -0.000000 -15.891195
 -1.386294 -1.386294 -1.386294 -1.386294
 -1.386294 -1.386294 -1.386294 -1.386294
 -16.875626 -16.875626 -16.875626 -0.000000
 -1.386294 -1.386294 -1.386294 -1.386294
 -1.386294 -1.386294 -1.386294 -1.386294
 -1.386294 -1.386294 -1.386294 -1.386294
 -1.386294 -1.386294 -1.386294 -1.386294
 -1.981705 -1.460727 -0.909516 -1.481136
 -1.694595 -1.524696 -1.589235 -0.929990
 -1.569829 -1.822531 -1.116962 -1.193923
 -1.596714 -1.614105 -1.423050 -1.028921
 -2.399958 -1.483668 -0.996763 -1.160269
 -1.282535 -1.438290 -1.394327 -1.438290
 -1.342559 -1.477378 -1.388650 -1.342559
 -1.245389 -1.542640 -1.461415 -1.322579
 -2.001204 -1.474184 -0.802347 -1.673517
 -1.679456 -1.394525 -1.146891 -1.394525
 -1.523984 -1.415770 -1.349630 -1.272670
 -1.594512 -1.502575 -1.509354 -1.040202
 -2.203266 -1.374318 -1.028817 -1.276126
 -1.501490 -1.599128 -1.202247 -1.292398
 -1.241112 -1.772416 -1.150728 -1.493392
 -1.263565 -1.408016 -1.348983 -1.545416
 -2.026879 -1.745239 -0.745277 -1.518466
