 -1.507580 0.000100 0.000100 0.000100
 -1.209427 0.000100 0.000100 0.000100
 -1.630640 0.000100 0.000100 0.000100
 -1.257436 0.000100 0.000100 0.000100
 -1.057371 -1.375823 -1.558144 -1.663504
 -0.940008 -1.807506 -1.907589 -1.214445
 -0.875471 -1.172721 -2.351367 -1.722765
 -1.808287 -0.815038 -1.759497 -1.508184
 -1.143065 -1.493266 -1.559957 -1.400893
 -1.114743 -1.427116 -1.650259 -1.427116
 -0.608593 -1.329136 -1.821609 -3.526316
 -2.020015 -1.058608 -1.119233 -1.640527
 -1.349927 -1.378914 -1.055128 -1.960834
 -0.815366 -1.508512 -1.591893 -2.019335
 -0.926764 -1.130362 -1.568615 -2.618428
 -1.446919 -1.184556 -1.223776 -1.803591
 -1.201645 -1.112698 -14.173188 -0.992554
 -1.040019 -1.534714 -13.963934 -0.841569
 -0.737601 -1.279197 -13.955276 -1.412727
 -1.442383 -1.011603 -13.217681 -0.916294
 -14.234223 -14.234223 -0.000002 -14.234223
 -14.030625 -14.030625 -0.000002 -14.030625
 -1.386294 -1.386294 -1.386294 -1.386294
 -14.240781 -14.240781 -0.000002 -14.240781
 -1.386294 -1.386294 -1.386294 -1.386294
 -1.386294 -1.386294 -1.386294 -1.386294
 -15.271798 -15.271798 -15.271798 -0.000001
 -1.386294 -1.386294 -1.386294 -1.386294
 -1.386294 -1.386294 -1.386294 -1.386294
 -1.386294 -1.386294 -1.386294 -1.386294
 -1.386294 -1.386294 -1.386294 -1.386294
 -0.000001 -15.271798 -15.271798 -15.271798
 -15.271798 -15.271798 -1.497109 -0.253315
 -1.386294 -1.386294 -1.386294 -1.386294
 -1.386294 -1.386294 -1.386294 -1.386294
 -1.386294 -1.386294 -1.386294 -1.386294
 -1.386294 -1.386294 -1.386294 -1.386294
 -1.386294 -1.386294 -1.386294 -1.386294
 -13.774693 -13.774693 -0.000003 -13.774693
 -15.018484 -15.018484 -0.000001 -15.018484
 -1.386294 -1.386294 -1.386294 -1.386294
 -1.386294 -1.386294 -1.386294 -1.386294
 -15.271798 -15.271798 -15.271798 -0.000001
 -1.386294 -1.386294 -1.386294 -1.386294
 -1.386294 -1.386294 -1.386294 -1.386294
 -1.386294 -1.386294 -1.386294 -1.386294
 -1.386294 -1.386294 -1.386294 -1.386294
 -1.983919 -0.998862 -1.654737 -1.193923
 -1.774949 -1.304949 -2.131620 -0.819444
 -1.479076 -1.278406 -2.018070 -1.019544
 -1.228666 -0.940985 -1.921809 -1.767660
 -2.921613 -1.401798 -1.153963 -0.955513
 -1.453433 -1.124931 -2.957491 -0.942610
 -1.293921 -1.386294 -2.740831 -0.888457
 -1.216396 -0.928715 -2.448529 -1.504077
 -1.694595 -1.161792 -1.812377 -1.078410
 -1.415853 -1.200742 -1.638996 -1.338892
 -1.602002 -1.136640 -1.806796 -1.160171
 -1.363305 -0.765472 -2.662564 -1.563974
 -2.519034 -1.072121 -1.393028 -1.112127
 -1.484274 -0.985285 -2.931174 -1.059393
 -1.680896 -0.899197 -1.885689 -1.365816
 -1.410987 -0.972734 -2.104129 -1.362197
 -2.136133 -1.059998 -1.476891 -1.180626
 -1.496172 0.000100 0.000100 0.000100
 -1.536338 0.000100 0.000100 0.000100
 -1.228372 0.000100 0.000100 0.000100
 -1.316479 0.000100 0.000100 0.000100
 -1.317827 -1.180626 -1.548350 -1.548350
 -1.338285 -1.585145 -1.585145 -1.115142
 -1.141696 -1.350788 -1.448426 -1.678000
 -1.262681 -1.527373 -1.286211 -1.497520
 -2.091861 -1.117305 -1.044546 -1.621860
 -1.763587 -1.203973 -1.330725 -1.330725
 -1.632252 -1.335001 -1.252763 -1.363989
 -1.663925 -1.386294 -1.193923 -1.356441
 -1.375823 -1.558144 -1.186582 -1.462834
 -0.982877 -1.958254 -1.456164 -1.380178
 -1.563975 -1.140162 -1.087052 -2.011998
 -1.552685 -1.364633 -1.091340 -1.624143
 -1.078810 -1.544899 -14.220979 -0.805944
 -1.252763 -1.176778 -14.100693 -0.901366
 -0.907558 -1.209838 -14.352006 -1.209838
 -1.395183 -1.360092 -13.937732 -0.702038
 -14.436090 -14.436090 -0.000002 -14.436090
 -14.240781 -14.240781 -0.000002 -14.240781
 -1.386294 -1.386294 -1.386294 -1.386294
 -14.639688 -14.639688 -0.000001 -14.639688
 -1.386294 -1.386294 -1.386294 -1.386294
 -1.386294 -1.386294 -1.386294 -1.386294
 -15.550700 -15.550700 -15.550700 -0.000001
 -1.386294 -1.386294 -1.386294 -1.386294
 -1.386294 -1.386294 -1.386294 -1.386294
 -1.386294 -1.386294 -1.386294 -1.386294
 -1.386294 -1.386294 -1.386294 -1.386294
 -0.000001 -15.550700 -15.550700 -15.550700
 -15.550700 -15.550700 -1.228372 -0.346398
 -1.386294 -1.386294 -1.386294 -1.386294
 -1.386294 -1.386294 -1.386294 -1.386294
 -1.386294 -1.386294 -1.386294 -1.386294
 -1.386294 -1.386294 -1.386294 -1.386294
 -1.386294 -1.386294 -1.386294 -1.386294
 -14.322330 -14.322330 -0.000002 -14.322330
 -15.204303 -15.204303 -0.000001 -15.204303
 -1.386294 -1.386294 -1.386294 -1.386294
 -1.386294 -1.386294 -1.386294 -1.386294
 -15.550700 -15.550700 -15.550700 -0.000001
 -1.386294 -1.386294 -1.386294 -1.386294
 -1.386294 -1.386294 -1.386294 -1.386294
 -1.386294 -1.386294 -1.386294 -1.386294
 -1.386294 -1.386294 -1.386294 -1.386294
 -1.216395 -1.472825 -1.246609 -1.676920
 -1.756667 -1.386294 -1.486378 -1.046427
 -1.106335 -1.776491 -1.229949 -1.571697
 -1.567389 -1.380178 -1.404871 -1.222550
 -2.360848 -1.367602 -1.079921 -1.166932
 -1.495493 -1.495493 -1.575536 -1.064712
 -1.386294 -1.356441 -1.624705 -1.219241
 -1.034897 -1.497520 -1.728043 -1.412963
 -1.621486 -1.684006 -0.959112 -1.454432
 -1.687769 -1.517870 -1.457246 -1.013316
 -1.496109 -1.650259 -1.461018 -1.044125
 -1.514772 -1.311174 -1.422399 -1.311174
 -1.546917 -1.432507 -1.092182 -1.546917
 -1.168206 -1.643628 -1.688080 -1.168206
 -1.113998 -1.830673 -1.617100 -1.161626
 -1.636650 -1.219757 -1.290375 -1.448598
 -1.232144 -1.627456 -1.080913 -1.756667
