 -1.375566 0.000100 0.000100 0.000100
 -1.265947 0.000100 0.000100 0.000100
 -1.533790 0.000100 0.000100 0.000100
 -1.387836 0.000100 0.000100 0.000100
 -1.362197 -1.187844 -1.386294 -1.665878
 -0.946807 -1.402824 -1.990609 -1.471816
 -1.029620 -1.113002 -1.897118 -1.806147
 -1.996552 -0.633250 -1.532248 -2.143155
 -0.863648 -1.413693 -1.636836 -1.962258
 -0.752122 -1.512927 -1.869601 -1.869601
 -0.778671 -1.166435 -1.712977 -3.012248
 -1.653889 -0.774642 -1.854558 -1.653889
 -0.659500 -1.680333 -2.276315 -1.640328
 -0.759840 -1.791758 -2.090250 -1.419084
 -0.446853 -1.531476 -2.917758 -2.406939
 -1.923684 -1.269761 -1.156433 -1.353142
 -14.937189 -14.937189 -0.000001 -14.937189
 -14.070156 -14.070156 -0.000002 -14.070156
 -13.641162 -13.641162 -0.000004 -13.641162
 -14.070156 -14.070156 -0.000002 -14.070156
 -1.386294 -1.386294 -1.386294 -1.386294
 -1.386294 -1.386294 -1.386294 -1.386294
 -15.685774 -15.685774 -0.000000 -15.685774
 -1.386294 -1.386294 -1.386294 -1.386294
 -1.386294 -1.386294 -1.386294 -1.386294
 -1.386294 -1.386294 -1.386294 -1.386294
 -15.685774 -15.685774 -15.685774 -0.000000
 -1.386294 -1.386294 -1.386294 -1.386294
 -1.386294 -1.386294 -1.386294 -1.386294
 -1.386294 -1.386294 -1.386294 -1.386294
 -1.386294 -1.386294 -1.386294 -1.386294
 -0.000001 -15.685774 -15.685774 -15.685774
 -0.755121 -1.765902 -2.468098 -1.293649
 -1.386294 -1.386294 -1.386294 -1.386294
 -1.386294 -1.386294 -1.386294 -1.386294
 -1.386294 -1.386294 -1.386294 -1.386294
 -14.930654 -14.930654 -0.000001 -14.930654
 -13.919874 -13.919874 -0.000003 -13.919874
 -13.217681 -13.217681 -0.000005 -13.217681
 -14.392126 -14.392126 -0.000002 -14.392126
 -1.386294 -1.386294 -1.386294 -1.386294
 -1.386294 -1.386294 -1.386294 -1.386294
 -15.685774 -0.000001 -15.685774 -15.685774
 -1.386294 -1.386294 -1.386294 -1.386294
 -1.386294 -1.386294 -1.386294 -1.386294
 -1.167165 -1.327938 -2.044615 -1.223159
 -1.386294 -1.386294 -1.386294 -1.386294
 -1.386294 -1.386294 -1.386294 -1.386294
 -1.416447 -1.437067 -1.670681 -1.103576
 -1.509908 -1.483933 -1.409825 -1.177203
 -1.098614 -1.029621 -1.791757 -1.945907
 -2.207748 -1.157929 -1.614687 -0.975608
 -1.416147 -1.223776 -1.916921 -1.151455
 -1.462577 -1.187166 -2.342933 -1.001763
 -1.386294 -0.739669 -1.938361 -2.049586
 -1.916921 -1.113428 -1.985914 -0.948673
 -1.423473 -1.158781 -1.924247 -1.206409
 -1.561498 -1.268512 -2.010447 -0.980830
 -1.295323 -0.847300 -1.791757 -2.032917
 -2.140064 -1.014055 -1.426300 -1.275069
 -1.511982 -1.130616 -1.548350 -1.410200
 -1.297741 -1.185624 -1.737692 -1.404987
 -1.172040 -0.835569 -2.088327 -2.019335
 -2.127194 -0.918886 -1.599128 -1.273706
 -1.375712 0.000100 0.000100 0.000100
 -1.062055 0.000100 0.000100 0.000100
 -1.396990 0.000100 0.000100 0.000100
 -1.869145 0.000100 0.000100 0.000100
 -1.057371 -1.418383 -1.418383 -1.781286
 -1.371027 -1.178656 -1.341174 -1.732039
 -1.397105 -1.274503 -1.131403 -1.893539
 -2.114525 -1.064713 -1.015923 -1.757855
 -1.268512 -1.673975 -1.067842 -1.673975
 -1.433251 -1.164988 -1.600305 -1.395511
 -1.216396 -1.248145 -1.637608 -1.504077
 -1.578184 -1.252764 -1.198697 -1.578184
 -1.540444 -1.640527 -1.088461 -1.366092
 -1.781905 -1.524077 -1.842530 -0.786481
 -1.914817 -1.088142 -1.558144 -1.186582
 -1.516347 -1.698667 -0.972734 -1.516347
 -13.458841 -13.458841 -0.000004 -13.458841
 -13.687682 -13.687682 -0.000003 -13.687682
 -13.815515 -13.815515 -0.000003 -13.815515
 -13.981029 -13.981029 -0.000003 -13.981029
 -1.386294 -1.386294 -1.386294 -1.386294
 -1.386294 -1.386294 -1.386294 -1.386294
 -15.139931 -15.139931 -0.000001 -15.139931
 -1.386294 -1.386294 -1.386294 -1.386294
 -1.386294 -1.386294 -1.386294 -1.386294
 -1.386294 -1.386294 -1.386294 -1.386294
 -15.139931 -15.139931 -15.139931 -0.000001
 -1.386294 -1.386294 -1.386294 -1.386294
 -1.386294 -1.386294 -1.386294 -1.386294
 -1.386294 -1.386294 -1.386294 -1.386294
 -1.386294 -1.386294 -1.386294 -1.386294
 -0.000001 -15.139931 -15.139931 -15.139931
 -1.786454 -1.256760 -1.598855 -1.062055
 -1.386294 -1.386294 -1.386294 -1.386294
 -1.386294 -1.386294 -1.386294 -1.386294
 -1.386294 -1.386294 -1.386294 -1.386294
 -13.353481 -13.353481 -0.000005 -13.353481
 -13.883173 -13.883173 -0.000003 -13.883173
 -13.541079 -13.541079 -0.000004 -13.541079
 -14.077878 -14.077878 -0.000002 -14.077878
 -1.386294 -1.386294 -1.386294 -1.386294
 -1.386294 -1.386294 -1.386294 -1.386294
 -15.139931 -0.000001 -15.139931 -15.139931
 -1.386294 -1.386294 -1.386294 -1.386294
 -1.386294 -1.386294 -1.386294 -1.386294
 -1.510748 -1.150466 -1.452252 -1.475242
 -1.386294 -1.386294 -1.386294 -1.386294
 -1.386294 -1.386294 -1.386294 -1.386294
 -1.283347 -1.853888 -1.017645 -1.585626
 -1.282616 -1.411828 -1.411828 -1.446919
 -1.704746 -1.299283 -1.076141 -1.586964
 -1.969437 -1.235472 -1.087053 -1.458615
 -1.252764 -1.211942 -1.435084 -1.722765
 -1.109663 -1.515127 -1.419817 -1.566420
 -1.159767 -1.304949 -1.474847 -1.679641
 -2.221610 -1.160745 -1.086637 -1.423108
 -1.469676 -1.237875 -1.309334 -1.560647
 -1.338892 -1.233532 -1.456675 -1.543686
 -1.355835 -1.173514 -1.242507 -1.935651
 -2.028143 -1.111859 -1.072638 -1.622682
 -1.498212 -1.264598 -1.184556 -1.670061
 -1.600703 -1.335001 -1.047320 -1.691675
 -1.219974 -1.219974 -1.395864 -1.820745
 -2.667214 -1.568615 -0.980831 -1.057792
