 -1.235669 0.000100 0.000100 0.000100
 -1.396195 0.000100 0.000100 0.000100
 -1.501003 0.000100 0.000100 0.000100
 -1.431642 0.000100 0.000100 0.000100
 -1.057113 -1.274177 -1.493540 -1.908483
 -0.884465 -1.411485 -1.589732 -1.971099
 -1.055363 -1.191164 -1.643148 -1.866291
 -2.048980 -1.033752 -1.224807 -1.506658
 -0.928220 -1.422516 -1.439045 -2.067652
 -0.608930 -1.812901 -1.812901 -2.042475
 -0.831299 -1.375599 -1.375599 -2.827845
 -1.902106 -0.872489 -1.314321 -1.806796
 -0.539429 -2.246769 -2.064447 -1.691244
 -0.728239 -1.945909 -1.757857 -1.599633
 -0.512660 -1.802808 -1.945909 -2.370790
 -1.519825 -1.197053 -1.791757 -1.163152
 -2.576895 -2.907135 -0.277442 -2.192484
 -1.676689 -1.921810 -0.860942 -1.410987
 -1.411828 -1.282616 -0.907924 -2.581891
 -3.212173 -2.008212 -0.398778 -1.868451
 -13.710155 -13.710155 -0.000003 -13.710155
 -13.753639 -13.753639 -0.000003 -13.753639
 -15.462245 -15.462245 -0.000001 -15.462245
 -13.901692 -13.901692 -0.000003 -13.901692
 -1.386294 -1.386294 -1.386294 -1.386294
 -1.386294 -1.386294 -1.386294 -1.386294
 -15.909842 -15.909842 -15.909842 -0.000000
 -1.386294 -1.386294 -1.386294 -1.386294
 -1.386294 -1.386294 -1.386294 -1.386294
 -1.386294 -1.386294 -1.386294 -1.386294
 -1.386294 -1.386294 -1.386294 -1.386294
 -15.909842 -2.124789 -0.333030 -1.809151
 -1.386294 -1.386294 -1.386294 -1.386294
 -0.724565 -1.439216 -2.089800 -1.866658
 -0.241788 -2.117975 -2.677589 -3.658414
 -1.632252 -1.201470 -1.558144 -1.226788
 -15.483218 -15.483218 -0.000001 -15.483218
 -14.100693 -14.100693 -0.000002 -14.100693
 -13.592372 -13.592372 -0.000004 -13.592372
 -13.444452 -13.444452 -0.000004 -13.444452
 -1.386294 -1.386294 -1.386294 -1.386294
 -1.386294 -1.386294 -1.386294 -1.386294
 -1.206439 -0.628763 -1.786845 -15.909842
 -1.386294 -1.386294 -1.386294 -1.386294
 -1.258955 -1.541817 -1.288369 -1.485728
 -1.046857 -1.361207 -1.959863 -1.379390
 -0.942364 -1.223776 -1.616817 -2.140063
 -1.386294 -1.386294 -1.386294 -1.386294
 -1.454245 -1.570077 -1.393620 -1.170477
 -1.324222 -1.463058 -1.816697 -1.079100
 -1.000375 -1.111600 -1.609437 -2.270833
 -1.860751 -1.696448 -1.342809 -0.916292
 -1.702287 -1.442005 -1.381380 -1.108514
 -1.386294 -1.365241 -1.522870 -1.285198
 -1.275363 -0.967879 -1.968508 -1.603866
 -1.992429 -0.863966 -1.878019 -1.240443
 -1.507076 -1.007121 -1.621486 -1.534474
 -1.613204 -0.998529 -1.671473 -1.409109
 -1.066661 -0.942609 -1.778855 -2.328898
 -2.525725 -0.997260 -1.181994 -1.408767
 -1.274742 -1.274742 -1.297215 -1.785566
 -1.392939 -1.000897 -1.926236 -1.433761
 -1.249958 -1.022901 -1.655422 -1.814487
 -2.369071 -0.864998 -1.380463 -1.452784
 -1.385257 0.000100 0.000100 0.000100
 -1.371334 0.000100 0.000100 0.000100
 -1.246543 0.000100 0.000100 0.000100
 -1.567934 0.000100 0.000100 0.000100
 -1.470724 -1.260992 -1.234856 -1.629685
 -1.520967 -1.142909 -1.384154 -1.550820
 -1.280917 -1.106724 -1.439149 -1.867899
 -2.231343 -0.967603 -1.195358 -1.560518
 -1.679465 -1.284315 -0.991256 -1.798326
 -1.428544 -1.221913 -1.279329 -1.674229
 -1.497406 -1.142879 -1.250043 -1.766686
 -2.343773 -1.024356 -1.068170 -1.602607
 -1.386797 -1.494565 -1.277720 -1.397931
 -1.284548 -1.457913 -1.430514 -1.381041
 -1.373427 -1.151969 -1.407361 -1.682223
 -1.978240 -1.180671 -1.187363 -1.387934
 -1.310962 -1.294231 -1.527608 -1.430136
 -1.482756 -1.194370 -1.628894 -1.294818
 -1.166170 -1.125909 -1.695217 -1.711884
 -2.918847 -1.024919 -1.194374 -1.257777
 -18.302122 -18.302122 0.000000 -18.302122
 -18.661743 -18.661743 0.000000 -18.661743
 -18.315321 -18.315321 0.000000 -18.315321
 -18.406784 -18.406784 0.000000 -18.406784
 -1.386294 -1.386294 -1.386294 -1.386294
 -1.386294 -1.386294 -1.386294 -1.386294
 -19.818657 -19.818657 -19.818657 0.000000
 -1.386294 -1.386294 -1.386294 -1.386294
 -1.386294 -1.386294 -1.386294 -1.386294
 -1.386294 -1.386294 -1.386294 -1.386294
 -1.386294 -1.386294 -1.386294 -1.386294
 -19.818657 -0.834767 -1.292805 -1.232631
 -1.386294 -1.386294 -1.386294 -1.386294
 -1.619912 -1.375365 -1.267822 -1.317169
 -1.451475 -1.259084 -1.182217 -1.741466
 -2.957320 -1.353444 -1.208333 -0.939052
 -18.018860 -18.018860 0.000000 -18.018860
 -18.482811 -18.482811 0.000000 -18.482811
 -18.592363 -18.592363 0.000000 -18.592363
 -18.539797 -18.539797 0.000000 -18.539797
 -1.386294 -1.386294 -1.386294 -1.386294
 -1.386294 -1.386294 -1.386294 -1.386294
 -1.169646 -0.882103 -1.288763 -19.818657
 -1.386294 -1.386294 -1.386294 -1.386294
 -1.650044 -1.314816 -1.104199 -1.570416
 -1.425436 -1.299601 -1.259261 -1.594095
 -1.409697 -1.025504 -1.449388 -1.817367
 -1.386294 -1.386294 -1.386294 -1.386294
 -1.270988 -1.629721 -1.243368 -1.447956
 -1.315578 -1.539580 -1.222654 -1.501652
 -1.210465 -1.304932 -1.354058 -1.757009
 -1.770898 -1.332449 -1.146904 -1.392832
 -1.427132 -1.330781 -1.238640 -1.580098
 -1.444827 -1.241053 -1.421565 -1.453300
 -1.236677 -1.162188 -1.443655 -1.827668
 -2.125880 -1.010801 -1.247860 -1.471302
 -1.614558 -1.313585 -1.067900 -1.668990
 -1.428235 -1.363276 -1.204350 -1.586893
 -1.379629 -1.115712 -1.314436 -1.883741
 -2.317546 -1.103332 -1.071458 -1.481870
 -1.422179 -1.493749 -1.230145 -1.418682
 -1.362064 -1.500544 -1.288497 -1.405784
 -1.317763 -1.284427 -1.293673 -1.708177
 -1.991657 -1.288644 -1.083521 -1.388358
