 -1.207868 0.000100 0.000100 0.000100
 -1.326871 0.000100 0.000100 0.000100
 -1.533665 0.000100 0.000100 0.000100
 -1.513598 0.000100 0.000100 0.000100
 -1.279959 -1.245473 -1.297658 -1.826501
 -0.969901 -1.540445 -1.515127 -1.677645
 -0.989880 -1.126012 -1.629916 -2.224620
 -1.881784 -0.939743 -1.353718 -1.616082
 -0.807261 -1.533930 -1.580450 -2.022281
 -0.727891 -1.712091 -1.685423 -1.889022
 -0.880360 -1.386294 -1.362197 -2.534912
 -2.329487 -0.649852 -1.469291 -1.894172
 -0.424228 -2.336612 -2.336612 -1.881138
 -0.603378 -1.831200 -2.365280 -1.614977
 -0.508578 -2.001478 -1.819157 -2.289158
 -1.341843 -1.532897 -1.432814 -1.258461
 -15.168766 -15.168766 -0.000001 -15.168766
 -13.753639 -13.753639 -0.000003 -13.753639
 -13.687682 -13.687682 -0.000003 -13.687682
 -13.972518 -13.972518 -0.000003 -13.972518
 -1.386294 -1.386294 -1.386294 -1.386294
 -1.386294 -1.386294 -1.386294 -1.386294
 -15.741219 -15.741219 -0.000000 -15.741219
 -1.386294 -1.386294 -1.386294 -1.386294
 -1.386294 -1.386294 -1.386294 -1.386294
 -1.386294 -1.386294 -1.386294 -1.386294
 -15.741219 -15.741219 -15.741219 -0.000000
 -1.386294 -1.386294 -1.386294 -1.386294
 -1.386294 -1.386294 -1.386294 -1.386294
 -1.386294 -1.386294 -1.386294 -1.386294
 -1.386294 -1.386294 -1.386294 -1.386294
 -0.348793 -2.487825 -2.031068 -2.523543
 -0.757135 -1.299283 -2.780885 -1.628208
 -1.047321 -1.098614 -1.478101 -2.433600
 -0.916292 -1.280934 -1.280934 -3.113495
 -1.609436 -1.368276 -1.116963 -1.522425
 -0.749107 -1.478887 -14.893922 -1.206243
 -0.877577 -1.355204 -14.457367 -1.119890
 -0.957841 -0.870830 -13.664692 -1.621133
 -1.064712 -1.534714 -13.963934 -0.821766
 -1.684339 -1.781502 -1.207415 -1.058203
 -1.649788 -1.710413 -1.150799 -1.168817
 -1.386294 -1.386294 -1.386294 -1.386294
 -1.773576 -1.773576 -1.273621 -0.965655
 -1.461018 -1.190728 -1.737270 -1.244795
 -1.244325 -1.244325 -1.635189 -1.474847
 -1.223776 -1.446919 -1.533930 -1.366876
 -1.286809 -1.416021 -1.365590 -1.487479
 -1.528175 -1.329724 -1.504077 -1.216396
 -1.289963 -1.375121 -1.849578 -1.156432
 -1.098613 -1.226446 -1.678430 -1.678430
 -2.134164 -1.159607 -1.392229 -1.140915
 -1.548813 -1.437587 -1.290984 -1.290984
 -1.407348 -1.250162 -1.646577 -1.287204
 -1.358124 -1.070442 -1.445135 -1.806147
 -2.176813 -1.063166 -1.461195 -1.173514
 -1.296888 -1.270913 -1.798978 -1.270913
 -1.530875 -1.047079 -1.754018 -1.348554
 -1.457986 -0.941771 -1.485385 -1.890849
 -2.197222 -1.034074 -1.386294 -1.261131
 -1.252763 -1.252763 -1.574346 -1.507655
 -1.411828 -1.115562 -2.038282 -1.209591
 -1.415282 -0.864106 -1.683545 -1.897118
 -1.905087 -1.013091 -1.460402 -1.362764
 -1.335999 0.000100 0.000100 0.000100
 -1.283836 0.000100 0.000100 0.000100
 -1.448629 0.000100 0.000100 0.000100
 -1.490590 0.000100 0.000100 0.000100
 -1.633234 -1.226221 -1.016895 -1.899874
 -1.502864 -1.156734 -1.304019 -1.652566
 -1.418672 -1.096030 -1.280952 -1.924170
 -2.307799 -0.964022 -1.087789 -1.702632
 -1.326506 -1.414446 -1.236700 -1.603475
 -1.155720 -1.432422 -1.372594 -1.645114
 -1.338755 -1.145162 -1.253739 -2.008273
 -2.136387 -1.144800 -1.160774 -1.384743
 -1.077230 -1.486686 -1.681833 -1.397116
 -1.336017 -1.489920 -1.938051 -1.000394
 -1.024421 -1.367983 -1.989933 -1.387610
 -2.285233 -1.267811 -1.179764 -1.172954
 -18.675167 -18.675167 0.000000 -18.675167
 -18.539175 -18.539175 0.000000 -18.539175
 -18.251078 -18.251078 0.000000 -18.251078
 -18.721230 -18.721230 0.000000 -18.721230
 -1.386294 -1.386294 -1.386294 -1.386294
 -1.386294 -1.386294 -1.386294 -1.386294
 -19.948952 -19.948952 0.000000 -19.948952
 -1.386294 -1.386294 -1.386294 -1.386294
 -1.386294 -1.386294 -1.386294 -1.386294
 -1.386294 -1.386294 -1.386294 -1.386294
 -19.948952 -19.948952 -19.948952 0.000000
 -1.386294 -1.386294 -1.386294 -1.386294
 -1.386294 -1.386294 -1.386294 -1.386294
 -1.386294 -1.386294 -1.386294 -1.386294
 -1.386294 -1.386294 -1.386294 -1.386294
 -2.065612 -1.121607 -1.044488 -1.631523
 -1.823933 -1.170813 -1.425207 -1.244666
 -1.225375 -1.548289 -1.185152 -1.671095
 -1.597002 -1.235619 -1.087273 -1.773677
 -2.136358 -1.068900 -1.075053 -1.623282
 -0.996514 -1.148155 -18.390532 -1.159591
 -1.205300 -1.081286 -18.668869 -1.018216
 -0.923571 -1.059902 -18.795206 -1.360970
 -1.667397 -0.747362 -18.319645 -1.085751
 -1.695797 -1.320532 -1.020548 -1.665180
 -1.559071 -1.294002 -1.228252 -1.501960
 -1.386294 -1.386294 -1.386294 -1.386294
 -2.340948 -1.173359 -1.008182 -1.471609
 -1.358312 -1.505451 -1.218506 -1.490246
 -1.273371 -1.514483 -1.210975 -1.598077
 -1.353397 -1.350166 -1.096620 -1.907551
 -2.024425 -1.283695 -1.015129 -1.475945
 -1.305520 -1.452834 -1.352844 -1.441561
 -1.371921 -1.388415 -1.447449 -1.340400
 -1.113065 -1.312761 -1.518428 -1.696535
 -1.971216 -1.157697 -1.314526 -1.280486
 -1.716376 -1.341886 -0.974727 -1.705750
 -1.506416 -1.274806 -1.213664 -1.600950
 -1.389077 -1.137363 -1.281131 -1.881848
 -2.216828 -1.137439 -1.055971 -1.502592
 -1.468079 -1.395873 -1.203443 -1.505724
 -1.294138 -1.429822 -1.254865 -1.602462
 -1.358917 -1.264575 -1.177288 -1.880009
 -2.035089 -1.185291 -1.084173 -1.489469
 -1.360744 -1.332472 -1.406797 -1.449109
 -1.418852 -1.383298 -1.446372 -1.302559
 -1.206224 -1.260067 -1.496756 -1.644111
 -1.944123 -1.163867 -1.288791 -1.313017
