 -1.305606 0.000100 0.000100 0.000100
 -1.313388 0.000100 0.000100 0.000100
 -1.464937 0.000100 0.000100 0.000100
 -1.474070 0.000100 0.000100 0.000100
 -1.394076 -1.196251 -1.363305 -1.640936
 -1.090831 -1.325670 -1.633154 -1.593933
 -0.871840 -1.442384 -1.481604 -2.135527
 -1.918757 -0.907160 -1.395511 -1.600305
 -1.256420 -1.518783 -1.256420 -1.552685
 -0.973861 -1.595548 -1.630639 -1.497108
 -0.829281 -1.404643 -1.564986 -2.215569
 -2.151757 -1.020362 -1.409825 -1.276294
 -1.046989 -1.759182 -1.583292 -1.303708
 -1.394878 -1.584119 -1.989582 -0.890974
 -0.817711 -1.713796 -2.001477 -1.413693
 -2.782939 -1.048352 -1.173514 -1.278875
 -14.130324 -14.130324 -0.000002 -14.130324
 -13.854735 -13.854735 -0.000003 -13.854735
 -13.732133 -13.732133 -0.000003 -13.732133
 -14.173188 -14.173188 -0.000002 -14.173188
 -1.386294 -1.386294 -1.386294 -1.386294
 -1.386294 -1.386294 -1.386294 -1.386294
 -15.375759 -15.375759 -0.000001 -15.375759
 -1.386294 -1.386294 -1.386294 -1.386294
 -1.386294 -1.386294 -1.386294 -1.386294
 -1.386294 -1.386294 -1.386294 -1.386294
 -15.375759 -15.375759 -15.375759 -0.000001
 -1.386294 -1.386294 -1.386294 -1.386294
 -1.386294 -1.386294 -1.386294 -1.386294
 -1.386294 -1.386294 -1.386294 -1.386294
 -1.386294 -1.386294 -1.386294 -1.386294
 -0.000001 -15.375759 -15.375759 -15.375759
 -1.096514 -1.377926 -2.527830 -1.096514
 -1.386294 -1.386294 -1.386294 -1.386294
 -1.386294 -1.386294 -1.386294 -1.386294
 -1.386294 -1.386294 -1.386294 -1.386294
 -14.279247 -14.279247 -0.000002 -14.279247
 -13.997835 -13.997835 -0.000003 -13.997835
 -12.847937 -12.847937 -0.000008 -12.847937
 -14.279247 -14.279247 -0.000002 -14.279247
 -1.386294 -1.386294 -1.386294 -1.386294
 -1.386294 -1.386294 -1.386294 -1.386294
 -15.375759 -15.375759 -15.375759 -0.000001
 -1.386294 -1.386294 -1.386294 -1.386294
 -1.386294 -1.386294 -1.386294 -1.386294
 -1.386294 -1.386294 -1.386294 -1.386294
 -1.386294 -1.386294 -1.386294 -1.386294
 -15.375759 -15.375759 -15.375759 -0.000001
 -1.386294 -1.386294 -1.386294 -1.386294
 -1.386294 -1.386294 -1.386294 -1.386294
 -1.386294 -1.386294 -1.386294 -1.386294
 -2.764218 -1.676781 -0.913145 -1.053430
 -2.302565 -1.098616 -1.791753 -0.916296
 -1.230541 -1.353142 -2.291405 -1.054650
 -1.320448 -1.125140 -1.755765 -1.445611
 -2.403933 -1.220168 -1.474401 -0.953106
 -1.462834 -1.258041 -1.462834 -1.375823
 -2.197221 -0.999522 -1.878769 -0.999522
 -1.008665 -1.146815 -1.803591 -1.877699
 -2.625979 -1.217218 -1.310309 -1.016548
 -1.491654 -1.203974 -1.203974 -1.742967
 -1.728043 -1.072637 -1.805003 -1.152680
 -1.337023 -1.129385 -1.337023 -1.887067
 -2.086359 -1.365816 -1.575536 -0.882390
 -1.491654 0.000100 0.000100 0.000100
 -0.980833 0.000100 0.000100 0.000100
 -1.742965 0.000100 0.000100 0.000100
 -1.491654 0.000100 0.000100 0.000100
 -0.587811 -11.407610 -1.504072 -1.504072
 -1.321757 -1.321757 -2.014880 -1.098619
 -11.156308 -0.559648 -1.945867 -1.252770
 -1.504072 -0.810950 -11.407610 -1.098623
 -1.704734 -1.704734 -1.011612 -1.299286
 -1.098621 -1.098621 -2.484840 -1.386294
 -0.916321 -1.609418 -1.609418 -1.609418
 -11.695280 -1.098621 -1.386294 -0.875482
 -1.386294 -1.386294 -2.079391 -0.980846
 -2.397832 -1.299286 -1.704734 -0.788474
 -1.504072 -1.504072 -0.810950 -2.197169
 -1.098621 -1.791743 -1.386294 -1.386294
 -11.407610 -11.407610 -0.000033 -11.407610
 -11.407610 -11.407610 -0.000033 -11.407610
 -11.512965 -11.512965 -0.000030 -11.512965
 -11.695280 -11.695280 -0.000025 -11.695280
 -1.386294 -1.386294 -1.386294 -1.386294
 -1.386294 -1.386294 -1.386294 -1.386294
 -12.899230 -12.899230 -0.000007 -12.899230
 -1.386294 -1.386294 -1.386294 -1.386294
 -1.386294 -1.386294 -1.386294 -1.386294
 -1.386294 -1.386294 -1.386294 -1.386294
 -12.899230 -12.899230 -12.899230 -0.000008
 -1.386294 -1.386294 -1.386294 -1.386294
 -1.386294 -1.386294 -1.386294 -1.386294
 -1.386294 -1.386294 -1.386294 -1.386294
 -1.386294 -1.386294 -1.386294 -1.386294
 -0.000007 -12.899230 -12.899230 -12.899230
 -2.302570 -1.049825 -1.386294 -1.203974
 -1.386294 -1.386294 -1.386294 -1.386294
 -1.386294 -1.386294 -1.386294 -1.386294
 -1.386294 -1.386294 -1.386294 -1.386294
 -10.596735 -10.596735 -0.000075 -10.596735
 -11.849426 -11.849426 -0.000021 -11.849426
 -11.512965 -11.512965 -0.000030 -11.512965
 -11.695280 -11.695280 -0.000025 -11.695280
 -1.386294 -1.386294 -1.386294 -1.386294
 -1.386294 -1.386294 -1.386294 -1.386294
 -12.899230 -12.899230 -12.899230 -0.000008
 -1.386294 -1.386294 -1.386294 -1.386294
 -1.386294 -1.386294 -1.386294 -1.386294
 -1.386294 -1.386294 -1.386294 -1.386294
 -1.386294 -1.386294 -1.386294 -1.386294
 -12.899230 -12.899230 -12.899230 -0.000008
 -1.386294 -1.386294 -1.386294 -1.386294
 -1.386294 -1.386294 -1.386294 -1.386294
 -1.386294 -1.386294 -1.386294 -1.386294
 -3.688789 -1.742965 -0.855670 -0.980833
 -0.000300 -9.210740 -9.210740 -9.210740
 -1.945867 -1.945867 -0.847322 -1.252770
 -0.887312 -1.446918 -1.734591 -1.734591
 -1.321757 -2.014880 -1.321757 -1.098619
 -1.871783 -11.775321 -1.466334 -0.485526
 -1.252770 -1.945867 -1.945867 -0.847322
 -1.609428 -1.609428 -1.609428 -0.916306
 -2.302525 -1.609428 -1.203979 -0.916306
 -1.945867 -1.252770 -0.847322 -1.945867
 -0.916321 -1.609418 -1.609418 -1.609418
 -1.504072 -0.587811 -11.407610 -1.504072
 -1.845814 -1.845814 -0.747224 -1.558141
