 -1.283940 0.000100 0.000100 0.000100
 -1.415362 0.000100 0.000100 0.000100
 -1.467247 0.000100 0.000100 0.000100
 -1.387660 0.000100 0.000100 0.000100
 -1.270155 -1.342914 -1.675619 -1.305873
 -1.070910 -1.397594 -1.962906 -1.310583
 -1.178655 -1.279751 -1.441019 -1.728700
 -1.842189 -1.380845 -1.149044 -1.297463
 -1.030625 -1.150171 -1.997466 -1.655718
 -1.221673 -1.533452 -1.418383 -1.396876
 -1.169382 -1.020962 -1.584896 -2.085670
 -1.808288 -1.495914 -0.946807 -1.495914
 -1.070039 -1.482571 -1.836210 -1.307367
 -1.202332 -1.361962 -1.729686 -1.324222
 -1.284330 -1.326002 -1.538563 -1.414950
 -1.457246 -1.987872 -1.112406 -1.199417
 -1.053150 -1.381654 -1.787118 -1.458615
 -1.283347 -1.585627 -1.779782 -1.051545
 -1.131403 -1.172225 -1.865370 -1.546917
 -1.950998 -1.205667 -1.156070 -1.412003
 -1.486642 -1.250254 -1.555635 -1.285972
 -1.360977 -1.689480 -1.662081 -0.996334
 -1.040344 -1.203973 -2.066194 -1.514127
 -1.686398 -1.290504 -1.252763 -1.370546
 -1.131949 -1.202153 -1.913648 -1.471816
 -1.258040 -1.609437 -1.750516 -1.072637
 -1.072637 -1.386294 -1.468532 -1.728043
 -1.226664 -1.699951 -1.330205 -1.348554
 -1.261652 -1.089802 -1.954798 -1.431551
 -1.217876 -1.728700 -1.762602 -1.035555
 -1.297063 -1.059392 -1.399717 -2.014901
 -1.598855 -1.498772 -1.344622 -1.158905
 -1.135556 -1.119556 -2.004592 -1.525020
 -1.347074 -1.537117 -1.966111 -0.954513
 -1.098613 -1.379515 -1.493925 -1.658227
 -1.370870 -1.736329 -1.255357 -1.255357
 -1.166932 -1.151894 -1.745667 -1.618916
 -1.391960 -1.742162 -1.880311 -0.858662
 -1.218158 -1.218158 -1.623622 -1.554629
 -1.357024 -1.619388 -1.300935 -1.300935
 -1.174986 -1.128466 -1.884132 -1.533930
 -1.386294 -2.420364 -1.825660 -0.693148
 -1.556445 -1.039190 -1.658227 -1.406914
 -1.416447 -1.697349 -1.230731 -1.265217
 -1.142098 -1.031750 -2.100945 -1.598855
 -1.845825 -1.530745 -1.740465 -0.797859
 -1.206243 -0.896089 -1.899388 -1.945908
 -1.220258 -1.869601 -1.162270 -1.435966
 -1.145133 -1.011602 -2.197222 -1.574695
 -1.682386 -1.604425 -1.961099 -0.750011
 -1.176945 -1.270035 -1.848111 -1.372689
 -1.186581 -1.396876 -1.462834 -1.533452
 -0.995718 -0.995718 -2.748251 -1.624326
 -1.537117 -1.584745 -1.897119 -0.843971
 -0.955513 -1.328187 -1.817733 -1.671130
 -1.429466 -1.647720 -1.266948 -1.250419
 -1.061911 -1.022171 -2.726913 -1.474156
 -1.211091 -1.625523 -1.835243 -1.062055
 -0.872197 -1.307514 -2.406120 -1.508184
 -1.430311 -1.581134 -1.231461 -1.335001
 -1.151959 -1.124930 -2.075120 -1.453434
 -1.239691 -1.462834 -1.609437 -1.276732
 -1.040019 -1.457753 -1.809149 -1.386294
 -1.910817 -1.134980 -1.493925 -1.183770
 -1.574695 -0.957534 -1.854279 -1.376244
 -1.299283 -1.558144 -1.653454 -1.122827
 -1.178656 -1.371027 -1.500238 -1.535329
 -2.020016 -1.119232 -1.640528 -1.058607
 -1.249719 -1.228666 -2.155425 -1.187844
 -1.319454 -1.319454 -1.551256 -1.372564
 -1.343735 -1.263692 -1.931519 -1.166054
 -2.070137 -1.089310 -1.191589 -1.453953
 -1.513046 -1.134981 -1.865866 -1.192139
 -1.409605 -1.319454 -1.642227 -1.221015
 -1.399717 -1.139435 -1.919591 -1.249436
 -2.197222 -0.997808 -1.704747 -1.083575
 -1.242747 -1.340385 -1.708108 -1.315067
 -1.443705 -1.323904 -1.499794 -1.292156
 -1.504077 -1.052093 -1.791758 -1.339774
 -2.280604 -1.321756 -1.305227 -1.021652
 -1.477586 -1.745849 -1.745849 -0.860813
 -1.659448 -1.712091 -1.431190 -0.940984
 -1.189584 -1.443818 -1.647416 -1.320204
 -2.339970 -1.534347 -1.306958 -0.873636
 -1.351927 -0.520195 -1.918320 -14.173188
 -2.358150 -0.602765 -1.026921 -14.207556
 -1.193923 -0.801882 -1.392373 -14.316288
 -3.321424 -0.555114 -0.941887 -14.834359
 -13.919874 -13.919874 -0.000003 -13.919874
 -15.199303 -15.199303 -0.000001 -15.199303
 -14.617514 -14.617514 -0.000001 -14.617514
 -1.386294 -1.386294 -1.386294 -1.386294
 -1.386294 -1.386294 -1.386294 -1.386294
 -1.386294 -1.386294 -1.386294 -1.386294
 -15.807487 -0.000000 -15.807487 -15.807487
 -1.386294 -1.386294 -1.386294 -1.386294
 -1.386294 -1.386294 -1.386294 -1.386294
 -0.000000 -15.807487 -15.807487 -15.807487
 -1.386294 -1.386294 -1.386294 -1.386294
 -1.386294 -1.386294 -1.386294 -1.386294
 -15.807487 -15.807487 -0.000000 -15.807487
 -1.386294 -1.386294 -1.386294 -1.386294
 -1.386294 -1.386294 -1.386294 -1.386294
 -1.386294 -1.386294 -1.386294 -1.386294
 -1.386294 -1.386294 -1.386294 -1.386294
 -1.386294 -1.386294 -1.386294 -1.386294
 -1.269270 -1.398649 -1.198983 -1.768832
 -1.386294 -1.386294 -1.386294 -1.386294
 -1.302525 -1.415853 -1.590206 -1.267433
 -1.369856 -1.484925 -1.587579 -1.155446
 -1.613973 -1.164057 -1.569521 -1.271029
 -1.995098 -1.090645 -1.427116 -1.244795
 -1.404871 -1.309561 -1.874873 -1.104767
 -1.357024 -1.357024 -1.594695 -1.265217
 -1.305756 -1.259236 -1.517064 -1.488077
 -1.927304 -1.141785 -1.250419 -1.391000
 -1.318375 0.000100 0.000100 0.000100
 -1.306055 0.000100 0.000100 0.000100
 -1.374137 0.000100 0.000100 0.000100
 -1.567884 0.000100 0.000100 0.000100
 -1.433897 -1.392512 -1.159851 -1.611247
 -1.287280 -1.327833 -1.357132 -1.601814
 -1.281152 -1.250172 -1.339874 -1.748995
 -2.128696 -1.115324 -1.125487 -1.475327
 -1.383046 -1.342602 -1.307003 -1.526056
 -1.257105 -1.389022 -1.355815 -1.567972
 -1.264487 -1.186738 -1.418780 -1.769655
 -2.094081 -1.073329 -1.198222 -1.455782
 -1.262733 -1.410392 -1.345200 -1.548413
 -1.179680 -1.405769 -1.456183 -1.540284
 -1.186311 -1.274643 -1.462953 -1.695146
 -1.922207 -1.140702 -1.278774 -1.363581
 -1.381406 -1.457094 -1.151305 -1.611245
 -1.291358 -1.324583 -1.341129 -1.621315
 -1.309807 -1.258617 -1.331671 -1.703498
 -2.080733 -1.126415 -1.146516 -1.455748
 -1.388353 -1.330018 -1.318968 -1.520372
 -1.270699 -1.414422 -1.369790 -1.504456
 -1.243002 -1.174894 -1.459740 -1.769989
 -2.053097 -1.113090 -1.187679 -1.434674
 -1.256014 -1.433393 -1.361485 -1.512154
 -1.184321 -1.428738 -1.435862 -1.530050
 -1.274289 -1.236234 -1.420743 -1.669401
 -1.998714 -1.117584 -1.237386 -1.397234
 -1.415628 -1.412326 -1.147429 -1.628625
 -1.313754 -1.343607 -1.339705 -1.568463
 -1.326181 -1.236189 -1.314985 -1.739869
 -2.131171 -1.060730 -1.163534 -1.501846
 -1.354772 -1.361823 -1.317987 -1.522678
 -1.291808 -1.347657 -1.327153 -1.608704
 -1.292290 -1.169487 -1.380569 -1.811572
 -1.966508 -1.101380 -1.173571 -1.521505
 -1.266310 -1.407480 -1.332794 -1.562403
 -1.140484 -1.437966 -1.445062 -1.574098
 -1.200404 -1.262514 -1.452810 -1.703345
 -1.957891 -1.149998 -1.242657 -1.372036
 -1.439339 -1.443663 -1.105027 -1.631417
 -1.289245 -1.344252 -1.317819 -1.629292
 -1.338730 -1.250849 -1.269181 -1.769031
 -2.179300 -1.094347 -1.099270 -1.518652
 -1.355799 -1.347588 -1.352271 -1.497270
 -1.249639 -1.322069 -1.357428 -1.663436
 -1.280842 -1.123402 -1.442296 -1.828585
 -2.103921 -1.057165 -1.243383 -1.418089
 -1.237671 -1.421547 -1.359345 -1.552248
 -1.108151 -1.465026 -1.440284 -1.599990
 -1.159505 -1.216765 -1.474967 -1.823959
 -2.006079 -1.118624 -1.246699 -1.381094
 -1.441387 -1.483351 -1.046160 -1.686100
 -1.327029 -1.333822 -1.294676 -1.623128
 -1.284815 -1.311159 -1.266975 -1.759630
 -2.105560 -1.137697 -1.099291 -1.493617
 -1.328737 -1.320859 -1.395311 -1.511737
 -1.277310 -1.314263 -1.416839 -1.560351
 -1.361803 -1.071074 -1.412776 -1.847093
 -2.139887 -1.079483 -1.208513 -1.410915
 -1.239321 -1.447501 -1.371274 -1.507430
 -1.150001 -1.399068 -1.488336 -1.556899
 -1.226273 -1.175812 -1.505977 -1.735867
 -1.946592 -1.141780 -1.252252 -1.377813
 -1.470112 -1.508841 -0.981429 -1.747788
 -1.315356 -1.374282 -1.302309 -1.576502
 -1.329230 -1.319631 -1.240078 -1.721916
 -2.180807 -1.126255 -1.105452 -1.462126
 -1.325851 -1.345793 -1.360113 -1.525748
 -1.273867 -1.383933 -1.359087 -1.547562
 -1.355966 -1.072956 -1.433470 -1.821235
 -2.041818 -1.088812 -1.202684 -1.455840
 -1.187326 -1.408113 -1.457551 -1.525308
 -1.072797 -1.389307 -1.540368 -1.637840
 -1.231687 -1.183593 -1.507277 -1.711962
 -1.967729 -1.066254 -1.324844 -1.385952
 -1.529129 -1.526848 -0.913080 -1.803205
 -1.347375 -1.366405 -1.225099 -1.653767
 -1.342688 -1.236297 -1.242496 -1.834228
 -2.141232 -1.165017 -1.070386 -1.479742
 -1.368434 -1.336646 -1.322309 -1.531318
 -1.244048 -1.349106 -1.386033 -1.598265
 -1.213570 -1.056728 -1.546276 -1.950280
 -2.064913 -1.168946 -1.091136 -1.484385
 -0.782114 -1.385479 -1.229777 -17.420193
 -0.712756 -1.448770 -1.291531 -17.582739
 -0.853408 -1.133339 -1.377998 -17.432089
 -1.999371 -0.971289 -0.721578 -17.128605
 -17.869034 -17.869034 0.000000 -17.869034
 -17.546970 -17.546970 0.000000 -17.546970
 -17.630362 -17.630362 0.000000 -17.630362
 -1.386294 -1.386294 -1.386294 -1.386294
 -1.386294 -1.386294 -1.386294 -1.386294
 -1.386294 -1.386294 -1.386294 -1.386294
 -18.790243 0.000000 -18.790243 -18.790243
 -1.386294 -1.386294 -1.386294 -1.386294
 -1.386294 -1.386294 -1.386294 -1.386294
 0.000000 -18.790243 -18.790243 -18.790243
 -1.386294 -1.386294 -1.386294 -1.386294
 -1.386294 -1.386294 -1.386294 -1.386294
 -18.790243 -18.790243 0.000000 -18.790243
 -1.386294 -1.386294 -1.386294 -1.386294
 -1.386294 -1.386294 -1.386294 -1.386294
 -1.386294 -1.386294 -1.386294 -1.386294
 -1.386294 -1.386294 -1.386294 -1.386294
 -1.386294 -1.386294 -1.386294 -1.386294
 -1.308098 -1.053155 -1.533993 -1.800853
 -1.386294 -1.386294 -1.386294 -1.386294
 -1.315259 -1.392448 -1.310508 -1.544372
 -1.030650 -1.480971 -1.594299 -1.547602
 -1.246853 -1.162446 -1.629176 -1.590710
 -1.792597 -1.136562 -1.255486 -1.480099
 -1.448488 -1.560257 -1.037562 -1.606067
 -1.276337 -1.433739 -1.340504 -1.510440
 -1.383038 -1.215803 -1.305727 -1.705193
 -2.064341 -1.151116 -1.136888 -1.443929
