 -1.304757 0.000100 0.000100 0.000100
 -1.433448 0.000100 0.000100 0.000100
 -1.429165 0.000100 0.000100 0.000100
 -1.383228 0.000100 0.000100 0.000100
 -1.102393 -1.420847 -1.647904 -1.452595
 -1.356694 -1.622397 -1.480746 -1.146974
 -1.151256 -1.221215 -1.766441 -1.523495
 -1.740057 -1.550014 -1.144550 -1.224592
 -1.275665 -1.262242 -1.647904 -1.405343
 -1.315284 -1.858898 -1.550597 -1.011601
 -1.033230 -1.291804 -1.641477 -1.739115
 -1.728186 -1.567844 -1.137988 -1.226095
 -1.157802 -1.287854 -1.652497 -1.521469
 -1.157856 -1.706962 -1.756973 -1.103047
 -1.215843 -1.309661 -1.613872 -1.450243
 -1.481604 -1.481604 -1.327454 -1.271884
 -1.228071 -1.215949 -1.873589 -1.358124
 -1.328187 -1.671131 -1.717651 -1.000974
 -1.128466 -1.257677 -1.629240 -1.629240
 -1.625002 -1.625002 -1.174802 -1.213023
 -1.053661 -1.301841 -1.757857 -1.575536
 -1.336697 -1.679642 -1.800269 -0.952973
 -1.228666 -1.148623 -1.585340 -1.685423
 -1.665527 -1.427116 -1.312706 -1.197931
 -1.235925 -1.248997 -1.996210 -1.248997
 -1.027995 -1.949982 -2.173125 -0.951455
 -1.171183 -1.220780 -1.714798 -1.537117
 -1.393842 -1.505959 -1.306830 -1.349390
 -1.261332 -1.225826 -2.069253 -1.214265
 -1.444738 -1.796135 -1.967985 -0.779762
 -1.363305 -1.177203 -1.621133 -1.433922
 -1.301642 -1.774245 -1.214630 -1.341382
 -1.110309 -1.248895 -1.997610 -1.394076
 -1.678430 -1.631910 -1.805182 -0.791128
 -1.011602 -1.260817 -1.863811 -1.620190
 -1.383042 -1.599713 -1.131728 -1.492741
 -1.117166 -1.105993 -2.140064 -1.494928
 -1.340165 -1.813451 -1.813451 -0.886691
 -1.123931 -1.108663 -2.253792 -1.427116
 -1.562750 -1.821612 -1.186962 -1.128466
 -1.174986 -0.980830 -2.514756 -1.446919
 -1.540445 -1.688080 -2.214172 -0.710098
 -1.227230 -1.133704 -1.632694 -1.662547
 -1.349439 -1.942502 -1.191537 -1.225826
 -1.113998 -1.113998 -2.134356 -1.490807
 -1.565342 -1.886249 -1.941819 -0.701379
 -1.098613 -1.047320 -2.197222 -1.586315
 -1.309333 -1.484275 -1.373049 -1.386294
 -1.073477 -1.105912 -2.438715 -1.427116
 -1.382318 -1.861890 -2.267354 -0.713269
 -0.954271 -1.297215 -2.036880 -1.555043
 -1.275432 -1.592343 -1.300433 -1.407201
 -1.171183 -0.976395 -2.659257 -1.413323
 -1.480746 -1.666848 -1.954530 -0.816310
 -0.899762 -1.514127 -2.014901 -1.427116
 -1.449473 -1.589235 -1.194944 -1.352847
 -1.098613 -0.976010 -3.055445 -1.415708
 -1.347074 -1.443923 -2.055723 -0.978167
 -0.817085 -1.332550 -2.098016 -1.761545
 -1.504077 -1.602517 -1.185624 -1.306252
 -1.261332 -0.961674 -2.589127 -1.349439
 -1.285490 -1.605657 -1.704747 -1.076140
 -0.969996 -1.734600 -1.772340 -1.292769
 -1.923686 -1.382556 -1.338754 -1.076390
 -1.229325 -1.000790 -2.099401 -1.526056
 -1.057019 -1.496385 -1.795627 -1.337320
 -1.374318 -1.220168 -1.556639 -1.423108
 -1.829242 -1.330996 -1.269627 -1.223107
 -1.071427 -1.260668 -2.205128 -1.332642
 -1.087917 -1.504077 -1.967649 -1.200395
 -1.478500 -1.456028 -1.391489 -1.237339
 -2.193246 -1.181648 -1.248787 -1.221388
 -1.151363 -1.455852 -1.978040 -1.163942
 -1.402043 -1.484734 -1.450833 -1.227690
 -1.279865 -1.469908 -1.517536 -1.299283
 -2.204366 -1.307621 -1.138545 -1.207538
 -1.201028 -1.570387 -2.019336 -1.026086
 -1.274177 -1.774952 -1.512588 -1.107123
 -1.230880 -1.377484 -1.837015 -1.215843
 -2.082906 -1.375967 -1.200519 -1.133827
 -1.120027 -1.259139 -2.285775 -1.244324
 -1.448072 -1.508696 -1.428654 -1.190243
 -1.195876 -1.431190 -1.585340 -1.371766
 -2.397893 -1.130462 -1.221897 -1.232592
 -0.190576 -14.599414 -1.751485 -14.599414
 -0.505845 -14.797590 -0.923810 -14.797590
 -0.451313 -14.566929 -1.012782 -14.566929
 -0.827191 -14.841554 -0.574967 -14.841554
 -0.782134 -1.460788 -2.611070 -1.439435
 -1.386294 -1.386294 -1.386294 -1.386294
 -0.872300 -1.578185 -1.730201 -1.617406
 -1.386294 -1.386294 -1.386294 -1.386294
 -15.278767 -15.278767 -15.278767 -0.000001
 -14.590240 -14.590240 -14.590240 -0.000001
 -13.919874 -13.919874 -13.919874 -0.000003
 -14.590240 -14.590240 -14.590240 -0.000001
 -1.386294 -1.386294 -1.386294 -1.386294
 -1.386294 -1.386294 -1.386294 -1.386294
 -1.386294 -1.386294 -1.386294 -1.386294
 -0.000000 -16.094828 -16.094828 -16.094828
 -16.094828 -16.094828 -0.000000 -16.094828
 -1.386294 -1.386294 -1.386294 -1.386294
 -1.386294 -1.386294 -1.386294 -1.386294
 -1.386294 -1.386294 -1.386294 -1.386294
 -1.386294 -1.386294 -1.386294 -1.386294
 -1.386294 -1.386294 -1.386294 -1.386294
 -1.211163 -1.527900 -1.214606 -1.669551
 -1.386294 -1.386294 -1.386294 -1.386294
 -1.483668 -1.410643 -1.935653 -0.954825
 -1.405343 -1.331235 -2.137708 -0.987139
 -1.450373 -1.074761 -1.738055 -1.393215
 -1.780948 -1.408273 -1.283110 -1.171885
 -1.089438 -1.117218 -2.161019 -1.508696
 -1.245410 -1.325453 -1.730917 -1.311659
 -1.238079 -1.238079 -1.492312 -1.633391
 -1.876500 -1.153201 -1.491655 -1.183354
 -1.396399 0.000100 0.000100 0.000100
 -1.365758 0.000100 0.000100 0.000100
 -1.300068 0.000100 0.000100 0.000100
 -1.492487 0.000100 0.000100 0.000100
 -1.243943 -1.487151 -1.402853 -1.427765
 -1.166678 -1.458405 -1.410903 -1.550837
 -1.150980 -1.400524 -1.389439 -1.671363
 -1.705224 -1.351695 -1.243765 -1.305008
 -1.314278 -1.490885 -1.364215 -1.383988
 -1.287354 -1.359112 -1.553268 -1.364316
 -1.142627 -1.366426 -1.541560 -1.551374
 -1.934131 -1.276017 -1.339085 -1.157668
 -1.296216 -1.464245 -1.297748 -1.504916
 -1.172851 -1.484997 -1.421628 -1.501963
 -1.263936 -1.316667 -1.386748 -1.611708
 -1.865354 -1.237644 -1.156164 -1.425448
 -1.275733 -1.451450 -1.342684 -1.489881
 -1.269120 -1.487776 -1.302660 -1.508512
 -1.187100 -1.363989 -1.348627 -1.716691
 -1.843256 -1.311911 -1.193730 -1.311911
 -1.320214 -1.443017 -1.410452 -1.375652
 -1.267013 -1.381517 -1.528759 -1.384989
 -1.234499 -1.295630 -1.450258 -1.605524
 -1.846792 -1.228223 -1.328654 -1.256630
 -1.329183 -1.431708 -1.322814 -1.469584
 -1.222880 -1.427863 -1.387924 -1.531527
 -1.318076 -1.329831 -1.329831 -1.593040
 -1.859008 -1.220551 -1.114007 -1.510207
 -1.258201 -1.538278 -1.349245 -1.420271
 -1.196568 -1.504490 -1.359409 -1.519472
 -1.195122 -1.406205 -1.323013 -1.682387
 -1.801631 -1.266113 -1.215168 -1.361075
 -1.227934 -1.465141 -1.396724 -1.475557
 -1.311103 -1.268958 -1.579113 -1.413892
 -1.176370 -1.313040 -1.499512 -1.612626
 -1.821873 -1.169487 -1.396876 -1.271600
 -1.328819 -1.434350 -1.279222 -1.520117
 -1.243141 -1.393423 -1.450675 -1.474526
 -1.275946 -1.332227 -1.325234 -1.654416
 -1.860752 -1.206243 -1.198696 -1.412485
 -1.240160 -1.578119 -1.361665 -1.394063
 -1.170299 -1.522461 -1.380987 -1.513124
 -1.151686 -1.405159 -1.390678 -1.662512
 -1.871318 -1.203650 -1.260050 -1.338104
 -1.294708 -1.459677 -1.426396 -1.372243
 -1.323424 -1.310157 -1.596193 -1.341959
 -1.162986 -1.351402 -1.540445 -1.540445
 -1.860618 -1.283937 -1.318364 -1.204285
 -1.310810 -1.420847 -1.342408 -1.479845
 -1.169795 -1.509473 -1.414844 -1.489083
 -1.292967 -1.332593 -1.320366 -1.636219
 -1.826642 -1.231666 -1.190959 -1.413415
 -1.286010 -1.511064 -1.336099 -1.426765
 -1.164245 -1.443874 -1.360135 -1.633710
 -1.153409 -1.344597 -1.393082 -1.740188
 -1.854959 -1.226554 -1.228187 -1.357061
 -1.325039 -1.437232 -1.412458 -1.374053
 -1.310972 -1.415632 -1.477023 -1.349562
 -1.285074 -1.236493 -1.485419 -1.577158
 -1.916525 -1.204967 -1.287916 -1.282526
 -1.371505 -1.428359 -1.260461 -1.500360
 -1.232086 -1.396389 -1.393148 -1.548648
 -1.314714 -1.332971 -1.319660 -1.606791
 -1.820239 -1.320677 -1.115163 -1.413885
 -1.294487 -1.541028 -1.216286 -1.534924
 -1.215817 -1.577571 -1.321966 -1.467740
 -1.209950 -1.324708 -1.397386 -1.667783
 -1.741927 -1.261561 -1.204784 -1.419441
 -1.247727 -1.453097 -1.399303 -1.460030
 -1.271956 -1.401439 -1.483729 -1.399646
 -1.154038 -1.319528 -1.505630 -1.632193
 -1.688170 -1.258186 -1.298791 -1.354361
 -1.390248 -1.345315 -1.269477 -1.562792
 -1.108650 -1.387544 -1.480024 -1.646746
 -1.318872 -1.279780 -1.373493 -1.603238
 -1.720364 -1.239439 -1.149370 -1.538904
 -1.305519 -1.527134 -1.260668 -1.476891
 -1.210096 -1.542836 -1.375209 -1.447019
 -1.137547 -1.316400 -1.508862 -1.660020
 -1.691751 -1.326871 -1.282505 -1.297714
 -1.229414 -1.527385 -1.351378 -1.462959
 -1.184246 -1.541337 -1.467081 -1.388974
 -1.214422 -1.373487 -1.457368 -1.527638
 -1.923292 -1.289373 -1.180290 -1.304745
 -0.722828 -17.019070 -0.664322 -17.019070
 -0.634499 -16.922337 -0.755451 -16.922337
 -0.678246 -16.992731 -0.708274 -16.992731
 -1.018945 -16.931246 -0.447813 -16.931246
 -1.259359 -1.440084 -1.306792 -1.567483
 -1.386294 -1.386294 -1.386294 -1.386294
 -1.187042 -1.294100 -1.229746 -2.052869
 -1.386294 -1.386294 -1.386294 -1.386294
 -17.132963 -17.132963 -17.132963 -0.000000
 -16.993147 -16.993147 -16.993147 -0.000000
 -17.088118 -17.088118 -17.088118 -0.000000
 -16.558928 -16.558928 -16.558928 -0.000000
 -1.386294 -1.386294 -1.386294 -1.386294
 -1.386294 -1.386294 -1.386294 -1.386294
 -1.386294 -1.386294 -1.386294 -1.386294
 0.000000 -18.353472 -18.353472 -18.353472
 -18.353472 -18.353472 0.000000 -18.353472
 -1.386294 -1.386294 -1.386294 -1.386294
 -1.386294 -1.386294 -1.386294 -1.386294
 -1.386294 -1.386294 -1.386294 -1.386294
 -1.386294 -1.386294 -1.386294 -1.386294
 -1.386294 -1.386294 -1.386294 -1.386294
 -1.201480 -1.224139 -1.642049 -1.552785
 -1.386294 -1.386294 -1.386294 -1.386294
 -1.373573 -1.384873 -1.351350 -1.437363
 -1.249494 -1.373643 -1.583938 -1.366485
 -1.333566 -1.218815 -1.529820 -1.494729
 -1.526562 -1.251753 -1.253521 -1.554866
 -1.220871 -1.692567 -1.287854 -1.406014
 -1.204373 -1.605846 -1.323156 -1.456259
 -1.175769 -1.435974 -1.298246 -1.711888
 -1.714140 -1.361524 -1.199272 -1.338656
