 -1.261471 0.000100 0.000100 0.000100
 -1.515705 0.000100 0.000100 0.000100
 -1.489730 0.000100 0.000100 0.000100
 -1.303144 0.000100 0.000100 0.000100
 -1.270782 -1.307823 -1.751753 -1.289131
 -1.310309 -1.728043 -1.262681 -1.310309
 -0.989414 -1.360977 -1.682559 -1.682559
 -1.572880 -1.598855 -1.304616 -1.142098
 -1.434049 -1.255357 -1.599128 -1.292398
 -1.212448 -1.451677 -1.804497 -1.191394
 -1.295046 -1.367366 -1.688949 -1.249584
 -1.688575 -1.408273 -1.171885 -1.343735
 -1.203973 -1.285651 -1.839960 -1.329136
 -1.224906 -1.487270 -2.040653 -1.049016
 -1.167133 -1.461932 -1.685074 -1.303708
 -1.630271 -1.396657 -1.376038 -1.190321
 -1.125569 -1.365241 -1.770705 -1.386294
 -1.446919 -1.768502 -1.609437 -0.931107
 -1.082988 -1.206601 -1.753143 -1.666132
 -1.571518 -1.548529 -1.042260 -1.482571
 -1.188058 -1.242125 -1.765372 -1.446919
 -1.262242 -2.124463 -1.457986 -1.008462
 -1.231257 -1.189584 -1.680206 -1.526056
 -1.370208 -1.582769 -1.349155 -1.269112
 -1.001449 -1.307823 -1.564542 -1.876916
 -1.742968 -1.707877 -1.856296 -0.718466
 -1.206243 -1.078410 -1.994698 -1.493925
 -1.630828 -1.435084 -1.252763 -1.271455
 -1.327296 -1.024110 -1.902659 -1.484925
 -1.487270 -1.710413 -1.649788 -0.913471
 -1.203973 -1.386294 -1.507655 -1.475906
 -1.190321 -1.741497 -1.173514 -1.554286
 -1.271455 -1.114613 -2.197222 -1.271455
 -1.327798 -1.615480 -2.167546 -0.863494
 -1.072637 -1.262681 -1.765783 -1.589893
 -1.391714 -1.754619 -1.231372 -1.250064
 -1.360977 -0.929195 -2.328557 -1.381179
 -1.552279 -2.091274 -2.245424 -0.581923
 -1.026293 -1.049823 -2.222538 -1.696448
 -1.289668 -1.836210 -1.272276 -1.255182
 -1.182696 -1.006240 -2.335371 -1.464546
 -1.261472 -2.208850 -1.895193 -0.783845
 -1.018571 -1.071214 -1.974078 -1.848916
 -1.211408 -1.544899 -1.427116 -1.390749
 -1.093907 -1.052522 -2.523369 -1.444563
 -1.433922 -1.713506 -2.749593 -0.658859
 -0.877242 -1.293401 -2.088327 -1.682864
 -1.466337 -1.662081 -1.178655 -1.302708
 -1.190986 -0.863773 -2.753165 -1.556919
 -1.719303 -1.656783 -2.108767 -0.675956
 -0.936095 -1.128466 -2.427741 -1.629239
 -1.469472 -1.490091 -1.283755 -1.318241
 -1.291984 -0.873274 -2.370790 -1.540445
 -1.609437 -1.634755 -1.864329 -0.798509
 -1.014056 -1.680533 -1.852382 -1.223776
 -1.445718 -1.699951 -1.226664 -1.243194
 -1.110041 -0.921990 -2.867891 -1.532897
 -1.087052 -1.509908 -1.969439 -1.196251
 -1.044125 -1.532476 -1.692818 -1.394326
 -1.604882 -1.381739 -1.328629 -1.261938
 -1.240583 -0.899280 -2.484903 -1.511457
 -1.509354 -1.103890 -1.914818 -1.203973
 -1.134015 -1.412727 -1.377636 -1.700408
 -2.118441 -1.471816 -1.149044 -1.098613
 -1.361602 -0.980830 -2.590261 -1.225027
 -1.367945 -1.332227 -1.686398 -1.216396
 -1.550597 -1.299283 -1.704747 -1.098613
 -2.036880 -1.430746 -1.364788 -0.980830
 -1.259543 -1.386294 -1.819157 -1.190550
 -1.140069 -1.454562 -1.522003 -1.476541
 -1.378197 -1.256837 -1.479980 -1.444888
 -2.044349 -1.221992 -1.422662 -1.094158
 -1.392373 -1.392373 -2.061421 -0.978812
 -1.263692 -1.430746 -1.847639 -1.137399
 -1.315067 -1.197284 -1.785069 -1.340385
 -2.132362 -1.376038 -1.224807 -1.093471
 -1.098613 -1.312187 -2.410794 -1.178655
 -1.498506 -1.523824 -1.449716 -1.126943
 -1.624705 -0.950977 -2.049586 -1.245216
 -2.120262 -1.355657 -1.153421 -1.181994
 -1.263162 -1.510998 -2.411779 -0.899197
 -1.440361 -1.533452 -1.636106 -1.042332
 -1.711716 -1.358896 -1.878769 -0.892277
 -1.777772 -1.697730 -1.250419 -1.017487
 -14.207556 -0.000002 -14.207556 -14.207556
 -14.214290 -0.000002 -14.214290 -14.214290
 -14.100693 -0.000002 -14.100693 -14.100693
 -14.778687 -0.000001 -14.778687 -14.778687
 -1.386294 -1.386294 -1.386294 -1.386294
 -1.022133 -1.695399 -1.403787 -1.555979
 -1.386294 -1.386294 -1.386294 -1.386294
 -1.386294 -1.386294 -1.386294 -1.386294
 -14.727795 -14.727795 -14.727795 -0.000001
 -14.054531 -14.054531 -14.054531 -0.000002
 -14.346141 -14.346141 -14.346141 -0.000002
 -14.193950 -14.193950 -14.193950 -0.000002
 -1.386294 -1.386294 -1.386294 -1.386294
 -1.386294 -1.386294 -1.386294 -1.386294
 -1.386294 -1.386294 -1.386294 -1.386294
 -0.000001 -15.749928 -15.749928 -15.749928
 -15.749927 -15.749927 -0.000000 -15.749927
 -1.386294 -1.386294 -1.386294 -1.386294
 -1.386294 -1.386294 -1.386294 -1.386294
 -1.386294 -1.386294 -1.386294 -1.386294
 -1.386294 -1.386294 -1.386294 -1.386294
 -1.386294 -1.386294 -1.386294 -1.386294
 -1.236281 -1.483340 -1.271728 -1.597943
 -1.386294 -1.386294 -1.386294 -1.386294
 -1.391282 -1.083798 -2.167808 -1.208961
 -1.559738 -1.392684 -1.655048 -1.048913
 -1.461195 -0.991193 -1.972020 -1.355835
 -1.540444 -1.228071 -1.645805 -1.203973
 -1.191394 -1.399033 -2.172220 -1.092304
 -1.333185 -1.188935 -1.756041 -1.350576
 -1.494775 -1.035244 -1.376992 -1.782455
 -1.595049 -1.221845 -1.482571 -1.289668
 -1.475220 0.000100 0.000100 0.000100
 -1.247281 0.000100 0.000100 0.000100
 -1.351533 0.000100 0.000100 0.000100
 -1.491018 0.000100 0.000100 0.000100
 -1.243403 -1.565486 -1.417066 -1.346351
 -1.194588 -1.474971 -1.368157 -1.542666
 -1.374362 -1.345583 -1.283708 -1.562540
 -1.972808 -1.171252 -1.223988 -1.359068
 -1.285346 -1.496451 -1.487940 -1.295780
 -1.203020 -1.454334 -1.608485 -1.324381
 -1.196527 -1.306183 -1.535971 -1.552778
 -1.955184 -1.302708 -1.345103 -1.120386
 -1.396541 -1.317363 -1.331301 -1.511519
 -1.384384 -1.269149 -1.395901 -1.510311
 -1.320427 -1.218259 -1.479904 -1.562676
 -1.957595 -1.128547 -1.221098 -1.425479
 -1.279230 -1.326297 -1.392712 -1.570750
 -1.150638 -1.415330 -1.328319 -1.738424
 -1.239524 -1.329136 -1.393674 -1.621458
 -1.884719 -1.234745 -1.234745 -1.323094
 -1.196460 -1.376389 -1.539540 -1.466337
 -1.335182 -1.370151 -1.557467 -1.301395
 -1.230715 -1.318576 -1.437636 -1.594984
 -1.845826 -1.208560 -1.416494 -1.200926
 -1.315090 -1.393702 -1.350058 -1.495352
 -1.346729 -1.257708 -1.475346 -1.483220
 -1.273117 -1.217854 -1.364269 -1.780162
 -1.899041 -1.152840 -1.205894 -1.447639
 -1.291984 -1.462017 -1.363577 -1.436484
 -1.259064 -1.415183 -1.351723 -1.539887
 -1.279282 -1.299283 -1.295922 -1.740742
 -1.846568 -1.241713 -1.189267 -1.390749
 -1.162962 -1.427746 -1.557909 -1.439627
 -1.243997 -1.478458 -1.613152 -1.256942
 -1.228006 -1.207203 -1.589411 -1.589411
 -1.828738 -1.217634 -1.361307 -1.247825
 -1.408848 -1.282184 -1.338397 -1.533039
 -1.341333 -1.191131 -1.522276 -1.530575
 -1.316785 -1.149731 -1.477846 -1.675824
 -1.933617 -1.140386 -1.217705 -1.428068
 -1.392577 -1.480353 -1.304166 -1.375910
 -1.155308 -1.501325 -1.375331 -1.563276
 -1.245666 -1.321044 -1.331777 -1.707125
 -1.795087 -1.354684 -1.125550 -1.380772
 -1.318096 -1.434168 -1.601222 -1.229659
 -1.324222 -1.397191 -1.515472 -1.320525
 -1.194183 -1.293513 -1.535826 -1.572791
 -1.889232 -1.254925 -1.325543 -1.210473
 -1.468560 -1.224156 -1.408421 -1.464436
 -1.268002 -1.318096 -1.434168 -1.548113
 -1.353746 -1.215062 -1.391645 -1.627747
 -1.945005 -1.149668 -1.239280 -1.383583
 -1.238638 -1.517871 -1.302449 -1.517871
 -1.219553 -1.553274 -1.339405 -1.464982
 -1.278320 -1.271631 -1.388165 -1.652404
 -1.851183 -1.196169 -1.261886 -1.356819
 -1.310737 -1.598418 -1.478102 -1.203665
 -1.326286 -1.319143 -1.654192 -1.287616
 -1.264523 -1.320183 -1.449395 -1.533277
 -1.787504 -1.279230 -1.482458 -1.116902
 -1.282471 -1.332126 -1.411563 -1.537251
 -1.322229 -1.263692 -1.517398 -1.462877
 -1.419373 -1.209774 -1.350082 -1.606189
 -2.014472 -1.081547 -1.267938 -1.401906
 -1.242281 -1.613662 -1.260697 -1.475511
 -1.299283 -1.391942 -1.281739 -1.603822
 -1.305959 -1.241421 -1.409372 -1.630572
 -1.835244 -1.254893 -1.225479 -1.340548
 -1.211636 -1.486579 -1.602781 -1.291678
 -1.232411 -1.418586 -1.532996 -1.384427
 -1.134109 -1.273464 -1.531476 -1.702571
 -1.748112 -1.266458 -1.452648 -1.170797
 -1.440651 -1.349679 -1.297550 -1.466626
 -1.428046 -1.225264 -1.534268 -1.382584
 -1.335664 -1.064932 -1.660440 -1.598449
 -1.913120 -1.021651 -1.395864 -1.407469
 -1.352249 -1.520444 -1.256558 -1.435085
 -1.263162 -1.528511 -1.257756 -1.532051
 -1.310583 -1.422700 -1.329704 -1.492904
 -1.859582 -1.334386 -1.203290 -1.270334
 -1.471886 -1.766686 -1.138458 -1.275480
 -1.698124 -1.607395 -1.305780 -1.062464
 -1.479920 -1.439987 -1.159448 -1.506187
 -1.551889 -1.470025 -1.398416 -1.167175
 -16.007164 -0.000000 -16.007164 -16.007164
 -15.991399 -0.000000 -15.991399 -15.991399
 -16.309542 -0.000000 -16.309542 -16.309542
 -16.297915 -0.000000 -16.297915 -16.297915
 -1.386294 -1.386294 -1.386294 -1.386294
 -1.112087 -1.283710 -1.407551 -1.901271
 -1.386294 -1.386294 -1.386294 -1.386294
 -1.386294 -1.386294 -1.386294 -1.386294
 -16.437277 -16.437277 -16.437277 -0.000000
 -16.265654 -16.265654 -16.265654 -0.000000
 -16.141813 -16.141813 -16.141813 -0.000000
 -15.648092 -15.648092 -15.648092 -0.000000
 -1.386294 -1.386294 -1.386294 -1.386294
 -1.386294 -1.386294 -1.386294 -1.386294
 -1.386294 -1.386294 -1.386294 -1.386294
 0.000000 -17.549364 -17.549364 -17.549364
 -17.549364 -17.549364 0.000000 -17.549364
 -1.386294 -1.386294 -1.386294 -1.386294
 -1.386294 -1.386294 -1.386294 -1.386294
 -1.386294 -1.386294 -1.386294 -1.386294
 -1.386294 -1.386294 -1.386294 -1.386294
 -1.386294 -1.386294 -1.386294 -1.386294
 -1.183627 -1.168135 -1.722958 -1.587922
 -1.386294 -1.386294 -1.386294 -1.386294
 -1.402824 -1.252763 -1.368499 -1.542268
 -1.276486 -1.217645 -1.681951 -1.431096
 -1.406579 -1.094604 -1.592185 -1.528469
 -1.574952 -1.156390 -1.371204 -1.493606
 -1.247958 -1.583759 -1.303144 -1.443793
 -1.180626 -1.657834 -1.271842 -1.504865
 -1.190194 -1.345515 -1.297506 -1.818803
 -1.720851 -1.327363 -1.144372 -1.437644
