 -1.236234 0.000100 0.000100 0.000100
 -1.443117 0.000100 0.000100 0.000100
 -1.484275 0.000100 0.000100 0.000100
 -1.399717 0.000100 0.000100 0.000100
 -1.095339 -1.277661 -1.694960 -1.593177
 -1.059082 -1.706766 -1.684787 -1.250749
 -1.223776 -1.267578 -1.521027 -1.580450
 -1.706680 -1.429694 -1.150109 -1.337320
 -1.095339 -1.350864 -1.642774 -1.545924
 -1.200119 -1.531476 -1.819158 -1.137988
 -1.033015 -1.320697 -1.750259 -1.592630
 -1.671313 -1.301953 -1.427116 -1.203973
 -1.105064 -1.370345 -1.696741 -1.463127
 -1.293037 -1.754854 -1.576163 -1.061708
 -1.181134 -1.181134 -1.752919 -1.547067
 -1.864448 -1.412464 -1.113483 -1.298054
 -1.091495 -1.252763 -1.806147 -1.540445
 -1.138941 -1.704747 -1.683241 -1.163942
 -1.081806 -1.187166 -1.937470 -1.551808
 -1.613003 -1.649370 -1.207538 -1.172447
 -1.357766 -1.196498 -1.769500 -1.308976
 -1.280934 -1.815856 -1.658228 -0.996830
 -1.192975 -1.177471 -1.825497 -1.480657
 -1.542863 -1.542863 -1.238374 -1.263692
 -1.227445 -1.166821 -1.871801 -1.419817
 -1.239340 -1.819158 -1.706680 -1.002952
 -1.066574 -1.276294 -1.787118 -1.563975
 -1.539345 -1.706399 -1.118613 -1.282916
 -1.352847 -1.010751 -1.970007 -1.435084
 -1.314551 -1.751267 -1.992429 -0.863966
 -1.054938 -1.121187 -1.774059 -1.856297
 -1.480226 -1.526746 -1.192544 -1.379422
 -1.130701 -1.047319 -1.891288 -1.740466
 -1.335001 -1.760668 -2.068969 -0.824176
 -1.049823 -1.139435 -1.931020 -1.687399
 -1.609437 -1.574346 -1.134980 -1.304056
 -1.095206 -1.055200 -2.384333 -1.490518
 -1.613134 -1.710298 -1.817928 -0.781838
 -1.193923 -0.970780 -1.956061 -1.732918
 -1.306252 -1.692668 -1.174324 -1.443453
 -1.044909 -1.126586 -2.337674 -1.480226
 -1.642227 -1.802570 -1.993624 -0.682453
 -1.211091 -1.062055 -1.940604 -1.547562
 -1.362684 -1.637121 -1.180363 -1.417493
 -1.137694 -0.914551 -2.327276 -1.708238
 -1.561011 -1.739702 -1.904782 -0.764324
 -1.098613 -1.149044 -1.990609 -1.545924
 -1.367602 -1.634917 -1.240263 -1.343211
 -1.051307 -1.022036 -2.575381 -1.539292
 -1.479471 -1.544010 -2.111993 -0.826171
 -0.966441 -1.302913 -1.996058 -1.551374
 -1.441864 -1.563225 -1.224452 -1.346554
 -1.187712 -0.868282 -2.584815 -1.609437
 -1.415708 -1.749199 -1.650108 -0.938270
 -1.116631 -1.273817 -1.689976 -1.568615
 -1.532723 -1.548227 -1.288270 -1.218474
 -1.091495 -0.943442 -2.590264 -1.609437
 -1.240642 -1.396802 -1.727656 -1.252763
 -0.956565 -1.396876 -1.813036 -1.583462
 -1.475480 -1.569299 -1.225826 -1.310725
 -1.114511 -1.067554 -2.540023 -1.389454
 -1.208613 -1.504077 -1.488573 -1.372501
 -1.022240 -1.715386 -1.552867 -1.391599
 -1.989828 -1.311071 -1.386294 -1.067841
 -1.136878 -1.105462 -2.246184 -1.417493
 -1.225952 -1.400893 -1.688575 -1.289668
 -1.156985 -1.376038 -2.132362 -1.156985
 -2.104133 -1.182146 -1.290035 -1.216831
 -1.183278 -1.136211 -2.046769 -1.412464
 -1.392939 -1.353718 -1.567292 -1.256080
 -1.244644 -1.225952 -1.718427 -1.430746
 -1.808971 -1.323464 -1.417493 -1.115825
 -1.150109 -1.337320 -2.189530 -1.174802
 -1.262915 -1.262915 -1.633289 -1.431052
 -1.197394 -1.416447 -1.697349 -1.300935
 -2.211016 -1.176944 -1.359266 -1.122877
 -0.761038 -0.992480 -1.819158 -14.767170
 -0.963794 -1.151535 -1.195987 -14.883665
 -0.949500 -1.088613 -1.285972 -14.503647
 -1.795087 -0.919619 -0.831914 -14.917452
 -1.278152 -1.201191 -2.099132 -1.210494
 -1.226446 -1.244795 -1.496109 -1.636466
 -1.212448 -1.361293 -1.581355 -1.425009
 -1.386294 -1.386294 -1.386294 -1.386294
 -0.789775 -1.251120 -2.672502 -1.656584
 -0.923048 -1.474224 -1.801911 -1.566597
 -1.103808 -1.088303 -2.429473 -1.412543
 -1.856297 -0.980830 -1.340485 -1.574885
 -0.000001 -15.096445 -15.096445 -15.096445
 -0.000001 -14.966084 -14.966084 -14.966084
 -0.000002 -14.247295 -14.247295 -14.247295
 -0.000001 -14.603970 -14.603970 -14.603970
 -16.166885 -0.000000 -16.166885 -16.166885
 -1.386294 -1.386294 -1.386294 -1.386294
 -1.386294 -1.386294 -1.386294 -1.386294
 -1.386294 -1.386294 -1.386294 -1.386294
 -1.386294 -1.386294 -1.386294 -1.386294
 -0.000000 -16.166885 -16.166885 -16.166885
 -1.386294 -1.386294 -1.386294 -1.386294
 -1.386294 -1.386294 -1.386294 -1.386294
 -16.166885 -16.166885 -0.000000 -16.166885
 -1.386294 -1.386294 -1.386294 -1.386294
 -1.386294 -1.386294 -1.386294 -1.386294
 -1.386294 -1.386294 -1.386294 -1.386294
 -1.386294 -1.386294 -1.386294 -1.386294
 -1.386294 -1.386294 -1.386294 -1.386294
 -1.246119 -1.455287 -1.145405 -1.826646
 -1.386294 -1.386294 -1.386294 -1.386294
 -1.392939 -1.392939 -1.616082 -1.188639
 -1.440815 -1.267152 -1.812378 -1.144550
 -1.216021 -1.257264 -1.803807 -1.368490
 -2.038854 -1.301257 -1.279751 -1.140915
 -1.155308 -1.274655 -2.040825 -1.288839
 -1.209838 -1.375823 -1.509354 -1.478102
 -1.458120 -0.964463 -1.781906 -1.524078
 -1.801515 -1.267433 -1.415853 -1.168993
 -1.340055 0.000100 0.000100 0.000100
 -1.280972 0.000100 0.000100 0.000100
 -1.407179 0.000100 0.000100 0.000100
 -1.534475 0.000100 0.000100 0.000100
 -1.269126 -1.443605 -1.298423 -1.561192
 -1.260968 -1.430367 -1.368375 -1.501126
 -1.212557 -1.271276 -1.446032 -1.678854
 -2.013560 -1.161003 -1.222969 -1.351079
 -1.386675 -1.361129 -1.334773 -1.467479
 -1.267295 -1.324682 -1.491736 -1.480436
 -1.247458 -1.232249 -1.447561 -1.682080
 -2.099545 -1.095521 -1.255864 -1.353661
 -1.297142 -1.348435 -1.394365 -1.518449
 -1.185962 -1.449547 -1.401650 -1.543271
 -1.229887 -1.241832 -1.452042 -1.688870
 -2.006319 -1.133257 -1.240553 -1.369200
 -1.292768 -1.450129 -1.317804 -1.499563
 -1.250297 -1.413106 -1.438052 -1.457557
 -1.208560 -1.292441 -1.448446 -1.651102
 -1.941909 -1.149788 -1.241028 -1.383181
 -1.348092 -1.359805 -1.351008 -1.493547
 -1.284806 -1.318298 -1.429124 -1.531613
 -1.324782 -1.203218 -1.371302 -1.714043
 -1.946342 -1.129721 -1.203110 -1.453194
 -1.342526 -1.354949 -1.412843 -1.437991
 -1.167557 -1.387987 -1.495155 -1.536732
 -1.236476 -1.294008 -1.440116 -1.616845
 -1.965595 -1.110010 -1.212775 -1.456713
 -1.333651 -1.413693 -1.323728 -1.482356
 -1.301509 -1.354502 -1.368201 -1.536007
 -1.232311 -1.271852 -1.415167 -1.686399
 -1.916484 -1.161133 -1.247507 -1.376244
 -1.337504 -1.289565 -1.386294 -1.550653
 -1.223704 -1.344208 -1.438429 -1.571106
 -1.287670 -1.158661 -1.408298 -1.798050
 -2.006342 -1.073791 -1.298548 -1.382773
 -1.309783 -1.415305 -1.349759 -1.478554
 -1.190470 -1.391856 -1.410400 -1.593256
 -1.259543 -1.200119 -1.455839 -1.704555
 -1.915619 -1.082435 -1.276099 -1.448785
 -1.316902 -1.419783 -1.322505 -1.496992
 -1.172960 -1.406222 -1.416158 -1.595346
 -1.229686 -1.308639 -1.419365 -1.631885
 -1.953739 -1.167933 -1.214734 -1.384461
 -1.332247 -1.283995 -1.407007 -1.540321
 -1.321939 -1.296244 -1.391421 -1.555409
 -1.279301 -1.204716 -1.474793 -1.644211
 -2.055195 -1.097275 -1.257908 -1.370797
 -1.291499 -1.398495 -1.349003 -1.520172
 -1.112159 -1.446837 -1.467979 -1.582562
 -1.206936 -1.304442 -1.472920 -1.607895
 -2.062634 -1.108474 -1.258354 -1.352095
 -1.296370 -1.444097 -1.248215 -1.592084
 -1.253666 -1.364519 -1.400469 -1.548537
 -1.279925 -1.308255 -1.373560 -1.617235
 -2.087417 -1.127262 -1.187632 -1.397835
 -1.396592 -1.336342 -1.337842 -1.481289
 -1.268870 -1.311930 -1.470535 -1.515271
 -1.269974 -1.251165 -1.418445 -1.656009
 -2.041401 -1.089636 -1.238216 -1.410942
 -1.306406 -1.344204 -1.429396 -1.474000
 -1.177813 -1.345365 -1.518671 -1.548338
 -1.227051 -1.245376 -1.445020 -1.696795
 -2.091423 -1.110147 -1.266308 -1.327618
 -1.207389 -1.503130 -1.289229 -1.594021
 -1.232632 -1.434606 -1.392465 -1.505959
 -1.179654 -1.355245 -1.386694 -1.688317
 -1.867215 -1.155822 -1.265985 -1.391562
 -1.366598 -1.185459 -1.460208 -1.573910
 -1.212439 -1.282067 -1.534548 -1.562969
 -1.235295 -1.199334 -1.481751 -1.711378
 -1.973359 -1.094110 -1.311542 -1.359579
 -1.286891 -1.443838 -1.348825 -1.477064
 -1.119510 -1.397493 -1.457152 -1.642758
 -1.168517 -1.274614 -1.365515 -1.868309
 -1.889082 -1.121719 -1.192918 -1.515333
 -1.040570 -1.252763 -1.018787 -17.157665
 -0.946776 -1.256004 -1.117121 -17.140907
 -1.044682 -1.086782 -1.168296 -17.107265
 -1.607494 -0.975655 -0.861175 -16.838858
 -1.471297 -1.203779 -1.291937 -1.631805
 -1.264255 -1.274011 -1.453722 -1.588930
 -1.308030 -1.150253 -1.341125 -1.886905
 -1.386294 -1.386294 -1.386294 -1.386294
 -1.211037 -1.437607 -1.162484 -1.884479
 -1.089301 -1.446113 -1.264933 -1.925475
 -1.160600 -1.273449 -1.399149 -1.832394
 -2.028465 -0.916555 -1.164102 -1.855559
 0.000000 -17.193098 -17.193098 -17.193098
 0.000000 -17.173452 -17.173452 -17.173452
 0.000000 -17.205647 -17.205647 -17.205647
 -0.000000 -16.578049 -16.578049 -16.578049
 -18.455469 0.000000 -18.455469 -18.455469
 -1.386294 -1.386294 -1.386294 -1.386294
 -1.386294 -1.386294 -1.386294 -1.386294
 -1.386294 -1.386294 -1.386294 -1.386294
 -1.386294 -1.386294 -1.386294 -1.386294
 0.000000 -18.455469 -18.455469 -18.455469
 -1.386294 -1.386294 -1.386294 -1.386294
 -1.386294 -1.386294 -1.386294 -1.386294
 -18.455469 -18.455469 0.000000 -18.455469
 -1.386294 -1.386294 -1.386294 -1.386294
 -1.386294 -1.386294 -1.386294 -1.386294
 -1.386294 -1.386294 -1.386294 -1.386294
 -1.386294 -1.386294 -1.386294 -1.386294
 -1.386294 -1.386294 -1.386294 -1.386294
 -1.317083 -1.050899 -1.563568 -1.754041
 -1.386294 -1.386294 -1.386294 -1.386294
 -1.212662 -1.318696 -1.416300 -1.647650
 -1.157202 -1.385190 -1.567512 -1.483706
 -1.193876 -1.163889 -1.520353 -1.795456
 -1.810915 -1.029619 -1.315220 -1.556193
 -1.249507 -1.440247 -1.372995 -1.499966
 -1.154086 -1.514588 -1.474011 -1.444982
 -1.173528 -1.302225 -1.468017 -1.669093
 -1.932621 -1.276453 -1.203814 -1.286780
