 -1.269087 0.000100 0.000100 0.000100
 -1.444978 0.000100 0.000100 0.000100
 -1.439498 0.000100 0.000100 0.000100
 -1.401960 0.000100 0.000100 0.000100
 -1.285553 -1.269024 -1.595707 -1.428654
 -1.126470 -1.375365 -1.836710 -1.332806
 -1.035100 -1.338285 -1.842189 -1.495914
 -2.302582 -1.152680 -1.136151 -1.335001
 -1.305873 -1.324222 -1.421386 -1.506543
 -1.180984 -1.541996 -1.478818 -1.381654
 -0.982877 -1.309561 -1.309561 -2.454688
 -1.851075 -1.141400 -1.157929 -1.563394
 -1.039099 -1.693024 -1.213452 -1.801237
 -0.992277 -1.391184 -1.857273 -1.494368
 -1.017809 -1.088760 -1.752919 -2.050169
 -1.734600 -1.005087 -1.596450 -1.366876
 -1.207965 -1.194720 -14.735795 -0.920283
 -1.146469 -1.271632 -14.576319 -0.911629
 -0.987061 -1.149579 -14.291747 -1.169382
 -1.987872 -0.872734 -14.193950 -0.809221
 -14.617514 -14.617514 -0.000001 -14.617514
 -14.723771 -14.723771 -0.000001 -14.723771
 -1.386294 -1.386294 -1.386294 -1.386294
 -14.917452 -14.917452 -0.000001 -14.917452
 -1.386294 -1.386294 -1.386294 -1.386294
 -1.386294 -1.386294 -1.386294 -1.386294
 -15.859325 -15.859325 -15.859325 -0.000000
 -1.386294 -1.386294 -1.386294 -1.386294
 -1.386294 -1.386294 -1.386294 -1.386294
 -1.386294 -1.386294 -1.386294 -1.386294
 -1.386294 -1.386294 -1.386294 -1.386294
 -0.000000 -15.859325 -15.859325 -15.859325
 -0.000000 -15.859325 -15.859325 -15.859325
 -1.386294 -1.386294 -1.386294 -1.386294
 -1.386294 -1.386294 -1.386294 -1.386294
 -1.386294 -1.386294 -1.386294 -1.386294
 -15.859325 -15.859325 -0.000000 -15.859325
 -1.386294 -1.386294 -1.386294 -1.386294
 -1.386294 -1.386294 -1.386294 -1.386294
 -1.386294 -1.386294 -1.386294 -1.386294
 -1.386294 -1.386294 -1.386294 -1.386294
 -1.386294 -1.386294 -1.386294 -1.386294
 -15.859325 -15.859325 -15.859325 -0.000000
 -1.386294 -1.386294 -1.386294 -1.386294
 -1.386294 -1.386294 -1.386294 -1.386294
 -1.386294 -1.386294 -1.386294 -1.386294
 -1.386294 -1.386294 -1.386294 -1.386294
 -1.766182 -1.246307 -1.721731 -1.014195
 -1.271884 -1.417066 -1.481604 -1.386294
 -1.197985 -1.713797 -1.470852 -1.243795
 -1.166054 -1.371906 -1.430746 -1.631416
 -2.744414 -1.609437 -1.000061 -1.000061
 -1.174120 -1.392373 -2.397891 -1.045503
 -1.033308 -1.567389 -2.454688 -1.050700
 -1.117218 -1.448072 -1.824548 -1.285553
 -1.761388 -1.533129 -1.399598 -1.006110
 -1.418780 -1.112406 -1.778153 -1.346020
 -1.314639 -1.336145 -1.609437 -1.314639
 -1.203973 -1.123931 -1.529395 -1.843051
 -2.185662 -1.425825 -1.170933 -1.087052
 -1.442384 -1.214126 -1.704747 -1.255798
 -1.184379 -1.126392 -1.892563 -1.517870
 -1.269761 -1.038649 -1.885945 -1.544197
 -2.351372 -1.304056 -1.455287 -0.916291
 -1.449473 0.000100 0.000100 0.000100
 -1.289131 0.000100 0.000100 0.000100
 -1.366092 0.000100 0.000100 0.000100
 -1.449473 0.000100 0.000100 0.000100
 -2.036866 -1.056058 -1.056058 -1.749192
 -1.349927 -1.686394 -1.504076 -1.098616
 -1.021656 -2.525695 -1.021656 -1.609434
 -1.749192 -1.189587 -0.938276 -2.036866
 -1.343735 -1.189587 -1.526054 -1.526054
 -1.299284 -1.011607 -1.704741 -1.704741
 -1.386294 -1.163153 -1.386294 -1.673972
 -1.658222 -1.435084 -1.252765 -1.252765
 -1.232146 -1.386294 -1.386294 -1.568613
 -1.098616 -2.014891 -1.321757 -1.321757
 -1.343735 -1.526054 -1.526054 -1.189587
 -1.435084 -1.435084 -1.945896 -0.965087
 -0.767262 -1.722761 -12.542560 -1.029624
 -0.916298 -0.916298 -12.206093 -1.609433
 -0.788465 -1.704741 -12.301401 -1.011607
 -0.934314 -0.934314 -12.542560 -1.540443
 -12.948019 -12.948019 -0.000007 -12.948019
 -12.542559 -12.542559 -0.000011 -12.542559
 -1.386294 -1.386294 -1.386294 -1.386294
 -12.542559 -12.542559 -0.000011 -12.542559
 -1.386294 -1.386294 -1.386294 -1.386294
 -1.386294 -1.386294 -1.386294 -1.386294
 -13.795312 -13.795312 -13.795312 -0.000003
 -1.386294 -1.386294 -1.386294 -1.386294
 -1.386294 -1.386294 -1.386294 -1.386294
 -1.386294 -1.386294 -1.386294 -1.386294
 -1.386294 -1.386294 -1.386294 -1.386294
 -0.000003 -13.795312 -13.795312 -13.795312
 -0.000003 -13.795312 -13.795312 -13.795312
 -1.386294 -1.386294 -1.386294 -1.386294
 -1.386294 -1.386294 -1.386294 -1.386294
 -1.386294 -1.386294 -1.386294 -1.386294
 -13.795312 -13.795312 -0.000003 -13.795312
 -1.386294 -1.386294 -1.386294 -1.386294
 -1.386294 -1.386294 -1.386294 -1.386294
 -1.386294 -1.386294 -1.386294 -1.386294
 -1.386294 -1.386294 -1.386294 -1.386294
 -1.386294 -1.386294 -1.386294 -1.386294
 -13.795312 -13.795312 -13.795312 -0.000003
 -1.386294 -1.386294 -1.386294 -1.386294
 -1.386294 -1.386294 -1.386294 -1.386294
 -1.386294 -1.386294 -1.386294 -1.386294
 -1.386294 -1.386294 -1.386294 -1.386294
 -1.119233 -1.449473 -1.366092 -1.694594
 -1.856290 -0.900791 -1.268513 -1.856290
 -1.526054 -1.749192 -1.343735 -1.056058
 -2.120246 -1.272967 -1.609434 -0.916297
 -2.890294 -1.504075 -1.098618 -0.944470
 -1.252767 -1.252767 -1.945889 -1.252767
 -1.722761 -1.540443 -1.134983 -1.252765
 -1.312187 -0.955517 -1.466336 -2.159466
 -2.708014 -0.762146 -1.455286 -1.455286
 -1.280936 -1.504075 -1.280936 -1.504075
 -1.041457 -2.140053 -1.223777 -1.446918
 -1.386294 -1.791751 -1.386294 -1.098616
 -1.992415 -1.481603 -1.011607 -1.299284
 -1.312187 -1.312187 -1.178658 -1.871793
 -1.734591 -12.043577 -1.041461 -0.753783
 -1.287856 -1.170074 -1.421385 -1.757852
 -1.871793 -1.466336 -1.466336 -0.955517
