 -1.314918 0.000100 0.000100 0.000100
 -1.494576 0.000100 0.000100 0.000100
 -1.379160 0.000100 0.000100 0.000100
 -1.365042 0.000100 0.000100 0.000100
 -1.046653 -1.427116 -1.654900 -1.524280
 -1.016935 -1.324419 -1.940604 -1.475242
 -1.034371 -1.257514 -1.855349 -1.590658
 -1.900239 -1.146469 -1.453953 -1.207093
 -1.015546 -1.426460 -1.645514 -1.586090
 -1.052289 -1.439404 -1.662547 -1.495493
 -0.903305 -1.419520 -1.392852 -2.257846
 -1.892106 -1.030625 -1.073798 -1.892106
 -1.303064 -1.360222 -1.235925 -1.708528
 -0.900787 -1.441354 -1.748084 -1.698073
 -1.182431 -1.285972 -1.361479 -1.827568
 -1.752538 -1.160488 -1.399717 -1.321756
 -1.090644 -1.301953 -14.731803 -0.936494
 -1.089684 -1.329634 -14.617514 -0.918536
 -0.743410 -1.128466 -14.528462 -1.604548
 -1.443818 -1.056053 -14.291747 -0.876713
 -14.893922 -14.893922 -0.000001 -14.893922
 -14.727795 -14.727795 -0.000001 -14.727795
 -1.386294 -1.386294 -1.386294 -1.386294
 -14.897317 -14.897317 -0.000001 -14.897317
 -1.386294 -1.386294 -1.386294 -1.386294
 -1.386294 -1.386294 -1.386294 -1.386294
 -15.941360 -15.941360 -15.941360 -0.000000
 -1.386294 -1.386294 -1.386294 -1.386294
 -1.386294 -1.386294 -1.386294 -1.386294
 -1.386294 -1.386294 -1.386294 -1.386294
 -1.386294 -1.386294 -1.386294 -1.386294
 -0.000000 -15.941360 -15.941360 -15.941360
 -15.941359 -0.764872 -2.115897 -0.881693
 -1.386294 -1.386294 -1.386294 -1.386294
 -1.386294 -1.386294 -1.386294 -1.386294
 -1.386294 -1.386294 -1.386294 -1.386294
 -1.386294 -1.386294 -1.386294 -1.386294
 -15.176488 -15.176488 -0.000001 -15.176488
 -13.825465 -13.825465 -0.000003 -13.825465
 -15.059667 -15.059667 -0.000001 -15.059667
 -1.386294 -1.386294 -1.386294 -1.386294
 -1.386294 -1.386294 -1.386294 -1.386294
 -15.941360 -15.941360 -15.941360 -0.000000
 -1.386294 -1.386294 -1.386294 -1.386294
 -1.386294 -1.386294 -1.386294 -1.386294
 -1.386294 -1.386294 -1.386294 -1.386294
 -1.386294 -1.386294 -1.386294 -1.386294
 -1.720383 -1.369726 -1.649614 -0.981625
 -1.919591 -1.139435 -2.066194 -0.899762
 -1.318241 -1.490091 -1.697730 -1.127186
 -1.862527 -0.970531 -1.823306 -1.189584
 -2.571336 -1.431905 -1.272056 -0.905206
 -1.355523 -1.268512 -2.367118 -1.001884
 -1.156278 -1.439404 -2.502295 -1.004087
 -1.122143 -1.363305 -2.056450 -1.235472
 -1.873437 -1.518892 -1.646047 -0.833237
 -1.183452 -1.353350 -1.876597 -1.264797
 -1.337976 -1.230731 -1.781906 -1.282916
 -1.386294 -1.029621 -1.627455 -1.627455
 -2.256063 -1.241713 -1.370546 -1.043043
 -1.289963 -1.353142 -1.962906 -1.121341
 -1.292476 -1.234489 -2.129871 -1.153363
 -1.627456 -1.080913 -1.828126 -1.192139
 -2.422383 -1.156720 -1.402555 -1.047521
 -1.443383 0.000100 0.000100 0.000100
 -1.576915 0.000100 0.000100 0.000100
 -1.139582 0.000100 0.000100 0.000100
 -1.438396 0.000100 0.000100 0.000100
 -1.108663 -1.328026 -1.514127 -1.687399
 -1.252763 -1.427116 -1.451214 -1.427116
 -1.443236 -1.325453 -1.325453 -1.458984
 -1.519115 -1.474663 -1.352061 -1.225768
 -1.800727 -1.221992 -1.221992 -1.404313
 -1.410048 -1.335940 -1.335940 -1.469472
 -1.372042 -1.391091 -1.492186 -1.299283
 -1.936008 -1.026639 -1.352061 -1.432104
 -1.171372 -1.478102 -1.428091 -1.504077
 -0.983544 -1.676690 -1.174598 -2.039594
 -1.303818 -1.446919 -1.135483 -1.760576
 -1.264797 -1.247990 -1.372042 -1.731416
 -1.065090 -1.232144 -14.786291 -1.011601
 -1.093549 -1.240153 -14.493546 -0.979139
 -0.910087 -1.373923 -14.695139 -1.065957
 -1.932209 -1.084914 -14.187077 -0.659247
 -14.827113 -14.827113 -0.000001 -14.827113
 -14.707510 -14.707510 -0.000001 -14.707510
 -1.386294 -1.386294 -1.386294 -1.386294
 -15.003355 -15.003355 -0.000001 -15.003355
 -1.386294 -1.386294 -1.386294 -1.386294
 -1.386294 -1.386294 -1.386294 -1.386294
 -15.952042 -15.952042 -15.952042 -0.000000
 -1.386294 -1.386294 -1.386294 -1.386294
 -1.386294 -1.386294 -1.386294 -1.386294
 -1.386294 -1.386294 -1.386294 -1.386294
 -1.386294 -1.386294 -1.386294 -1.386294
 -0.000000 -15.952042 -15.952042 -15.952042
 -15.952042 -0.915701 -1.785873 -0.839068
 -1.386294 -1.386294 -1.386294 -1.386294
 -1.386294 -1.386294 -1.386294 -1.386294
 -1.386294 -1.386294 -1.386294 -1.386294
 -1.386294 -1.386294 -1.386294 -1.386294
 -15.036342 -15.036342 -0.000001 -15.036342
 -14.166170 -14.166170 -0.000002 -14.166170
 -15.112975 -15.112975 -0.000001 -15.112975
 -1.386294 -1.386294 -1.386294 -1.386294
 -1.386294 -1.386294 -1.386294 -1.386294
 -15.952042 -15.952042 -15.952042 -0.000000
 -1.386294 -1.386294 -1.386294 -1.386294
 -1.386294 -1.386294 -1.386294 -1.386294
 -1.386294 -1.386294 -1.386294 -1.386294
 -1.386294 -1.386294 -1.386294 -1.386294
 -1.499954 -1.188741 -1.303621 -1.605902
 -2.063691 -1.007641 -1.370546 -1.370546
 -1.425825 -1.563975 -1.087052 -1.545626
 -1.609437 -1.343735 -1.175400 -1.467787
 -2.496736 -1.285651 -1.184555 -1.092748
 -1.199417 -1.582409 -1.616310 -1.222407
 -1.310945 -1.486835 -1.566878 -1.218572
 -1.183512 -1.509908 -1.442086 -1.442086
 -1.805943 -1.127186 -1.353959 -1.372308
 -1.632427 -1.116962 -1.368276 -1.501807
 -1.405712 -1.576338 -1.312187 -1.277095
 -1.311447 -1.219639 -1.736329 -1.350667
 -1.837015 -1.143869 -1.103047 -1.659334
 -1.375365 -1.490434 -1.312187 -1.375365
 -1.234489 -1.526876 -1.292476 -1.526876
 -1.506342 -1.239280 -1.223776 -1.636962
 -1.584745 -1.634755 -1.007859 -1.448170
