 -1.391859 0.000100 0.000100 0.000100
 -1.331235 0.000100 0.000100 0.000100
 -1.335445 0.000100 0.000100 0.000100
 -1.495237 0.000100 0.000100 0.000100
 -1.148967 -1.441354 -1.561498 -1.441354
 -1.329136 -1.154783 -1.601069 -1.521027
 -1.233954 -1.357186 -1.425009 -1.556037
 -1.976062 -1.074162 -1.300935 -1.396245
 -1.381975 -1.179738 -1.364880 -1.681217
 -1.363305 -1.378572 -1.333452 -1.475422
 -1.362427 -1.084224 -1.400893 -1.836210
 -2.027171 -1.005522 -1.228666 -1.561809
 -1.240583 -1.386294 -1.511457 -1.426300
 -1.063644 -1.448700 -1.463967 -1.668062
 -1.195605 -1.411828 -1.483286 -1.483286
 -1.397594 -1.269761 -1.570865 -1.331636
 -0.723001 -1.654558 -14.816144 -1.128466
 -0.950193 -1.034074 -14.626443 -1.355657
 -0.985817 -1.040626 -14.513647 -1.295972
 -1.599633 -0.882390 -14.523548 -0.956498
 -15.024472 -15.024472 -0.000001 -15.024472
 -14.869824 -14.869824 -0.000001 -14.869824
 -1.386294 -1.386294 -1.386294 -1.386294
 -14.841554 -14.841554 -0.000001 -14.841554
 -1.386294 -1.386294 -1.386294 -1.386294
 -1.386294 -1.386294 -1.386294 -1.386294
 -16.013845 -16.013845 -16.013845 -0.000000
 -1.386294 -1.386294 -1.386294 -1.386294
 -1.386294 -1.386294 -1.386294 -1.386294
 -1.386294 -1.386294 -1.386294 -1.386294
 -1.386294 -1.386294 -1.386294 -1.386294
 -1.235161 -1.258328 -1.540815 -1.556481
 -1.224539 -1.277885 -1.676524 -1.425210
 -1.268512 -1.325670 -1.402043 -1.574885
 -1.135556 -1.311447 -1.412543 -1.796953
 -2.356649 -1.239691 -1.057370 -1.315199
 -0.901123 -1.229030 -14.644064 -1.199616
 -0.908259 -1.131402 -14.723771 -1.293921
 -0.961754 -1.059392 -14.626443 -1.305227
 -1.198961 -1.059199 -14.503647 -1.044810
 -1.261652 -1.563320 -1.443973 -1.304212
 -1.572706 -1.289131 -1.478887 -1.240929
 -1.386294 -1.386294 -1.386294 -1.386294
 -1.877414 -1.148336 -1.513449 -1.172147
 -1.245216 -1.438119 -1.438119 -1.438119
 -1.497768 -1.248553 -1.390523 -1.425009
 -1.320543 -1.376632 -1.638996 -1.250339
 -1.897119 -1.371027 -1.106335 -1.326575
 -1.190986 -1.680533 -1.556919 -1.207246
 -1.307904 -1.292156 -1.622397 -1.356694
 -1.090029 -1.352393 -1.476445 -1.733165
 -1.835819 -1.303603 -1.272350 -1.242045
 -1.203973 -1.386294 -1.568616 -1.420196
 -1.211408 -1.181994 -1.654900 -1.587459
 -1.221845 -1.307367 -1.420696 -1.643839
 -1.770159 -1.116234 -1.322848 -1.444738
 -1.349329 -1.271771 -1.487479 -1.451112
 -1.341174 -1.355989 -1.535330 -1.326575
 -1.190986 -1.190986 -1.654558 -1.604548
 -1.854279 -1.262916 -1.227824 -1.317975
 -1.329634 -1.296298 -1.495149 -1.436880
 -1.266749 -1.238970 -1.700787 -1.402295
 -1.289668 -1.205585 -1.595049 -1.504077
 -1.627871 -1.311534 -1.538924 -1.140577
 -1.318439 0.000100 0.000100 0.000100
 -1.374962 0.000100 0.000100 0.000100
 -1.382440 0.000100 0.000100 0.000100
 -1.475638 0.000100 0.000100 0.000100
 -1.367998 -1.322684 -1.354436 -1.510173
 -1.367036 -1.259167 -1.480054 -1.454047
 -1.293723 -1.196608 -1.508667 -1.597856
 -2.044007 -1.092137 -1.265147 -1.375176
 -1.465559 -1.314238 -1.239051 -1.557257
 -1.325014 -1.308439 -1.296378 -1.658426
 -1.483857 -1.249014 -1.317976 -1.519713
 -2.069801 -1.104525 -1.107129 -1.551573
 -1.288306 -1.366310 -1.467855 -1.432142
 -1.177467 -1.422605 -1.560830 -1.423394
 -1.277167 -1.212319 -1.515746 -1.589522
 -1.711911 -1.172340 -1.432000 -1.305610
 -1.055990 -1.171844 -19.646160 -1.071901
 -1.179730 -0.983109 -19.677094 -1.144157
 -1.044447 -1.014152 -19.469717 -1.253849
 -2.083257 -0.773488 -19.525772 -0.881708
 -19.714037 -19.714037 0.000000 -19.714037
 -19.988901 -19.988901 0.000000 -19.988901
 -1.386294 -1.386294 -1.386294 -1.386294
 -19.890833 -19.890833 0.000000 -19.890833
 -1.386294 -1.386294 -1.386294 -1.386294
 -1.386294 -1.386294 -1.386294 -1.386294
 -20.969580 -20.969580 -20.969580 0.000000
 -1.386294 -1.386294 -1.386294 -1.386294
 -1.386294 -1.386294 -1.386294 -1.386294
 -1.386294 -1.386294 -1.386294 -1.386294
 -1.386294 -1.386294 -1.386294 -1.386294
 -1.891275 -0.992334 -1.433888 -1.426993
 -1.780939 -1.026805 -1.625471 -1.285358
 -1.226542 -1.506157 -1.272589 -1.585581
 -1.545947 -1.302787 -1.130327 -1.649275
 -2.262903 -1.123206 -1.117913 -1.411590
 -0.999774 -1.183676 -19.408585 -1.121207
 -1.006043 -1.133031 -19.693386 -1.163851
 -0.973508 -1.056946 -19.728230 -1.291971
 -1.609544 -0.858001 -19.464415 -0.978133
 -1.396372 -1.347487 -1.341811 -1.464288
 -1.373067 -1.292514 -1.481766 -1.407087
 -1.386294 -1.386294 -1.386294 -1.386294
 -2.061560 -1.120050 -1.260192 -1.336052
 -1.366074 -1.439803 -1.281689 -1.468152
 -1.269747 -1.471294 -1.262480 -1.577368
 -1.301958 -1.334635 -1.274338 -1.686692
 -2.082974 -1.220705 -1.081416 -1.421699
 -1.259262 -1.412103 -1.480413 -1.406650
 -1.255378 -1.403704 -1.456156 -1.443009
 -1.195374 -1.307466 -1.485425 -1.606948
 -1.957818 -1.154946 -1.345229 -1.261322
 -1.348251 -1.345698 -1.360057 -1.499231
 -1.345119 -1.272527 -1.472259 -1.469841
 -1.275589 -1.219368 -1.513959 -1.583382
 -2.008254 -1.111246 -1.281637 -1.350749
 -1.386128 -1.384930 -1.298928 -1.483719
 -1.273304 -1.412210 -1.334910 -1.545016
 -1.309590 -1.297990 -1.331153 -1.646015
 -1.957256 -1.189389 -1.171083 -1.409291
 -1.276293 -1.389641 -1.484294 -1.406076
 -1.283243 -1.373610 -1.505751 -1.395048
 -1.227549 -1.288222 -1.494915 -1.575221
 -1.923662 -1.193736 -1.301145 -1.277898
