 -1.355372 0.000100 0.000100 0.000100
 -1.387949 0.000100 0.000100 0.000100
 -1.470755 0.000100 0.000100 0.000100
 -1.336324 0.000100 0.000100 0.000100
 -1.288656 -1.336284 -1.717651 -1.265667
 -1.085455 -1.616082 -1.685074 -1.279611
 -1.437966 -1.196805 -1.638636 -1.323556
 -1.405342 -1.156882 -1.634916 -1.405342
 -1.283347 -1.374318 -1.585627 -1.327798
 -1.510231 -1.567389 -1.456164 -1.086418
 -1.302212 -1.047320 -1.791758 -1.558144
 -1.621860 -1.476678 -1.280934 -1.216396
 -1.365816 -1.393215 -1.609437 -1.215534
 -1.341559 -1.596450 -1.533930 -1.138618
 -1.275069 -1.329136 -1.616817 -1.357307
 -1.504077 -1.586315 -1.064127 -1.478102
 -1.392852 -1.269238 -1.734600 -1.223776
 -1.263692 -1.669156 -1.931519 -0.956963
 -1.441864 -0.807559 -1.861716 -1.819157
 -1.398416 -1.474401 -1.283347 -1.398416
 -1.269238 -1.316866 -1.564702 -1.419520
 -1.464412 -1.857453 -1.895193 -0.771266
 -1.457753 -1.015922 -1.662547 -1.534714
 -1.380178 -1.456164 -1.222550 -1.510231
 -1.256080 -1.233091 -1.839224 -1.328400
 -1.819157 -1.531476 -1.629916 -0.854079
 -1.325670 -0.881740 -2.018814 -1.673975
 -1.269761 -1.544197 -1.211492 -1.570865
 -1.233091 -1.066037 -1.881784 -1.551543
 -1.822156 -1.982498 -1.859896 -0.607136
 -1.228666 -0.920365 -1.978968 -1.767660
 -1.039424 -1.880989 -1.168041 -1.698668
 -1.214126 -0.801881 -2.803353 -1.640209
 -1.785069 -1.393028 -2.059505 -0.784440
 -1.429969 -0.830350 -2.197220 -1.543298
 -0.954364 -2.268680 -1.397855 -1.330414
 -1.052362 -1.198073 -1.911021 -1.603538
 -1.825660 -2.057461 -1.637608 -0.660359
 -0.976917 -1.307157 -1.609437 -1.877699
 -1.190420 -1.809458 -1.098613 -1.615302
 -1.483933 -0.670159 -2.439440 -1.746296
 -1.570217 -1.650259 -1.650259 -0.896489
 -1.234279 -0.693149 -2.125248 -2.412928
 -1.031922 -1.470176 -1.548137 -1.603707
 -0.807924 -1.180163 -2.278771 -1.933932
 -1.751485 -2.130973 -2.093233 -0.537042
 -0.910872 -1.343735 -2.123888 -1.526056
 -1.296682 -1.519825 -1.386294 -1.355523
 -1.343735 -0.832910 -2.442343 -1.526056
 -1.276294 -1.394076 -1.864078 -1.146241
 -1.330414 -1.000174 -1.757856 -1.632694
 -0.823201 -1.767661 -1.659448 -1.609437
 -0.610376 -14.493546 -2.025105 -1.124321
 -0.896927 -14.397728 -1.753398 -0.869899
 -0.786240 -13.710155 -1.408767 -1.203974
 -1.602269 -14.144817 -1.437966 -0.577767
 -14.727795 -14.727795 -14.727795 -0.000001
 -1.386294 -1.386294 -1.386294 -1.386294
 -13.928843 -13.928843 -13.928843 -0.000003
 -14.707510 -14.707510 -14.707510 -0.000001
 -1.386294 -1.386294 -1.386294 -1.386294
 -1.386294 -1.386294 -1.386294 -1.386294
 -1.386294 -1.386294 -1.386294 -1.386294
 -1.751268 -1.507389 -1.311478 -1.092023
 -1.358124 -0.847299 -2.256060 -1.562917
 -1.496642 -1.371479 -2.189786 -0.890508
 -1.104767 -1.243603 -1.835652 -1.510231
 -2.317471 -1.305873 -1.381380 -0.969401
 -1.579360 -1.025051 -1.984823 -1.211636
 -1.866291 -1.055363 -1.797299 -1.104153
 -1.456675 -1.168994 -1.801514 -1.233532
 -1.951186 -1.221673 -1.375823 -1.169487
 -1.331235 -1.262242 -2.178528 -1.079921
 -1.504077 -1.177394 -1.732918 -1.227824
 -1.201028 -0.920727 -2.242476 -1.636344
 -2.346067 -1.109308 -1.304616 -1.193391
 -1.131403 -1.182696 -2.181220 -1.354546
 -1.624705 -1.459625 -1.677348 -0.957534
 -1.609437 -1.062895 -1.927889 -1.174121
 -2.108767 -1.183000 -1.369102 -1.145959
 -1.338285 -1.307514 -2.031430 -1.090450
 -1.609437 -1.403586 -1.763587 -0.960094
 -1.451433 -1.275543 -1.618487 -1.243795
 -2.338762 -0.926496 -1.522003 -1.240153
 -1.317302 -1.422662 -2.521267 -0.889859
 -1.665007 -1.177305 -2.042300 -0.986250
 -1.490654 -1.045970 -1.876315 -1.308333
 -1.950998 -0.913757 -1.987365 -1.140069
 -0.627552 -1.304949 -2.824764 -1.998093
 -1.247825 -1.524078 -0.964463 -2.172771
 -1.011603 -1.208312 -1.299283 -2.734353
 -1.226664 -1.841029 -0.968091 -1.782189
 -14.557450 -0.000002 -14.557450 -14.557450
 -14.093145 -0.000002 -14.093145 -14.093145
 -14.425279 -0.000002 -14.425279 -14.425279
 -13.579793 -0.000004 -13.579793 -13.579793
 -1.386294 -1.386294 -1.386294 -1.386294
 -0.000001 -15.615570 -15.615570 -15.615570
 -1.386294 -1.386294 -1.386294 -1.386294
 -1.386294 -1.386294 -1.386294 -1.386294
 -15.615569 -15.615569 -0.000000 -15.615569
 -1.386294 -1.386294 -1.386294 -1.386294
 -1.386294 -1.386294 -1.386294 -1.386294
 -1.386294 -1.386294 -1.386294 -1.386294
 -1.386294 -1.386294 -1.386294 -1.386294
 -1.386294 -1.386294 -1.386294 -1.386294
 -1.269430 -1.442384 -1.201222 -1.704748
 -1.386294 -1.386294 -1.386294 -1.386294
 -1.768502 -1.351609 -1.552279 -1.024925
 -1.704747 -1.225175 -1.667007 -1.091644
 -1.593088 -1.109663 -1.677645 -1.272181
 -2.061419 -1.062895 -1.203973 -1.481604
 -1.667706 -0.813293 -1.890848 -1.527944
 -1.631416 -1.302913 -1.430746 -1.225952
 -1.732039 -0.935710 -1.609437 -1.466337
 -1.819157 -1.142819 -1.328536 -1.370208
 -1.417502 0.000100 0.000100 0.000100
 -1.248685 0.000100 0.000100 0.000100
 -1.379995 0.000100 0.000100 0.000100
 -1.517680 0.000100 0.000100 0.000100
 -1.426667 -1.270912 -1.368469 -1.492455
 -1.345002 -1.310614 -1.391244 -1.509409
 -1.281540 -1.082715 -1.556306 -1.755608
 -1.863881 -1.148546 -1.242134 -1.431017
 -1.410987 -1.272046 -1.412876 -1.459306
 -1.322301 -1.391391 -1.351328 -1.487870
 -1.420512 -1.065104 -1.444301 -1.727057
 -1.854872 -1.166623 -1.284610 -1.365114
 -1.329555 -1.308427 -1.416889 -1.501961
 -1.269419 -1.376690 -1.378161 -1.539209
 -1.367969 -1.158431 -1.425326 -1.655651
 -1.875248 -1.203154 -1.188532 -1.419772
 -1.433736 -1.283366 -1.324797 -1.520404
 -1.364567 -1.329008 -1.321756 -1.545984
 -1.327779 -1.072410 -1.478491 -1.803203
 -1.945407 -1.100627 -1.271816 -1.410232
 -1.418135 -1.291243 -1.312186 -1.543298
 -1.397889 -1.343975 -1.286280 -1.533505
 -1.445555 -1.117265 -1.417434 -1.635391
 -1.870497 -1.152244 -1.317197 -1.338873
 -1.405980 -1.320295 -1.304005 -1.530746
 -1.280115 -1.444132 -1.335150 -1.500919
 -1.444035 -1.093674 -1.411358 -1.686151
 -1.833823 -1.235055 -1.208117 -1.383816
 -1.509221 -1.302241 -1.232677 -1.534864
 -1.397206 -1.297347 -1.369384 -1.490794
 -1.335897 -1.122085 -1.408101 -1.790539
 -2.019671 -1.199144 -1.176154 -1.357178
 -1.375967 -1.227142 -1.444820 -1.521027
 -1.344789 -1.297426 -1.337681 -1.591021
 -1.383895 -1.089844 -1.472360 -1.694196
 -1.838062 -1.146513 -1.296406 -1.387821
 -1.354720 -1.349329 -1.351123 -1.497821
 -1.249011 -1.395286 -1.320146 -1.617707
 -1.422694 -1.060969 -1.435433 -1.744091
 -1.850131 -1.181882 -1.170186 -1.488224
 -1.317362 -1.334369 -1.287459 -1.645772
 -1.325647 -1.363443 -1.340016 -1.529016
 -1.366500 -1.096167 -1.497976 -1.675201
 -1.872870 -1.096480 -1.264842 -1.469722
 -1.482783 -1.284292 -1.290861 -1.509074
 -1.353899 -1.238985 -1.405343 -1.575968
 -1.499673 -1.008244 -1.507235 -1.658543
 -1.923402 -1.048537 -1.353487 -1.406076
 -1.306789 -1.319764 -1.512588 -1.419749
 -1.275069 -1.356643 -1.525509 -1.404238
 -1.217928 -1.114048 -1.708255 -1.636047
 -2.044895 -1.100652 -1.207204 -1.431626
 -1.133719 -16.946648 -0.984037 -1.189522
 -1.034236 -17.108379 -1.155159 -1.110195
 -0.990658 -16.849983 -1.031642 -1.301048
 -1.477739 -16.868095 -1.025753 -0.883532
 -17.199562 -17.199562 -17.199562 -0.000000
 -1.386294 -1.386294 -1.386294 -1.386294
 -17.282495 -17.282495 -17.282495 -0.000000
 -17.225006 -17.225006 -17.225006 -0.000000
 -1.386294 -1.386294 -1.386294 -1.386294
 -1.386294 -1.386294 -1.386294 -1.386294
 -1.386294 -1.386294 -1.386294 -1.386294
 -1.763825 -1.163543 -1.280324 -1.434279
 -1.880101 -0.945643 -1.762318 -1.247058
 -1.449276 -1.354371 -1.292793 -1.458231
 -1.450650 -1.258069 -1.158380 -1.787457
 -2.152952 -1.133508 -1.241397 -1.298369
 -1.414449 -1.222077 -1.486945 -1.442820
 -1.400787 -1.218466 -1.427416 -1.523326
 -1.431477 -1.036713 -1.599448 -1.587590
 -1.889218 -1.113184 -1.303492 -1.391441
 -1.310993 -1.268129 -1.462410 -1.525958
 -1.280456 -1.377118 -1.389372 -1.511617
 -1.389554 -1.115490 -1.443207 -1.677236
 -1.744007 -1.168297 -1.294291 -1.426310
 -1.442282 -1.401909 -1.209447 -1.518120
 -1.384040 -1.468597 -1.267926 -1.436440
 -1.385855 -1.112332 -1.356416 -1.810841
 -1.941389 -1.173883 -1.236036 -1.359467
 -1.437229 -1.312186 -1.352782 -1.449600
 -1.469504 -1.258113 -1.349814 -1.485089
 -1.407010 -0.986390 -1.580837 -1.734988
 -1.956418 -1.113153 -1.361225 -1.295474
 -1.358012 -1.489588 -1.327181 -1.377775
 -1.300319 -1.456373 -1.277762 -1.533334
 -1.383612 -1.079547 -1.465442 -1.722587
 -1.816816 -1.247440 -1.160147 -1.440631
 -1.528520 -1.339567 -1.055370 -1.753766
 -1.507316 -1.438567 -1.080190 -1.600986
 -1.392725 -1.151678 -1.265666 -1.874410
 -1.656739 -1.272327 -1.136582 -1.569511
 -16.825146 -0.000000 -16.825146 -16.825146
 -17.040369 0.000000 -17.040369 -17.040369
 -17.201256 0.000000 -17.201256 -17.201256
 -16.637486 -0.000000 -16.637486 -16.637486
 -1.386294 -1.386294 -1.386294 -1.386294
 0.000000 -18.334906 -18.334906 -18.334906
 -1.386294 -1.386294 -1.386294 -1.386294
 -1.386294 -1.386294 -1.386294 -1.386294
 -18.334906 -18.334906 0.000000 -18.334906
 -1.386294 -1.386294 -1.386294 -1.386294
 -1.386294 -1.386294 -1.386294 -1.386294
 -1.386294 -1.386294 -1.386294 -1.386294
 -1.386294 -1.386294 -1.386294 -1.386294
 -1.386294 -1.386294 -1.386294 -1.386294
 -1.441621 -0.943964 -1.624588 -1.729457
 -1.386294 -1.386294 -1.386294 -1.386294
 -1.362175 -1.289352 -1.385834 -1.521736
 -1.246204 -1.369357 -1.446009 -1.502259
 -1.275418 -1.130076 -1.589180 -1.642043
 -1.742618 -1.180499 -1.263881 -1.447073
 -1.435085 -1.381670 -1.316712 -1.415803
 -1.349155 -1.449238 -1.302635 -1.452533
 -1.436803 -1.139660 -1.404995 -1.624462
 -1.862109 -1.195022 -1.277543 -1.334701
