 -1.251864 0.000100 0.000100 0.000100
 -1.290330 0.000100 0.000100 0.000100
 -1.657329 0.000100 0.000100 0.000100
 -1.393515 0.000100 0.000100 0.000100
 -1.331235 -1.307704 -1.513556 -1.405342
 -1.341559 -1.292769 -1.533930 -1.392852
 -1.262242 -1.485385 -1.618916 -1.229452
 -1.595049 -1.289668 -1.371906 -1.316336
 -1.113002 -1.386294 -1.763587 -1.386294
 -1.161792 -1.252763 -1.812377 -1.435084
 -1.386294 -1.036093 -1.684786 -1.562184
 -1.450373 -1.393215 -1.170072 -1.575536
 -1.124421 -1.295046 -2.011721 -1.318576
 -1.227605 -1.249584 -1.688949 -1.445328
 -1.227230 -1.170072 -1.809149 -1.457753
 -1.540444 -1.468986 -1.098613 -1.504077
 -1.479076 -1.349023 -1.399033 -1.324926
 -1.698233 -1.223776 -1.564702 -1.159238
 -1.308333 -1.126012 -1.618487 -1.574035
 -1.602002 -1.286922 -1.091178 -1.678963
 -1.132230 -1.240443 -1.499953 -1.800057
 -1.380025 -1.542543 -1.701607 -1.043553
 -1.343735 -1.316336 -1.708377 -1.238375
 -1.493266 -1.669156 -1.098613 -1.371906
 -1.245937 -0.940556 -2.150390 -1.582409
 -1.417066 -1.481604 -1.550597 -1.145133
 -1.106518 -1.155308 -1.666132 -1.799663
 -1.279611 -1.649983 -1.279611 -1.379694
 -1.073612 -1.092304 -2.172220 -1.566087
 -1.024505 -1.553348 -1.648658 -1.438938
 -1.665007 -0.838331 -2.144577 -1.342234
 -1.441210 -1.046557 -1.319849 -1.930756
 -1.424035 -0.993253 -1.686398 -1.591088
 -1.222665 -1.582039 -1.529395 -1.261131
 -1.568615 -0.850778 -1.619908 -1.791757
 -1.159767 -1.512588 -1.244325 -1.726161
 -1.671741 -0.755452 -2.008212 -1.569959
 -1.074515 -1.362197 -2.266650 -1.208046
 -1.859580 -0.760971 -1.585145 -1.759497
 -1.617736 -1.184873 -1.299283 -1.499953
 -0.892945 -1.511982 -1.753143 -1.625310
 -1.614304 -1.456675 -2.383434 -0.742910
 -1.027518 -1.335001 -2.068966 -1.375823
 -1.556193 -1.716535 -1.188469 -1.188469
 -1.299283 -1.635754 -2.146578 -0.878071
 -1.419084 -1.323774 -1.684786 -1.182696
 -1.430746 -1.263692 -2.123888 -1.025282
 -1.165304 -1.791758 -1.512174 -1.200395
 -0.880747 -1.589893 -1.239691 -2.384819
 -1.321756 -1.954276 -0.895673 -1.696448
 -0.640781 -2.923146 -1.200396 -2.134699
 -1.226922 -2.767360 -0.833434 -1.563394
 -14.508659 -0.000002 -14.508659 -14.508659
 -13.384734 -0.000005 -13.384734 -13.384734
 -14.528462 -0.000002 -14.528462 -14.528462
 -13.676253 -0.000003 -13.676253 -13.676253
 -1.386294 -1.386294 -1.386294 -1.386294
 -15.531110 -15.531110 -15.531110 -0.000001
 -1.386294 -1.386294 -1.386294 -1.386294
 -1.386294 -1.386294 -1.386294 -1.386294
 -1.386294 -1.386294 -1.386294 -1.386294
 -1.386294 -1.386294 -1.386294 -1.386294
 -1.386294 -1.386294 -1.386294 -1.386294
 -0.775591 -1.756420 -1.550084 -1.866421
 -0.111457 -3.060264 -3.599255 -3.465725
 -1.673975 -1.098613 -1.731133 -1.197053
 -0.480227 -1.880311 -2.372784 -1.998093
 -2.844894 -1.196252 -1.196252 -1.087053
 -2.839382 -0.246492 -3.837902 -1.977162
 -2.280106 -0.980831 -1.704746 -1.076141
 -1.471816 -1.277661 -2.031426 -1.019833
 -2.104129 -1.187844 -1.362197 -1.148624
 -1.178656 -1.118032 -2.159475 -1.386294
 -1.068670 -1.377217 -2.058387 -1.285198
 -1.648656 -1.060874 -2.564932 -0.955514
 -1.767660 -1.098613 -1.593308 -1.228666
 -1.437587 -1.246533 -1.673976 -1.246533
 -1.736699 -1.307704 -1.485385 -1.117661
 -1.348073 -1.011603 -1.945906 -1.453433
 -2.184799 -1.225027 -1.491655 -0.997637
 -1.312187 -1.599868 -1.699951 -1.060873
 -1.516347 -1.293204 -1.544518 -1.228666
 -1.731654 -1.038509 -1.894172 -1.143870
 -2.331569 -1.501224 -1.175802 -0.990399
 -1.181134 -1.247825 -2.535671 -1.118614
 -1.718636 -1.084914 -1.885689 -1.105533
 -1.331806 -0.999673 -2.120260 -1.394326
 -2.387139 -1.000849 -1.888150 -0.943690
 -0.888641 -1.453953 -1.494775 -2.033768
 -1.232144 -1.407348 -1.130361 -1.961657
 -1.112407 -1.651400 -1.245938 -1.651400
 -1.551374 -1.386294 -0.938270 -1.919097
 -14.304093 -0.000002 -14.304093 -14.304093
 -14.093145 -0.000002 -14.093145 -14.093145
 -14.397729 -0.000002 -14.397729 -14.397729
 -13.617064 -0.000004 -13.617064 -13.617064
 -1.386294 -1.386294 -1.386294 -1.386294
 -0.000001 -15.531110 -15.531110 -15.531110
 -1.386294 -1.386294 -1.386294 -1.386294
 -1.386294 -1.386294 -1.386294 -1.386294
 -15.531110 -15.531110 -0.000001 -15.531110
 -1.386294 -1.386294 -1.386294 -1.386294
 -1.386294 -1.386294 -1.386294 -1.386294
 -1.386294 -1.386294 -1.386294 -1.386294
 -1.386294 -1.386294 -1.386294 -1.386294
 -1.386294 -1.386294 -1.386294 -1.386294
 -1.350955 -1.330336 -1.190870 -1.756420
 -1.386294 -1.386294 -1.386294 -1.386294
 -1.386294 -1.232144 -1.974079 -1.141173
 -1.771555 -1.406914 -1.694595 -0.912896
 -1.834061 -1.019026 -1.762602 -1.178655
 -1.856295 -1.130362 -1.197053 -1.519825
 -1.376633 -1.023812 -2.236829 -1.267434
 -1.351609 -1.128466 -1.957743 -1.285651
 -1.475906 -1.157454 -1.358124 -1.609437
 -1.962906 -1.007397 -1.570865 -1.249958
 -1.402913 0.000100 0.000100 0.000100
 -1.218932 0.000100 0.000100 0.000100
 -1.461671 0.000100 0.000100 0.000100
 -1.484013 0.000100 0.000100 0.000100
 -1.577350 -1.077106 -1.299585 -1.713390
 -1.657286 -1.129219 -1.332743 -1.503701
 -1.624927 -0.847618 -1.558865 -1.806273
 -2.300622 -0.934131 -1.255714 -1.505060
 -1.417225 -1.222761 -1.401640 -1.527834
 -1.366504 -1.366504 -1.271409 -1.562698
 -1.454057 -1.030309 -1.454057 -1.738055
 -1.901995 -1.168327 -1.201358 -1.431052
 -1.236653 -1.292417 -1.485549 -1.567042
 -1.320083 -1.320083 -1.483094 -1.431964
 -1.296778 -1.162482 -1.455526 -1.711459
 -1.751880 -1.179994 -1.252228 -1.454981
 -1.594674 -1.062526 -1.276221 -1.758208
 -1.445765 -1.073526 -1.442502 -1.680412
 -1.387220 -0.928858 -1.592014 -1.885775
 -2.086706 -0.875262 -1.458098 -1.485127
 -1.453134 -1.238320 -1.408082 -1.462394
 -1.394114 -1.358523 -1.221501 -1.608839
 -1.483287 -1.033549 -1.479180 -1.663142
 -1.859710 -1.135791 -1.286790 -1.398534
 -1.253762 -1.433290 -1.445921 -1.424956
 -1.373716 -1.385550 -1.443759 -1.344728
 -1.279590 -1.110447 -1.584540 -1.674537
 -1.891898 -1.181539 -1.332282 -1.278215
 -1.695706 -1.117870 -1.201856 -1.666436
 -1.533065 -1.172720 -1.405526 -1.472440
 -1.535058 -0.873374 -1.589617 -1.813929
 -2.132686 -0.904783 -1.342809 -1.533678
 -1.386294 -1.193560 -1.386294 -1.625263
 -1.329478 -1.322525 -1.341174 -1.573180
 -1.448020 -1.071689 -1.407647 -1.727001
 -2.140066 -1.086478 -1.168716 -1.451647
 -1.330457 -1.334209 -1.396245 -1.492756
 -1.416521 -1.401662 -1.330509 -1.398717
 -1.316518 -1.165507 -1.411828 -1.734601
 -2.054561 -1.207264 -1.203608 -1.299283
 -1.611368 -1.080456 -1.257112 -1.734601
 -1.674777 -1.043324 -1.413071 -1.527980
 -1.364463 -0.920971 -1.642228 -1.878616
 -2.105109 -0.900337 -1.407970 -1.482385
 -1.561032 -1.371411 -1.331317 -1.301207
 -1.428906 -1.443944 -1.230953 -1.459211
 -1.575691 -1.085709 -1.418342 -1.544783
 -1.977547 -1.335693 -1.116065 -1.305454
 -1.590207 -1.489619 -1.144978 -1.376632
 -1.754387 -1.641400 -1.161827 -1.138297
 -1.441593 -1.324925 -1.250392 -1.554788
 -1.638264 -1.301118 -1.392731 -1.255057
 -16.022686 -0.000000 -16.022686 -16.022686
 -16.191347 -0.000000 -16.191347 -16.191347
 -16.385065 -0.000000 -16.385065 -16.385065
 -16.299583 -0.000000 -16.299583 -16.299583
 -1.386294 -1.386294 -1.386294 -1.386294
 -17.619949 -17.619949 -17.619949 -0.000000
 -1.386294 -1.386294 -1.386294 -1.386294
 -1.386294 -1.386294 -1.386294 -1.386294
 -1.386294 -1.386294 -1.386294 -1.386294
 -1.386294 -1.386294 -1.386294 -1.386294
 -1.386294 -1.386294 -1.386294 -1.386294
 -1.801607 -1.101065 -1.365575 -1.397493
 -2.345320 -0.606586 -2.108190 -1.437517
 -1.763365 -1.166505 -1.181674 -1.559150
 -2.053600 -0.961814 -1.117107 -1.818286
 -2.901240 -0.870078 -1.443771 -1.237564
 -1.298660 -1.219672 -1.554879 -1.511582
 -1.390819 -1.190149 -1.461271 -1.537065
 -1.425009 -1.049220 -1.397325 -1.820002
 -1.818157 -1.201971 -1.192021 -1.454715
 -1.361460 -1.278230 -1.494453 -1.423737
 -1.333869 -1.375027 -1.415032 -1.423817
 -1.323991 -1.088839 -1.544620 -1.693208
 -1.818077 -1.111684 -1.467420 -1.279636
 -1.721477 -1.117218 -1.202438 -1.642228
 -1.595211 -1.140189 -1.314991 -1.565905
 -1.592063 -0.889392 -1.536234 -1.769611
 -2.196274 -0.867139 -1.367461 -1.542348
 -1.413271 -1.125589 -1.570900 -1.494617
 -1.515401 -1.322060 -1.249421 -1.482701
 -1.459811 -0.932215 -1.540160 -1.834505
 -1.943658 -1.114522 -1.211896 -1.464835
 -1.333112 -1.301737 -1.497273 -1.424843
 -1.307849 -1.349630 -1.401626 -1.495813
 -1.337090 -1.142155 -1.398543 -1.764313
 -1.724041 -1.231234 -1.231234 -1.436359
 -1.826530 -1.127812 -1.010028 -1.889951
 -1.634032 -1.279368 -1.046692 -1.739839
 -1.621030 -0.957464 -1.256760 -2.010921
 -1.781545 -1.032087 -1.201239 -1.745613
 -15.913529 -0.000000 -15.913529 -15.913529
 -16.520222 -0.000000 -16.520222 -16.520222
 -16.501316 -0.000000 -16.501316 -16.501316
 -15.779822 -0.000001 -15.779822 -15.779822
 -1.386294 -1.386294 -1.386294 -1.386294
 0.000000 -17.619947 -17.619947 -17.619947
 -1.386294 -1.386294 -1.386294 -1.386294
 -1.386294 -1.386294 -1.386294 -1.386294
 -17.619947 -17.619947 0.000000 -17.619947
 -1.386294 -1.386294 -1.386294 -1.386294
 -1.386294 -1.386294 -1.386294 -1.386294
 -1.386294 -1.386294 -1.386294 -1.386294
 -1.386294 -1.386294 -1.386294 -1.386294
 -1.386294 -1.386294 -1.386294 -1.386294
 -1.452111 -0.924678 -1.606103 -1.780245
 -1.386294 -1.386294 -1.386294 -1.386294
 -1.404538 -1.267138 -1.340726 -1.554820
 -1.238824 -1.404997 -1.536895 -1.386856
 -1.327042 -1.154531 -1.475629 -1.656011
 -1.809081 -0.983917 -1.476072 -1.453213
 -1.580827 -1.237056 -1.204266 -1.589411
 -1.463009 -1.193769 -1.315048 -1.624942
 -1.545924 -0.882630 -1.660883 -1.697063
 -2.033279 -0.988735 -1.366801 -1.418297
