 -1.372811 0.000100 0.000100 0.000100
 -1.372811 0.000100 0.000100 0.000100
 -1.486140 0.000100 0.000100 0.000100
 -1.320625 0.000100 0.000100 0.000100
 -1.351203 -1.386294 -1.422662 -1.386294
 -1.163152 -1.627455 -1.540444 -1.284512
 -1.171184 -1.237875 -1.771955 -1.469676
 -1.635189 -1.512588 -1.159767 -1.304949
 -1.215337 -1.826244 -1.438480 -1.187166
 -1.435084 -1.609437 -1.609437 -1.016375
 -1.435084 -1.016375 -1.609437 -1.609437
 -1.740465 -1.558144 -1.403994 -0.998530
 -1.127601 -1.475906 -1.435084 -1.562917
 -1.533930 -1.329136 -1.680533 -1.098613
 -1.183771 -0.896090 -2.187067 -1.751752
 -1.624143 -1.393620 -1.309063 -1.256420
 -1.201028 -1.172040 -1.894172 -1.431551
 -1.427116 -1.532476 -1.362578 -1.244795
 -0.995429 -1.087803 -2.442339 -1.577349
 -1.284512 -2.153545 -1.107582 -1.284512
 -1.122144 -1.196251 -2.026596 -1.425825
 -1.197704 -1.618916 -1.955386 -1.025854
 -1.176000 -1.142098 -1.978342 -1.452252
 -1.591893 -1.591893 -1.143870 -1.293401
 -1.370546 -1.147403 -1.700786 -1.402295
 -1.469291 -1.508512 -1.837014 -0.943199
 -1.450010 -0.839103 -1.909539 -1.686397
 -1.436725 -1.585145 -1.338285 -1.220503
 -0.949868 -1.572396 -2.178528 -1.229452
 -1.331806 -1.570217 -1.937940 -0.957114
 -1.446919 -0.946145 -1.734599 -1.609437
 -1.225364 -2.197221 -0.986135 -1.504077
 -1.264280 -1.003997 -2.167144 -1.441210
 -1.221673 -1.845824 -2.068966 -0.864999
 -1.430746 -1.087803 -1.882728 -1.302913
 -1.264934 -1.875841 -1.209364 -1.323774
 -0.932821 -1.248673 -1.970805 -1.712977
 -1.360092 -2.242476 -2.019335 -0.684338
 -1.648657 -0.830350 -1.523495 -1.871799
 -1.304465 -1.768769 -1.222227 -1.333452
 -1.233270 -0.932165 -2.279233 -1.548350
 -1.801514 -1.995668 -1.690289 -0.664439
 -1.287855 -0.969402 -2.386459 -1.374866
 -1.190728 -1.570217 -1.427116 -1.394326
 -1.116005 -1.170072 -1.863216 -1.575536
 -1.516347 -2.039593 -2.327273 -0.592678
 -1.203974 -0.847300 -2.302577 -1.763586
 -1.083687 -1.799305 -1.306830 -1.489151
 -1.211636 -0.923955 -2.477296 -1.507901
 -1.648657 -1.871800 -2.005330 -0.655409
 -1.346021 -0.793954 -2.211011 -1.725508
 -1.184268 -1.853316 -1.113651 -1.565635
 -1.017924 -0.928977 -3.680481 -1.521026
 -2.095968 -1.338285 -1.913647 -0.760971
 -0.847300 -1.124931 -2.397886 -1.858896
 -1.131403 -1.729238 -1.293921 -1.488077
 -1.025051 -0.748064 -3.083424 -2.102605
 -1.402295 -1.540444 -1.945908 -0.924260
 -1.182697 -1.236763 -1.562184 -1.642226
 -1.174599 -1.867743 -1.098613 -1.593308
 -1.076634 -0.879924 -2.959353 -1.647177
 -1.198696 -1.745238 -2.003066 -0.944463
 -1.137834 -1.178656 -2.054119 -1.412270
 -1.267434 -1.302525 -1.499234 -1.499234
 -1.343735 -0.901903 -2.730021 -1.316336
 -1.312187 -1.466337 -1.776491 -1.106335
 -1.403994 -0.998531 -1.845822 -1.478101
 -1.817733 -1.296438 -1.360977 -1.178656
 -1.386294 -0.980831 -2.159480 -1.348554
 -1.408113 -1.196805 -1.676376 -1.323556
 -1.070443 -1.475906 -1.763586 -1.358124
 -2.087221 -1.075624 -1.248895 -1.394076
 -1.386294 -1.237875 -1.897117 -1.171184
 -1.547562 -1.211091 -1.813264 -1.120119
 -1.470176 -1.133705 -1.693318 -1.330414
 -1.740465 -1.180851 -1.335001 -1.368903
 -13.764221 -13.764221 -13.764221 -0.000003
 -14.108183 -14.108183 -14.108183 -0.000002
 -13.641162 -13.641162 -13.641162 -0.000004
 -14.070156 -14.070156 -14.070156 -0.000002
 -1.386294 -1.386294 -1.386294 -1.386294
 -1.386294 -1.386294 -1.386294 -1.386294
 -1.386294 -1.386294 -1.386294 -1.386294
 -2.199488 -1.060872 -1.399962 -1.216113
 -13.102169 -13.102169 -13.102169 -0.000006
 -14.240781 -14.240781 -14.240781 -0.000002
 -13.901692 -13.901692 -13.901692 -0.000003
 -14.085541 -14.085541 -14.085541 -0.000002
 -1.386294 -1.386294 -1.386294 -1.386294
 -1.386294 -1.386294 -1.386294 -1.386294
 -1.386294 -1.386294 -1.386294 -1.386294
 -1.466337 -1.074030 -1.466337 -1.625401
 -13.835317 -13.835317 -13.835317 -0.000003
 -14.227623 -14.227623 -14.227623 -0.000002
 -13.835317 -13.835317 -13.835317 -0.000003
 -13.676253 -13.676253 -13.676253 -0.000003
 -1.386294 -1.386294 -1.386294 -1.386294
 -1.386294 -1.386294 -1.386294 -1.386294
 -1.386294 -1.386294 -1.386294 -1.386294
 -0.000001 -15.301651 -15.301651 -15.301651
 -15.301651 -15.301651 -0.000001 -15.301651
 -1.386294 -1.386294 -1.386294 -1.386294
 -1.386294 -1.386294 -1.386294 -1.386294
 -1.386294 -1.386294 -1.386294 -1.386294
 -1.386294 -1.386294 -1.386294 -1.386294
 -1.386294 -1.386294 -1.386294 -1.386294
 -1.279126 -1.537433 -1.247123 -1.516599
 -1.386294 -1.386294 -1.386294 -1.386294
 -1.721141 -1.027996 -2.414283 -0.983544
 -1.375823 -1.509354 -1.462834 -1.221673
 -1.511982 -1.059998 -2.071595 -1.180626
 -2.272120 -1.242507 -1.396657 -1.019364
 -0.965083 -1.597602 -2.351367 -1.134981
 -1.552685 -1.485993 -1.309063 -1.231102
 -1.112407 -1.032364 -1.457246 -2.498689
 -1.739115 -1.413693 -1.665007 -0.936770
 -1.464547 0.000100 0.000100 0.000100
 -1.372564 0.000100 0.000100 0.000100
 -1.369538 0.000100 0.000100 0.000100
 -1.342711 0.000100 0.000100 0.000100
 -1.325084 -1.563975 -1.350402 -1.325084
 -1.116962 -1.579585 -1.429645 -1.481604
 -1.177146 -1.383278 -1.484630 -1.539438
 -1.821612 -1.446919 -1.285651 -1.119416
 -1.412728 -1.474096 -1.354908 -1.310945
 -1.449473 -1.478887 -1.464072 -1.183770
 -1.356081 -1.191778 -1.510231 -1.524217
 -1.759639 -1.354175 -1.401242 -1.128735
 -1.317528 -1.424295 -1.467468 -1.343170
 -1.316499 -1.556640 -1.327798 -1.362484
 -1.452544 -1.221215 -1.189126 -1.791759
 -1.735519 -1.576914 -1.230964 -1.123718
 -1.187713 -1.500804 -1.486205 -1.402824
 -1.197500 -1.778855 -1.299283 -1.360652
 -1.214297 -1.223776 -1.508288 -1.673043
 -1.600442 -1.585627 -1.160744 -1.272536
 -1.229362 -1.513874 -1.552589 -1.288203
 -1.403506 -1.403506 -1.654820 -1.147573
 -1.339774 -1.163151 -1.526652 -1.568616
 -1.817567 -1.272056 -1.249583 -1.306742
 -1.425009 -1.493062 -1.301395 -1.336902
 -1.421801 -1.409825 -1.386294 -1.329782
 -1.304949 -1.165187 -1.592631 -1.543840
 -1.572658 -1.467298 -1.349515 -1.195365
 -1.297142 -1.662255 -1.520285 -1.144673
 -1.290151 -1.446155 -1.695615 -1.184790
 -1.308644 -1.231257 -1.600164 -1.443818
 -1.586315 -1.229641 -1.491005 -1.280934
 -1.283347 -1.374318 -1.461329 -1.435687
 -1.299283 -1.344745 -1.594400 -1.333185
 -1.439539 -1.055128 -1.591088 -1.555370
 -1.596015 -1.380903 -1.413693 -1.195004
 -1.340624 -1.282805 -1.551933 -1.389414
 -1.446919 -1.471016 -1.313388 -1.323859
 -1.523292 -1.155568 -1.348939 -1.572082
 -1.788778 -1.395290 -1.419681 -1.069199
 -1.341994 -1.581944 -1.500599 -1.170846
 -1.279196 -1.539479 -1.400893 -1.343735
 -1.337504 -1.095492 -1.534214 -1.673976
 -1.763588 -1.514128 -1.369297 -1.037652
 -1.309921 -1.370546 -1.489893 -1.383125
 -1.364453 -1.340061 -1.364453 -1.482236
 -1.436388 -1.296031 -1.537193 -1.296031
 -1.674895 -1.487683 -1.383543 -1.090382
 -1.478352 -1.492741 -1.344821 -1.249511
 -1.296248 -1.576550 -1.377217 -1.318721
 -1.302525 -1.267433 -1.456675 -1.543686
 -1.783391 -1.355947 -1.262615 -1.233345
 -1.217218 -1.639490 -1.482921 -1.262681
 -1.324925 -1.566087 -1.451677 -1.233954
 -1.098613 -1.398271 -1.513046 -1.612418
 -1.626931 -1.415622 -1.357802 -1.192479
 -1.538563 -1.358437 -1.414950 -1.254177
 -1.359266 -1.428259 -1.582409 -1.210846
 -1.433126 -1.108465 -1.549198 -1.518892
 -1.581267 -1.475906 -1.392025 -1.148403
 -1.629916 -1.259543 -1.500705 -1.213023
 -1.346174 -1.392159 -1.478102 -1.335001
 -1.654042 -1.164494 -1.379605 -1.406634
 -1.668526 -1.448286 -1.193103 -1.297463
 -1.278739 -1.466337 -1.450589 -1.360977
 -1.308908 -1.457753 -1.330414 -1.457753
 -1.356441 -1.310456 -1.392373 -1.495027
 -1.701903 -1.478760 -1.286075 -1.160306
 -1.334374 -1.545683 -1.531084 -1.180224
 -1.315386 -1.327363 -1.668665 -1.280295
 -1.470325 -1.179402 -1.594622 -1.348222
 -1.825146 -1.407411 -1.419681 -1.043446
 -1.495751 -1.382955 -1.396379 -1.281603
 -1.211941 -1.473306 -1.398271 -1.486378
 -1.404510 -1.217299 -1.375522 -1.580966
 -1.648658 -1.312186 -1.444358 -1.195462
 -14.946914 -14.946914 -14.946914 -0.000001
 -15.036342 -15.036342 -15.036342 -0.000001
 -14.975533 -14.975533 -14.975533 -0.000001
 -15.021482 -15.021482 -15.021482 -0.000001
 -1.386294 -1.386294 -1.386294 -1.386294
 -1.386294 -1.386294 -1.386294 -1.386294
 -1.386294 -1.386294 -1.386294 -1.386294
 -1.573235 -1.448072 -1.425454 -1.148209
 -14.808764 -14.808764 -14.808764 -0.000001
 -14.933927 -14.933927 -14.933927 -0.000001
 -14.956545 -14.956545 -14.956545 -0.000001
 -15.233788 -15.233788 -15.233788 -0.000001
 -1.386294 -1.386294 -1.386294 -1.386294
 -1.386294 -1.386294 -1.386294 -1.386294
 -1.386294 -1.386294 -1.386294 -1.386294
 -1.339774 -1.221014 -1.662268 -1.372564
 -15.042224 -15.042224 -15.042224 -0.000001
 -15.160984 -15.160984 -15.160984 -0.000001
 -14.719730 -14.719730 -14.719730 -0.000001
 -15.009435 -15.009435 -15.009435 -0.000001
 -1.386294 -1.386294 -1.386294 -1.386294
 -1.386294 -1.386294 -1.386294 -1.386294
 -1.386294 -1.386294 -1.386294 -1.386294
 -0.000000 -16.381998 -16.381998 -16.381998
 -16.381998 -16.381998 -0.000000 -16.381998
 -1.386294 -1.386294 -1.386294 -1.386294
 -1.386294 -1.386294 -1.386294 -1.386294
 -1.386294 -1.386294 -1.386294 -1.386294
 -1.386294 -1.386294 -1.386294 -1.386294
 -1.386294 -1.386294 -1.386294 -1.386294
 -1.170242 -1.107872 -1.778029 -1.658228
 -1.386294 -1.386294 -1.386294 -1.386294
 -1.230730 -1.386294 -1.619388 -1.347455
 -1.219598 -1.390956 -1.541996 -1.419394
 -1.386294 -1.103168 -1.867266 -1.333185
 -1.452986 -1.250749 -1.386294 -1.470377
 -1.380723 -1.721649 -1.369673 -1.153145
 -1.228902 -1.481604 -1.331032 -1.532898
 -1.314321 -1.401332 -1.356881 -1.480113
 -1.504077 -1.737692 -1.216395 -1.185624
