 -1.415891 0.000100 0.000100 0.000100
 -1.370428 0.000100 0.000100 0.000100
 -1.484053 0.000100 0.000100 0.000100
 -1.285271 0.000100 0.000100 0.000100
 -1.262500 -1.442086 -1.333452 -1.527608
 -1.155771 -1.393729 -1.408767 -1.647178
 -1.407259 -1.194338 -1.373923 -1.613595
 -1.812378 -1.088460 -1.301553 -1.478887
 -1.289271 -1.609437 -1.390075 -1.289271
 -1.215146 -1.484275 -1.455287 -1.413323
 -1.340105 -1.197931 -1.340105 -1.745569
 -1.693599 -1.418188 -1.144492 -1.364121
 -1.286038 -1.442384 -1.442384 -1.382665
 -1.235472 -1.442086 -1.409825 -1.475422
 -1.153875 -1.142576 -1.553674 -1.870011
 -1.696811 -1.320760 -1.276958 -1.305945
 -1.375823 -1.348424 -1.574951 -1.270463
 -1.407801 -1.337842 -1.437214 -1.365241
 -1.698928 -0.933956 -1.541743 -1.560092
 -1.647822 -1.349329 -1.094437 -1.544638
 -1.377784 -1.312187 -1.563501 -1.312187
 -1.239983 -1.520285 -1.520285 -1.297142
 -1.374866 -0.979553 -1.735878 -1.632694
 -1.523724 -1.578784 -1.049267 -1.488633
 -1.258314 -1.353624 -1.594785 -1.368012
 -1.483024 -1.422399 -1.452252 -1.211090
 -1.229325 -1.176681 -1.662188 -1.563097
 -1.506025 -1.245011 -1.374689 -1.438202
 -1.371696 -1.288314 -1.343122 -1.562750
 -1.407201 -1.435774 -1.275432 -1.435774
 -1.360977 -1.137833 -1.504077 -1.605173
 -1.758607 -1.353142 -1.132902 -1.397594
 -1.300639 -1.444888 -1.346449 -1.462280
 -1.519826 -1.535826 -1.332227 -1.197053
 -1.365816 -1.159022 -1.495494 -1.575536
 -1.605262 -1.382119 -1.365590 -1.227968
 -1.451892 -1.486378 -1.540445 -1.122710
 -1.412464 -1.864448 -1.650875 -0.892589
 -1.306830 -1.129149 -1.424613 -1.799306
 -1.454245 -1.485994 -1.256419 -1.364633
 -1.504077 -1.145680 -1.437386 -1.504077
 -1.702725 -1.520404 -1.415044 -1.032052
 -1.601405 -0.898309 -1.452986 -1.849866
 -1.422783 -1.422783 -1.296031 -1.409360
 -1.220258 -1.006110 -2.023751 -1.574802
 -1.523495 -1.811177 -1.665465 -0.845164
 -1.550597 -1.065090 -1.341843 -1.704747
 -1.326575 -1.341174 -1.256617 -1.668861
 -1.203973 -1.243194 -1.897119 -1.341174
 -1.602635 -1.475480 -1.748346 -0.926583
 -1.198242 -0.969401 -1.950228 -1.733165
 -1.364941 -1.584570 -1.208781 -1.422928
 -1.161713 -1.173274 -1.964058 -1.437966
 -1.425376 -1.454790 -1.898281 -0.977351
 -1.153489 -0.921158 -1.801515 -2.108998
 -1.222407 -1.805552 -1.112406 -1.549619
 -1.131728 -1.026368 -1.989177 -1.701496
 -1.226606 -1.638113 -1.471059 -1.263420
 -1.213452 -1.151894 -1.618916 -1.667706
 -1.486983 -1.632694 -0.989810 -1.575536
 -1.251120 -0.972096 -2.079440 -1.558144
 -1.191100 -1.620095 -1.518312 -1.275999
 -1.161526 -1.228666 -1.535039 -1.721141
 -1.631416 -1.467787 -1.203973 -1.294945
 -1.592631 -1.052247 -1.755149 -1.292526
 -1.295910 -1.531476 -1.333651 -1.399900
 -1.451434 -1.183170 -1.432385 -1.510857
 -1.737271 -1.316768 -1.244795 -1.316768
 -1.516816 -1.263368 -1.706859 -1.150572
 -1.279610 -1.291587 -1.520772 -1.476320
 -1.288839 -1.246875 -1.586090 -1.459797
 -1.727220 -1.280934 -1.267689 -1.335742
 -1.317827 -1.378451 -1.873772 -1.118494
 -1.420427 -1.353288 -1.462987 -1.315067
 -1.163995 -1.497768 -1.639418 -1.309177
 -1.899555 -1.408435 -1.147220 -1.243680
 -1.366876 -1.264598 -1.649443 -1.307157
 -1.470176 -1.157802 -1.345013 -1.632694
 -1.236302 -1.236302 -1.613595 -1.514505
 -1.873437 -1.580450 -0.996198 -1.304745
 -1.481604 -1.254831 -1.617736 -1.240443
 -1.396802 -1.454790 -1.170846 -1.565137
 -1.468738 -1.173274 -1.393515 -1.550083
 -1.738514 -1.386294 -1.434304 -1.090830
 -1.142098 -1.452252 -1.675395 -1.348712
 -1.528857 -1.081281 -1.612940 -1.407497
 -1.296789 -1.256516 -1.636004 -1.397594
 -2.005852 -1.150863 -1.539233 -1.094983
 -0.790890 -1.289881 -1.898469 -2.108189
 -1.007641 -0.916291 -1.820746 -2.617075
 -1.349253 -1.012781 -1.313535 -2.221090
 -1.677442 -0.862406 -1.259708 -2.232438
 -0.164623 -15.027452 -1.885285 -15.027452
 -0.297056 -15.184151 -1.358689 -15.184151
 -0.394513 -14.635292 -1.120885 -14.635292
 -0.683847 -13.883173 -0.702539 -13.883173
 -0.000000 -15.874750 -15.874750 -15.874750
 -1.386294 -1.386294 -1.386294 -1.386294
 -0.000001 -14.841554 -14.841554 -14.841554
 -1.386294 -1.386294 -1.386294 -1.386294
 -16.179192 -16.179192 -0.000000 -16.179192
 -1.386294 -1.386294 -1.386294 -1.386294
 -1.386294 -1.386294 -1.386294 -1.386294
 -1.386294 -1.386294 -1.386294 -1.386294
 -1.386294 -1.386294 -1.386294 -1.386294
 -1.386294 -1.386294 -1.386294 -1.386294
 -1.337639 -1.427587 -1.219457 -1.598212
 -1.386294 -1.386294 -1.386294 -1.386294
 -1.236763 -1.340752 -1.588160 -1.411704
 -1.264598 -1.351609 -1.609437 -1.351609
 -1.515286 -1.076564 -1.606258 -1.431905
 -1.707076 -1.151131 -1.400346 -1.363305
 -1.301841 -1.359828 -1.421386 -1.470176
 -1.590510 -1.458933 -1.238534 -1.295046
 -1.441354 -1.067841 -1.404313 -1.748084
 -1.838279 -1.169230 -1.193923 -1.481604
 -1.300551 0.000100 0.000100 0.000100
 -1.303911 0.000100 0.000100 0.000100
 -1.473008 0.000100 0.000100 0.000100
 -1.483178 0.000100 0.000100 0.000100
 -1.637311 -1.220177 -1.052026 -1.825790
 -1.582931 -1.131799 -1.251916 -1.680833
 -1.576898 -0.907041 -1.481649 -1.817661
 -2.215245 -0.978721 -1.213667 -1.523371
 -1.308549 -1.397649 -1.274321 -1.594599
 -1.287973 -1.508938 -1.120207 -1.732659
 -1.354732 -1.173665 -1.260752 -1.901724
 -1.813854 -1.317649 -1.006369 -1.591266
 -1.155491 -1.411913 -1.544229 -1.478655
 -1.377415 -1.419511 -1.387264 -1.361874
 -1.094445 -1.233710 -1.592614 -1.768016
 -1.785209 -1.166137 -1.395452 -1.298471
 -1.658404 -1.221326 -1.029027 -1.849196
 -1.604087 -1.128976 -1.251877 -1.662864
 -1.559185 -0.912545 -1.494331 -1.809154
 -2.210169 -0.989186 -1.192492 -1.537235
 -1.327554 -1.386997 -1.268449 -1.590700
 -1.271329 -1.530250 -1.132942 -1.709394
 -1.363134 -1.159494 -1.266932 -1.905132
 -1.800703 -1.294708 -1.027171 -1.595431
 -1.176889 -1.418051 -1.543868 -1.443818
 -1.400342 -1.422078 -1.390616 -1.334259
 -1.142347 -1.202222 -1.584464 -1.740986
 -1.776428 -1.186454 -1.366271 -1.307852
 -1.672750 -1.209378 -1.041621 -1.826322
 -1.601501 -1.137914 -1.238806 -1.670305
 -1.590704 -0.884128 -1.507447 -1.822204
 -2.277083 -0.974680 -1.185154 -1.539889
 -1.326363 -1.403097 -1.269182 -1.571839
 -1.280742 -1.500703 -1.143793 -1.711540
 -1.364817 -1.153285 -1.282011 -1.887198
 -1.812749 -1.275997 -1.028728 -1.608532
 -1.153975 -1.445366 -1.540902 -1.449142
 -1.372990 -1.444937 -1.375345 -1.354260
 -1.122827 -1.233644 -1.587141 -1.720916
 -1.778840 -1.191168 -1.361574 -1.305478
 -1.642235 -1.218816 -1.039090 -1.850893
 -1.577564 -1.142110 -1.240039 -1.687374
 -1.562793 -0.916772 -1.464074 -1.836649
 -2.200156 -0.997271 -1.193846 -1.526587
 -1.316261 -1.411390 -1.254883 -1.594794
 -1.277555 -1.500368 -1.124649 -1.751765
 -1.339284 -1.188808 -1.251565 -1.915108
 -1.806061 -1.294292 -1.008057 -1.626173
 -1.119207 -1.449769 -1.539484 -1.494570
 -1.372031 -1.424189 -1.346565 -1.404162
 -1.075326 -1.247556 -1.598990 -1.774862
 -1.775560 -1.196923 -1.371867 -1.291507
 -1.643768 -1.245702 -1.016696 -1.850095
 -1.589223 -1.141429 -1.235635 -1.682527
 -1.556038 -0.921844 -1.476446 -1.815255
 -2.217311 -0.998789 -1.195127 -1.513639
 -1.306660 -1.407102 -1.256381 -1.610724
 -1.254967 -1.520413 -1.122512 -1.767076
 -1.360271 -1.162612 -1.248938 -1.938421
 -1.824318 -1.311931 -0.999785 -1.602391
 -1.112888 -1.455230 -1.529850 -1.507439
 -1.362237 -1.418457 -1.372487 -1.392917
 -1.077451 -1.219623 -1.605613 -1.811371
 -1.782217 -1.162149 -1.348029 -1.350269
 -1.647468 -1.260861 -0.992400 -1.874919
 -1.596953 -1.132171 -1.239618 -1.683838
 -1.562342 -0.920640 -1.464144 -1.827497
 -2.220757 -0.983537 -1.176738 -1.564444
 -1.305036 -1.443277 -1.244351 -1.586911
 -1.280837 -1.515025 -1.130998 -1.716568
 -1.350511 -1.195823 -1.240193 -1.903078
 -1.791437 -1.310238 -1.002823 -1.626170
 -1.159148 -1.426711 -1.577075 -1.428906
 -1.404585 -1.427047 -1.426229 -1.293528
 -1.116571 -1.222504 -1.600250 -1.735786
 -1.769962 -1.210941 -1.372432 -1.279221
 -1.663686 -1.245240 -1.019758 -1.820118
 -1.622603 -1.142769 -1.232538 -1.649588
 -1.588376 -0.915369 -1.458272 -1.815627
 -2.220730 -1.003212 -1.175815 -1.531537
 -1.315778 -1.439677 -1.189876 -1.658255
 -1.290264 -1.527854 -1.084392 -1.773760
 -1.321150 -1.232227 -1.199856 -1.964031
 -1.771507 -1.367258 -0.946589 -1.676344
 -1.092608 -1.480640 -1.558388 -1.484162
 -1.378283 -1.381590 -1.395948 -1.389451
 -1.042928 -1.287725 -1.569659 -1.810546
 -1.724106 -1.213997 -1.348741 -1.327675
 -1.463617 -1.130740 -1.094460 -2.197439
 -1.490743 -0.835951 -1.452566 -2.231534
 -1.583562 -0.798477 -1.500478 -2.106033
 -2.397028 -0.739618 -1.272478 -1.886647
 -0.662918 -19.541086 -0.724318 -19.541086
 -0.611062 -20.303637 -0.782578 -20.303637
 -0.622095 -19.879807 -0.769636 -19.879807
 -1.274525 -19.075867 -0.327898 -19.075867
 0.000000 -20.499559 -20.499559 -20.499559
 -1.386294 -1.386294 -1.386294 -1.386294
 0.000000 -20.483891 -20.483891 -20.483891
 -1.386294 -1.386294 -1.386294 -1.386294
 -21.184904 -21.184904 0.000000 -21.184904
 -1.386294 -1.386294 -1.386294 -1.386294
 -1.386294 -1.386294 -1.386294 -1.386294
 -1.386294 -1.386294 -1.386294 -1.386294
 -1.386294 -1.386294 -1.386294 -1.386294
 -1.386294 -1.386294 -1.386294 -1.386294
 -1.301291 -1.214174 -1.262771 -1.910573
 -1.386294 -1.386294 -1.386294 -1.386294
 -1.153610 -1.383935 -1.554937 -1.501880
 -1.347925 -1.459477 -1.440836 -1.305144
 -1.071424 -1.197355 -1.704670 -1.750683
 -1.611868 -1.142799 -1.526210 -1.331040
 -1.608306 -1.319972 -1.004814 -1.792653
 -1.645659 -1.266865 -1.136822 -1.586874
 -1.580203 -0.907681 -1.509638 -1.774204
 -2.163293 -1.137900 -1.130979 -1.419456
