 -1.401692 0.000100 0.000100 0.000100
 -1.408613 0.000100 0.000100 0.000100
 -1.503229 0.000100 0.000100 0.000100
 -1.248528 0.000100 0.000100 0.000100
 -1.126587 -1.575536 -1.393215 -1.510998
 -1.208614 -1.473305 -1.568615 -1.332227
 -1.186319 -1.137528 -1.656321 -1.697142
 -1.492312 -1.368699 -1.392229 -1.301257
 -1.029620 -1.627456 -1.627456 -1.386294
 -0.971861 -2.052771 -1.531476 -1.283641
 -1.176778 -1.279431 -1.523053 -1.632252
 -1.645805 -1.278081 -1.091496 -1.645805
 -1.171885 -1.364788 -1.551374 -1.501364
 -1.163151 -1.484734 -1.519825 -1.418043
 -1.056940 -1.514772 -1.690662 -1.393412
 -1.734600 -1.386294 -1.128466 -1.386294
 -1.184555 -1.329136 -1.609437 -1.472237
 -1.211091 -1.337842 -1.857716 -1.259881
 -1.206409 -1.182312 -1.587776 -1.661883
 -1.422399 -1.581463 -1.311174 -1.259881
 -1.178655 -1.159607 -1.871801 -1.492312
 -1.180291 -1.698233 -1.629240 -1.159238
 -1.220503 -1.115142 -1.759497 -1.585145
 -1.680896 -1.421386 -1.287855 -1.215534
 -1.258955 -1.080264 -1.653608 -1.686398
 -1.584120 -1.523495 -1.523495 -1.024505
 -1.429969 -1.024505 -1.928958 -1.360977
 -1.704747 -1.510592 -1.186805 -1.230290
 -1.091178 -1.069199 -2.007465 -1.678963
 -1.135654 -1.550597 -1.704747 -1.255798
 -1.304465 -1.098613 -1.768769 -1.492516
 -1.584896 -1.714108 -1.038354 -1.343735
 -1.240787 -1.160745 -1.744691 -1.501070
 -1.246249 -1.894942 -1.772340 -0.936094
 -1.442990 -1.206601 -2.010971 -1.106518
 -1.436484 -1.497108 -1.071025 -1.630639
 -1.042524 -1.288656 -1.914360 -1.494508
 -1.575536 -1.609437 -1.757857 -0.865861
 -1.361803 -0.883769 -2.310879 -1.463586
 -1.356794 -1.621486 -1.356794 -1.246793
 -1.218757 -1.098613 -1.810806 -1.572396
 -1.488077 -1.785327 -1.785327 -0.823919
 -1.108369 -0.997144 -2.688808 -1.456675
 -1.276294 -1.483933 -1.433922 -1.363305
 -1.293204 -1.039424 -2.391812 -1.271225
 -1.553348 -1.717651 -1.914360 -0.773191
 -1.469676 -0.733971 -2.120259 -1.771955
 -1.198073 -1.762602 -1.140915 -1.574550
 -1.286211 -0.913008 -2.538968 -1.412963
 -1.567389 -2.260533 -1.874873 -0.627843
 -1.508896 -0.601342 -2.698470 -1.811176
 -1.110447 -1.670062 -1.285651 -1.580450
 -1.092182 -1.092182 -2.478471 -1.405839
 -2.073469 -2.122259 -1.982498 -0.483266
 -1.215023 -0.749661 -2.112959 -2.208269
 -0.996097 -2.125959 -1.299283 -1.432814
 -0.931559 -1.080594 -2.397891 -1.738649
 -1.734600 -1.357307 -1.868131 -0.887304
 -1.119891 -1.295781 -1.781286 -1.462834
 -0.905982 -1.895393 -1.311447 -1.736329
 -0.906241 -0.984203 -2.803354 -1.822530
 -1.487099 -1.428258 -1.848111 -0.976274
 -0.930820 -1.648657 -1.508896 -1.648657
 -1.483024 -1.259881 -1.285198 -1.547562
 -1.397105 -0.737111 -2.827844 -1.536867
 -1.178655 -1.546379 -1.466337 -1.392229
 -1.048352 -1.578978 -1.630271 -1.396657
 -1.661883 -1.364633 -1.158781 -1.423473
 -1.425009 -0.935462 -2.118153 -1.399033
 -1.132514 -1.455287 -1.529395 -1.479385
 -1.134981 -1.422662 -1.540444 -1.499623
 -1.756419 -1.350955 -1.323556 -1.196805
 -0.989414 -1.288656 -2.105414 -1.466337
 -1.333804 -1.333804 -1.652257 -1.267846
 -1.601069 -1.195605 -1.345136 -1.446919
 -1.694595 -1.301553 -1.556445 -1.098613
 -1.269238 -1.596450 -1.564702 -1.180291
 -1.874873 -1.201930 -1.510231 -1.123459
 -1.261652 -1.116471 -2.088327 -1.326191
 -1.939678 -1.183354 -1.361602 -1.225027
 -1.554087 -1.516347 -1.516347 -1.050985
 -1.528468 -1.615480 -1.501070 -1.017644
 -1.201267 -1.479980 -1.921810 -1.123306
 -1.998094 -1.565231 -1.391960 -0.899484
 -0.900163 -0.880360 -1.721141 -14.022528
 -1.427116 -0.717441 -1.301953 -14.038657
 -1.280934 -0.741939 -1.402295 -14.046625
 -1.458615 -0.988612 -0.927988 -14.580980
 -14.316288 -14.316288 -1.045503 -0.433118
 -14.739771 -14.739771 -0.669618 -0.717246
 -14.357838 -14.357838 -0.428997 -1.053151
 -1.386294 -1.386294 -1.386294 -1.386294
 -1.386294 -1.386294 -1.386294 -1.386294
 -1.386294 -1.386294 -1.386294 -1.386294
 -14.910786 -14.910786 -14.910786 -0.000001
 -14.880222 -14.880222 -14.880222 -0.000001
 -1.386294 -1.386294 -1.386294 -1.386294
 -1.386294 -1.386294 -1.386294 -1.386294
 -1.386294 -1.386294 -1.386294 -1.386294
 -0.000001 -15.588767 -15.588767 -15.588767
 -15.588767 -15.588767 -0.000001 -15.588767
 -1.386294 -1.386294 -1.386294 -1.386294
 -1.386294 -1.386294 -1.386294 -1.386294
 -1.386294 -1.386294 -1.386294 -1.386294
 -1.386294 -1.386294 -1.386294 -1.386294
 -1.386294 -1.386294 -1.386294 -1.386294
 -1.374480 -1.566242 -1.163491 -1.488077
 -1.386294 -1.386294 -1.386294 -1.386294
 -1.393028 -1.072121 -2.231354 -1.197284
 -1.516347 -1.256837 -1.721141 -1.148623
 -1.263692 -1.137399 -1.919097 -1.386294
 -1.845825 -1.226788 -1.393842 -1.201470
 -1.091340 -1.282395 -1.624143 -1.661883
 -1.408273 -1.453735 -1.501364 -1.207603
 -1.119233 -1.326871 -1.876915 -1.366092
 -1.803593 -1.552279 -1.146815 -1.184555
 -1.445986 0.000100 0.000100 0.000100
 -1.271853 0.000100 0.000100 0.000100
 -1.314438 0.000100 0.000100 0.000100
 -1.534565 0.000100 0.000100 0.000100
 -1.246922 -1.388364 -1.361114 -1.576226
 -1.265877 -1.425863 -1.322915 -1.554244
 -1.263088 -1.213078 -1.453132 -1.681456
 -1.665976 -1.256535 -1.339227 -1.330643
 -1.413146 -1.358945 -1.373438 -1.400567
 -1.313141 -1.331365 -1.477122 -1.432901
 -1.333471 -1.170710 -1.393339 -1.725706
 -1.794785 -1.291259 -1.232575 -1.319116
 -1.343055 -1.372119 -1.366772 -1.467698
 -1.280464 -1.428292 -1.368822 -1.478554
 -1.429466 -1.188305 -1.287614 -1.715368
 -1.820211 -1.281214 -1.120591 -1.451488
 -1.288624 -1.509908 -1.418264 -1.342140
 -1.230330 -1.527025 -1.365342 -1.446768
 -1.281638 -1.186905 -1.372308 -1.809522
 -1.785816 -1.367106 -1.235770 -1.248673
 -1.349115 -1.454206 -1.251817 -1.509775
 -1.381126 -1.285348 -1.425930 -1.461599
 -1.375093 -1.116927 -1.490404 -1.636715
 -1.843970 -1.290034 -1.214481 -1.310495
 -1.368276 -1.469372 -1.215696 -1.519226
 -1.318118 -1.355858 -1.329071 -1.561064
 -1.375176 -1.139823 -1.367832 -1.756368
 -1.680159 -1.379207 -1.137037 -1.422504
 -1.326459 -1.365073 -1.341726 -1.524048
 -1.279959 -1.513574 -1.293204 -1.480873
 -1.347383 -1.232555 -1.329839 -1.692744
 -1.669336 -1.357263 -1.273520 -1.293101
 -1.352608 -1.388235 -1.325480 -1.486140
 -1.412570 -1.352098 -1.420392 -1.361926
 -1.319351 -1.157508 -1.551544 -1.577445
 -1.730963 -1.207868 -1.349094 -1.329622
 -1.375484 -1.459566 -1.223640 -1.510552
 -1.314257 -1.376499 -1.322915 -1.548779
 -1.422243 -1.161154 -1.340077 -1.693486
 -1.634387 -1.397998 -1.157826 -1.411946
 -1.285665 -1.487692 -1.410178 -1.372233
 -1.269686 -1.417221 -1.396916 -1.472571
 -1.301195 -1.337641 -1.301195 -1.644427
 -1.707774 -1.404588 -1.214603 -1.285779
 -1.320647 -1.439024 -1.359393 -1.431034
 -1.440804 -1.365296 -1.378368 -1.362702
 -1.352475 -1.156783 -1.500705 -1.589973
 -1.852988 -1.269125 -1.204894 -1.337767
 -1.351832 -1.466571 -1.256276 -1.488077
 -1.300675 -1.441422 -1.276890 -1.550427
 -1.477567 -1.143869 -1.293401 -1.720998
 -1.643924 -1.399259 -1.176116 -1.380211
 -1.364788 -1.430746 -1.356841 -1.394480
 -1.280432 -1.468640 -1.242775 -1.593258
 -1.294756 -1.282410 -1.319914 -1.706451
 -1.603450 -1.392318 -1.225729 -1.359626
 -1.372379 -1.323349 -1.354944 -1.503759
 -1.486686 -1.375309 -1.342436 -1.347424
 -1.427704 -1.116406 -1.520078 -1.541818
 -1.847308 -1.257958 -1.265801 -1.287022
 -1.467801 -1.409233 -1.290785 -1.385563
 -1.265718 -1.416494 -1.317759 -1.571825
 -1.409642 -1.166232 -1.409642 -1.609438
 -1.831572 -1.282820 -1.151111 -1.401210
 -1.320530 -1.498138 -1.323158 -1.414005
 -1.285291 -1.583215 -1.298478 -1.405807
 -1.330645 -1.234929 -1.302040 -1.755265
 -1.562129 -1.385571 -1.168225 -1.473109
 -1.381865 -1.420480 -1.287934 -1.463382
 -1.485886 -1.295729 -1.379641 -1.392992
 -1.322772 -1.162107 -1.582525 -1.535620
 -1.641494 -1.301241 -1.298550 -1.342513
 -1.395943 -1.295860 -1.290860 -1.591089
 -1.267271 -1.432618 -1.267271 -1.618889
 -1.506356 -1.166538 -1.279115 -1.668357
 -1.728246 -1.239194 -1.186369 -1.480785
 -1.216309 -1.579360 -1.332921 -1.453010
 -1.286099 -1.565343 -1.292476 -1.426921
 -1.306909 -1.311129 -1.399486 -1.545968
 -1.583524 -1.406383 -1.334365 -1.250379
 -1.421211 -1.401109 -1.310787 -1.416147
 -1.428278 -1.355417 -1.439975 -1.326121
 -1.417143 -1.157340 -1.499747 -1.513733
 -1.669261 -1.422737 -1.309008 -1.202399
 -1.005759 -1.494183 -0.892083 -16.460266
 -1.047380 -1.284117 -0.988191 -16.610350
 -1.103168 -1.031439 -1.165752 -16.549879
 -1.265205 -1.311190 -0.802249 -16.573620
 -16.833494 -16.833494 -0.666608 -0.720410
 -16.673704 -16.673704 -0.563640 -0.841958
 -16.982250 -16.982250 -0.369459 -1.174765
 -1.386294 -1.386294 -1.386294 -1.386294
 -1.386294 -1.386294 -1.386294 -1.386294
 -1.386294 -1.386294 -1.386294 -1.386294
 -17.421553 -17.421553 -17.421553 -0.000000
 -17.025951 -17.025951 -17.025951 -0.000000
 -1.386294 -1.386294 -1.386294 -1.386294
 -1.386294 -1.386294 -1.386294 -1.386294
 -1.386294 -1.386294 -1.386294 -1.386294
 0.000000 -17.936335 -17.936335 -17.936335
 -17.936335 -17.936335 0.000000 -17.936335
 -1.386294 -1.386294 -1.386294 -1.386294
 -1.386294 -1.386294 -1.386294 -1.386294
 -1.386294 -1.386294 -1.386294 -1.386294
 -1.386294 -1.386294 -1.386294 -1.386294
 -1.386294 -1.386294 -1.386294 -1.386294
 -1.308414 -1.032057 -1.740352 -1.619388
 -1.386294 -1.386294 -1.386294 -1.386294
 -1.326270 -1.382099 -1.277696 -1.585698
 -1.295342 -1.334363 -1.419175 -1.509789
 -1.509178 -1.186549 -1.488474 -1.394655
 -1.468251 -1.344555 -1.217728 -1.545924
 -1.251804 -1.670783 -1.304629 -1.367910
 -1.254285 -1.633446 -1.284590 -1.415926
 -1.229291 -1.344673 -1.332754 -1.697586
 -1.523843 -1.576029 -1.149362 -1.352885
