 -1.321205 0.000100 0.000100 0.000100
 -1.333679 0.000100 0.000100 0.000100
 -1.482266 0.000100 0.000100 0.000100
 -1.416515 0.000100 0.000100 0.000100
 -1.158205 -1.445886 -1.411400 -1.576914
 -1.302076 -1.365590 -1.398926 -1.487479
 -1.184742 -1.415853 -1.477728 -1.499235
 -1.756041 -1.145133 -1.501807 -1.250493
 -1.158205 -1.198479 -1.617736 -1.682275
 -1.141538 -1.394733 -1.622123 -1.446919
 -1.191589 -1.048488 -1.900239 -1.628306
 -1.647720 -1.283755 -1.318241 -1.335940
 -1.262500 -1.492516 -1.601715 -1.235472
 -1.164656 -1.393842 -1.594512 -1.440361
 -1.343735 -1.087802 -1.501364 -1.718427
 -1.629743 -1.443157 -1.088613 -1.464663
 -1.202602 -1.244566 -1.855474 -1.365927
 -1.120306 -1.425687 -1.480746 -1.579837
 -1.207093 -1.146469 -1.810627 -1.515828
 -1.666325 -1.573234 -1.190243 -1.205510
 -1.442990 -1.426460 -1.410200 -1.274655
 -1.286809 -1.544638 -1.487479 -1.256956
 -1.365675 -1.163151 -1.428854 -1.646577
 -1.791759 -1.342234 -1.213023 -1.291804
 -1.405343 -1.279049 -1.643014 -1.262242
 -1.279196 -1.327206 -1.854559 -1.203973
 -1.537525 -0.963438 -1.902984 -1.368903
 -1.390523 -1.219565 -1.516816 -1.442708
 -1.206954 -1.317302 -1.627456 -1.441354
 -1.146681 -1.616684 -1.616684 -1.254570
 -1.243603 -1.033308 -1.761545 -1.692552
 -1.485728 -1.731861 -1.098613 -1.334178
 -1.192367 -1.167050 -1.698928 -1.597832
 -1.232144 -1.686398 -1.349927 -1.332227
 -1.425515 -0.871631 -1.782189 -1.754018
 -1.130076 -1.924026 -1.089802 -1.636345
 -1.341843 -0.805265 -2.631506 -1.515506
 -1.609437 -1.510347 -2.436113 -0.709955
 -1.305533 -0.656447 -2.274931 -2.230479
 -1.658227 -1.370546 -1.391599 -1.181304
 -1.308807 -1.132351 -2.019652 -1.291415
 -2.061422 -1.828800 -1.992429 -0.552069
 -1.695614 -1.324052 -1.746907 -0.977777
 -1.005782 -1.787875 -1.617250 -1.314970
 -0.557272 -14.571634 -1.469472 -1.623622
 -1.073036 -14.473033 -1.073036 -1.151817
 -0.773191 -14.173188 -1.201645 -1.436484
 -0.704384 -15.090875 -0.946059 -2.142862
 -1.153453 -0.686211 -3.021582 -2.023056
 -1.386294 -1.386294 -1.386294 -1.386294
 -1.822530 -0.318455 -2.803356 -2.985677
 -1.753398 -1.028503 -1.661025 -1.275363
 -2.038432 -0.407795 -2.731575 -1.969439
 -2.276763 -2.337388 -3.030533 -0.284335
 -1.346021 -0.889264 -1.892560 -1.725508
 -1.668526 -1.585145 -1.140460 -1.248673
 -0.000002 -14.006134 -14.006134 -14.006134
 -0.000001 -14.715673 -14.715673 -14.715673
 -0.000003 -13.687682 -13.687682 -13.687682
 -0.000001 -15.324023 -15.324023 -15.324023
 -0.565976 -1.639658 -2.506077 -1.854315
 -1.386294 -1.386294 -1.386294 -1.386294
 -1.386294 -1.386294 -1.386294 -1.386294
 -1.386294 -1.386294 -1.386294 -1.386294
 -2.555286 -0.433026 -3.066110 -1.481993
 -1.163151 -1.299283 -1.506922 -1.644123
 -1.413693 -1.008230 -1.470851 -1.819155
 -2.011386 -1.400479 -1.171638 -1.171638
 -1.145133 -1.169230 -1.992428 -1.448815
 -0.995958 -1.510857 -1.847329 -1.377326
 -1.264934 -1.323774 -1.875841 -1.209364
 -1.898730 -1.189584 -1.238374 -1.362427
 -1.371696 -1.174986 -2.050452 -1.174986
 -1.434234 -1.065137 -1.698385 -1.452252
 -1.246793 -1.186169 -1.716795 -1.480407
 -1.762158 -1.292156 -1.323904 -1.246346
 -1.554629 -1.353959 -1.895555 -0.966844
 -1.460402 -1.400683 -1.400683 -1.290984
 -1.639290 -1.092748 -2.000302 -1.092748
 -2.031431 -1.419631 -1.078328 -1.248673
 -1.336145 -1.232961 -2.220344 -1.087249
 -1.529395 -1.353505 -1.673976 -1.086190
 -1.526056 -1.042260 -1.777370 -1.343735
 -2.068969 -1.348424 -1.348424 -1.037369
 -1.275363 -1.295566 -1.891547 -1.217094
 -1.500238 -1.256617 -1.977161 -1.038894
 -1.464412 -1.092849 -1.975236 -1.221466
 -2.319677 -1.014147 -1.661623 -1.052247
 -0.757310 -1.414950 -1.808853 -2.085105
 -1.268511 -1.332227 -1.152101 -1.974080
 -1.178656 -1.351927 -1.156183 -2.129628
 -1.223107 -1.557309 -0.981945 -2.116923
 -14.900702 -0.000001 -14.900702 -14.900702
 -14.599414 -0.000001 -14.599414 -14.599414
 -14.834359 -0.000001 -14.834359 -14.834359
 -13.955276 -0.000003 -13.955276 -13.955276
 -1.386294 -1.386294 -1.386294 -1.386294
 -0.000000 -16.020483 -16.020483 -16.020483
 -1.386294 -1.386294 -1.386294 -1.386294
 -1.386294 -1.386294 -1.386294 -1.386294
 -16.020483 -16.020483 -0.000000 -16.020483
 -1.386294 -1.386294 -1.386294 -1.386294
 -1.386294 -1.386294 -1.386294 -1.386294
 -1.386294 -1.386294 -1.386294 -1.386294
 -1.386294 -1.386294 -1.386294 -1.386294
 -1.386294 -1.386294 -1.386294 -1.386294
 -1.317081 -1.329504 -1.208024 -1.779704
 -1.386294 -1.386294 -1.386294 -1.386294
 -1.432618 -1.334178 -1.664420 -1.175574
 -1.510347 -1.420196 -1.651997 -1.061799
 -1.458984 -1.091260 -1.864448 -1.284631
 -1.811561 -0.969996 -1.419520 -1.533930
 -1.150171 -1.118918 -2.202260 -1.401484
 -1.080331 -1.507774 -1.576767 -1.458984
 -1.478102 -1.030790 -1.428091 -1.740465
 -1.712295 -1.106160 -1.540445 -1.293037
 -1.360347 0.000100 0.000100 0.000100
 -1.281150 0.000100 0.000100 0.000100
 -1.430980 0.000100 0.000100 0.000100
 -1.484411 0.000100 0.000100 0.000100
 -1.583595 -1.276805 -1.102823 -1.693340
 -1.459691 -1.183969 -1.314022 -1.645617
 -1.497336 -0.959892 -1.465297 -1.818118
 -2.093072 -0.996440 -1.238594 -1.524594
 -1.237227 -1.367679 -1.414668 -1.550657
 -1.245045 -1.413916 -1.266098 -1.676897
 -1.284426 -1.183022 -1.369015 -1.817191
 -1.722240 -1.246418 -1.194362 -1.465752
 -1.230757 -1.361227 -1.452024 -1.525618
 -1.370241 -1.422040 -1.377478 -1.376269
 -1.209405 -1.149567 -1.570642 -1.731947
 -1.780672 -1.178012 -1.336117 -1.344307
 -1.615848 -1.264331 -1.091291 -1.697903
 -1.482141 -1.188904 -1.278852 -1.661060
 -1.514255 -0.983627 -1.463199 -1.745366
 -2.039596 -1.047818 -1.202496 -1.519720
 -1.289334 -1.390952 -1.385872 -1.488983
 -1.303025 -1.459991 -1.212583 -1.616337
 -1.304786 -1.169526 -1.336157 -1.861743
 -1.753006 -1.242181 -1.120562 -1.551653
 -1.334347 -1.405116 -1.355691 -1.454306
 -1.356206 -1.337225 -1.434653 -1.420504
 -1.249116 -1.131899 -1.504370 -1.779846
 -1.833650 -1.202549 -1.347731 -1.273271
 -1.527727 -1.175987 -1.170591 -1.806221
 -1.484603 -1.132342 -1.303794 -1.716855
 -1.502030 -0.955648 -1.455580 -1.835746
 -2.137139 -0.970501 -1.244734 -1.536666
 -1.315411 -1.420254 -1.295395 -1.531581
 -1.203654 -1.496929 -1.247635 -1.666512
 -1.274515 -1.162609 -1.389610 -1.841423
 -1.695523 -1.258572 -1.121580 -1.576618
 -1.269029 -1.378568 -1.505785 -1.406035
 -1.380941 -1.342735 -1.428538 -1.394856
 -1.314551 -1.104236 -1.539069 -1.685455
 -1.758560 -1.137956 -1.365899 -1.377999
 -1.532600 -1.223576 -1.135905 -1.779522
 -1.494107 -1.063452 -1.384292 -1.715976
 -1.471380 -0.925496 -1.498345 -1.893414
 -2.148743 -0.911085 -1.227526 -1.669905
 -0.984732 -16.991896 -1.064961 -1.266843
 -0.949313 -17.579033 -0.999093 -1.407397
 -0.910508 -17.304718 -0.990234 -1.486378
 -1.390637 -16.849020 -0.778016 -1.231800
 -1.214947 -1.370503 -1.445783 -1.543025
 -1.386294 -1.386294 -1.386294 -1.386294
 -1.230649 -1.108478 -1.509656 -1.852466
 -1.770219 -1.092456 -1.312697 -1.490680
 -1.642491 -1.055974 -1.122571 -2.015850
 -1.436123 -1.009827 -1.273317 -2.137339
 -1.451273 -0.932762 -1.382478 -2.109431
 -2.290751 -0.764512 -1.203406 -2.016818
 0.000000 -16.991896 -16.991896 -16.991896
 0.000000 -17.657755 -17.657755 -17.657755
 0.000000 -17.366276 -17.366276 -17.366276
 -0.000000 -16.534172 -16.534172 -16.534172
 -1.254631 -1.341457 -1.478574 -1.489915
 -1.386294 -1.386294 -1.386294 -1.386294
 -1.386294 -1.386294 -1.386294 -1.386294
 -1.386294 -1.386294 -1.386294 -1.386294
 -1.580492 -1.355091 -0.950754 -1.898769
 -1.507890 -1.134452 -1.218777 -1.823662
 -1.417703 -0.964354 -1.474861 -1.912639
 -2.046865 -1.173060 -1.093109 -1.486029
 -1.238828 -1.359822 -1.407567 -1.566225
 -1.264707 -1.357684 -1.328374 -1.632121
 -1.265738 -1.211278 -1.297968 -1.916870
 -1.720520 -1.190213 -1.248128 -1.470420
 -1.261681 -1.343008 -1.535886 -1.425042
 -1.350822 -1.382422 -1.466735 -1.349671
 -1.217094 -1.094895 -1.610059 -1.775138
 -1.718908 -1.176242 -1.444177 -1.286044
 -1.615509 -1.263815 -1.085635 -1.709538
 -1.475437 -1.287023 -1.225106 -1.601949
 -1.439480 -0.976679 -1.471897 -1.852148
 -2.070955 -1.094006 -1.144017 -1.511742
 -1.328348 -1.323635 -1.468425 -1.432834
 -1.335001 -1.370811 -1.288847 -1.573335
 -1.312027 -1.075693 -1.458084 -1.851616
 -1.819521 -1.229354 -1.103841 -1.542620
 -1.184062 -1.467349 -1.504583 -1.421626
 -1.241515 -1.509245 -1.354725 -1.461196
 -1.313172 -1.122725 -1.485751 -1.718637
 -1.839347 -1.150124 -1.296659 -1.382154
 -1.670815 -1.281187 -0.930803 -1.966384
 -1.543212 -1.291738 -1.076447 -1.767793
 -1.576330 -0.977096 -1.293181 -1.948634
 -1.857112 -1.166337 -1.026886 -1.747259
 -16.959663 0.000000 -16.959663 -16.959663
 -17.432089 0.000000 -17.432089 -17.432089
 -17.536373 0.000000 -17.536373 -17.536373
 -16.753614 -0.000000 -16.753614 -16.753614
 -1.386294 -1.386294 -1.386294 -1.386294
 0.000000 -18.607906 -18.607906 -18.607906
 -1.386294 -1.386294 -1.386294 -1.386294
 -1.386294 -1.386294 -1.386294 -1.386294
 -18.607906 -18.607906 0.000000 -18.607906
 -1.386294 -1.386294 -1.386294 -1.386294
 -1.386294 -1.386294 -1.386294 -1.386294
 -1.386294 -1.386294 -1.386294 -1.386294
 -1.386294 -1.386294 -1.386294 -1.386294
 -1.386294 -1.386294 -1.386294 -1.386294
 -1.367808 -1.035391 -1.457339 -1.849010
 -1.386294 -1.386294 -1.386294 -1.386294
 -1.326570 -1.322896 -1.391191 -1.516528
 -1.271266 -1.406583 -1.454420 -1.422922
 -1.260629 -1.111516 -1.648659 -1.633952
 -1.659678 -1.050274 -1.475511 -1.464057
 -1.443694 -1.338600 -1.143738 -1.697682
 -1.437055 -1.291116 -1.239823 -1.619620
 -1.529789 -0.977669 -1.475633 -1.722620
 -2.015089 -1.071866 -1.246839 -1.440073
