 -1.485755 0.000100 0.000100 0.000100
 -1.374530 0.000100 0.000100 0.000100
 -1.323236 0.000100 0.000100 0.000100
 -1.368699 0.000100 0.000100 0.000100
 -1.392852 -1.596450 -1.341559 -1.246249
 -1.403994 -1.152680 -1.774367 -1.313022
 -1.132514 -1.185624 -1.791758 -1.582039
 -1.851656 -1.177203 -1.255674 -1.386294
 -1.174120 -1.255798 -1.442384 -1.773740
 -1.185153 -1.478500 -1.573810 -1.350667
 -1.045969 -1.065387 -1.531476 -2.432258
 -1.609437 -1.165507 -1.307157 -1.524880
 -1.200578 -1.540445 -1.270782 -1.589235
 -1.265667 -1.401798 -1.511799 -1.381179
 -1.085955 -1.249584 -1.342674 -2.165871
 -1.961656 -1.188469 -1.296682 -1.268512
 -1.250064 -1.250064 -14.430698 -0.850909
 -1.267235 -1.267235 -14.369398 -0.828323
 -0.868597 -1.330414 -14.369398 -1.151723
 -1.667007 -1.011602 -14.173188 -0.803963
 -14.518610 -14.518610 -0.000001 -14.518610
 -14.508659 -14.508659 -0.000002 -14.508659
 -1.386294 -1.386294 -1.386294 -1.386294
 -14.823470 -14.823470 -0.000001 -14.823470
 -1.386294 -1.386294 -1.386294 -1.386294
 -1.386294 -1.386294 -1.386294 -1.386294
 -15.726534 -15.726534 -15.726534 -0.000000
 -1.386294 -1.386294 -1.386294 -1.386294
 -1.386294 -1.386294 -1.386294 -1.386294
 -1.386294 -1.386294 -1.386294 -1.386294
 -1.386294 -1.386294 -1.386294 -1.386294
 -0.000001 -15.726534 -15.726534 -15.726534
 -0.000001 -15.726534 -15.726534 -15.726534
 -1.386294 -1.386294 -1.386294 -1.386294
 -1.386294 -1.386294 -1.386294 -1.386294
 -1.386294 -1.386294 -1.386294 -1.386294
 -15.726534 -15.726534 -0.000000 -15.726534
 -1.386294 -1.386294 -1.386294 -1.386294
 -1.386294 -1.386294 -1.386294 -1.386294
 -1.386294 -1.386294 -1.386294 -1.386294
 -1.386294 -1.386294 -1.386294 -1.386294
 -1.386294 -1.386294 -1.386294 -1.386294
 -15.726534 -15.726534 -15.726534 -0.000000
 -1.386294 -1.386294 -1.386294 -1.386294
 -1.386294 -1.386294 -1.386294 -1.386294
 -1.386294 -1.386294 -1.386294 -1.386294
 -1.386294 -1.386294 -1.386294 -1.386294
 -1.695911 -1.340043 -1.603538 -1.039730
 -1.524444 -1.036093 -1.354546 -1.775758
 -1.391960 -1.918052 -1.168817 -1.224906
 -1.199083 -1.275069 -1.916921 -1.301737
 -2.218365 -1.715263 -0.999127 -1.069745
 -1.213682 -1.056054 -2.362299 -1.343735
 -1.066037 -1.279611 -2.937828 -1.125460
 -1.212557 -0.903552 -2.181955 -1.689480
 -1.731134 -1.232144 -1.890198 -0.967037
 -1.391714 -1.045969 -1.888150 -1.391714
 -1.390749 -1.211408 -1.950363 -1.167606
 -1.568615 -0.780161 -1.878767 -1.711715
 -2.377483 -1.242507 -1.260525 -1.093471
 -1.471287 -1.267689 -1.504077 -1.321756
 -1.255028 -1.041454 -1.996964 -1.486140
 -1.578185 -0.847299 -2.271328 -1.339774
 -2.323416 -1.108976 -1.461195 -1.078204
 -1.609437 0.000100 0.000100 0.000100
 -1.449095 0.000100 0.000100 0.000100
 -1.007264 0.000100 0.000100 0.000100
 -1.609437 0.000100 0.000100 0.000100
 -2.036866 -0.938276 -2.036866 -1.056058
 -1.909532 -1.349927 -1.216398 -1.216398
 -1.252764 -1.098615 -1.339775 -2.128221
 -3.135412 -1.056058 -1.526054 -0.938276
 -1.609433 -1.386294 -0.916298 -1.897107
 -0.998532 -2.028139 -1.335002 -1.440361
 -1.909532 -1.504076 -1.098616 -1.216398
 -2.014891 -1.609434 -1.098616 -1.098616
 -1.312187 -1.312187 -1.312187 -1.648654
 -1.145136 -1.481603 -1.704741 -1.299284
 -1.308334 -1.045972 -1.665004 -1.665004
 -1.791753 -1.321757 -1.321757 -1.203975
 -0.594715 -1.757852 -12.577650 -1.287856
 -0.788463 -1.417066 -12.706860 -1.193925
 -0.955517 -1.648654 -12.468452 -0.860208
 -2.602654 -1.098616 -12.506192 -0.523257
 -12.971550 -12.971550 -0.000007 -12.971550
 -12.506192 -12.506192 -0.000011 -12.506192
 -1.386294 -1.386294 -1.386294 -1.386294
 -13.017012 -13.017012 -0.000007 -13.017012
 -1.386294 -1.386294 -1.386294 -1.386294
 -1.386294 -1.386294 -1.386294 -1.386294
 -13.955276 -13.955276 -13.955276 -0.000003
 -1.386294 -1.386294 -1.386294 -1.386294
 -1.386294 -1.386294 -1.386294 -1.386294
 -1.386294 -1.386294 -1.386294 -1.386294
 -1.386294 -1.386294 -1.386294 -1.386294
 -0.000003 -13.955276 -13.955276 -13.955276
 -0.000003 -13.955276 -13.955276 -13.955276
 -1.386294 -1.386294 -1.386294 -1.386294
 -1.386294 -1.386294 -1.386294 -1.386294
 -1.386294 -1.386294 -1.386294 -1.386294
 -13.955276 -13.955276 -0.000003 -13.955276
 -1.386294 -1.386294 -1.386294 -1.386294
 -1.386294 -1.386294 -1.386294 -1.386294
 -1.386294 -1.386294 -1.386294 -1.386294
 -1.386294 -1.386294 -1.386294 -1.386294
 -1.386294 -1.386294 -1.386294 -1.386294
 -13.955276 -13.955276 -13.955276 -0.000003
 -1.386294 -1.386294 -1.386294 -1.386294
 -1.386294 -1.386294 -1.386294 -1.386294
 -1.386294 -1.386294 -1.386294 -1.386294
 -1.386294 -1.386294 -1.386294 -1.386294
 -1.653889 -1.343735 -1.310945 -1.279197
 -1.481603 -1.011607 -1.299284 -1.992415
 -1.609434 -2.302565 -0.836254 -1.321757
 -1.036096 -2.335355 -1.236764 -1.354546
 -2.772551 -1.519824 -0.826684 -1.268513
 -1.232146 -1.098616 -1.568613 -1.791751
 -1.435084 -0.965087 -2.351344 -1.252765
 -1.172722 -1.658225 -1.339775 -1.435084
 -1.252765 -1.386294 -1.134983 -1.945899
 -0.931563 -1.299284 -1.550595 -2.110200
 -0.869043 -1.824542 -1.488076 -1.642224
 -1.504076 -1.686394 -1.216398 -1.216398
 -2.484873 -1.386294 -0.875475 -1.386294
 -1.446918 -1.580448 -1.128468 -1.446918
 -1.427116 -1.609434 -1.021656 -1.609434
 -1.268513 -0.826684 -2.367103 -1.673972
 -1.791751 -0.980835 -1.232146 -1.791751
