 -1.292503 0.000100 0.000100 0.000100
 -1.259278 0.000100 0.000100 0.000100
 -1.477531 0.000100 0.000100 0.000100
 -1.544783 0.000100 0.000100 0.000100
 -1.147065 -1.359626 -1.470852 -1.629916
 -1.341559 -1.446919 -1.698233 -1.138618
 -0.962038 -1.174599 -2.414283 -1.516347
 -1.972341 -0.873733 -1.566878 -1.449095
 -1.203973 -1.427116 -1.427116 -1.514127
 -1.123931 -1.609437 -1.491655 -1.386294
 -0.790523 -1.483668 -1.483668 -2.377479
 -1.704747 -0.950977 -1.299283 -1.838278
 -1.299283 -1.321756 -1.193923 -1.847848
 -1.056940 -1.422399 -1.547562 -1.616555
 -1.433547 -1.178656 -1.284016 -1.732039
 -1.690289 -0.873530 -1.801514 -1.456675
 -1.232144 -0.962481 -14.180157 -1.119666
 -1.038354 -1.252763 -14.291747 -1.020962
 -0.939106 -0.939106 -14.100693 -1.523053
 -1.724747 -0.951560 -13.825465 -0.830933
 -14.340241 -14.340241 -0.000002 -14.340241
 -14.467837 -14.467837 -0.000002 -14.467837
 -1.386294 -1.386294 -1.386294 -1.386294
 -14.392126 -14.392126 -0.000002 -14.392126
 -1.386294 -1.386294 -1.386294 -1.386294
 -1.386294 -1.386294 -1.386294 -1.386294
 -15.500057 -15.500057 -15.500057 -0.000001
 -1.386294 -1.386294 -1.386294 -1.386294
 -1.386294 -1.386294 -1.386294 -1.386294
 -1.386294 -1.386294 -1.386294 -1.386294
 -1.386294 -1.386294 -1.386294 -1.386294
 -0.000001 -15.500057 -15.500057 -15.500057
 -15.500057 -0.000001 -15.500057 -15.500057
 -1.386294 -1.386294 -1.386294 -1.386294
 -1.386294 -1.386294 -1.386294 -1.386294
 -1.386294 -1.386294 -1.386294 -1.386294
 -1.386294 -1.386294 -1.386294 -1.386294
 -15.500057 -15.500057 -0.000001 -15.500057
 -1.386294 -1.386294 -1.386294 -1.386294
 -1.386294 -1.386294 -1.386294 -1.386294
 -1.386294 -1.386294 -1.386294 -1.386294
 -1.386294 -1.386294 -1.386294 -1.386294
 -15.500057 -15.500057 -15.500057 -0.000001
 -1.386294 -1.386294 -1.386294 -1.386294
 -1.386294 -1.386294 -1.386294 -1.386294
 -1.386294 -1.386294 -1.386294 -1.386294
 -1.386294 -1.386294 -1.386294 -1.386294
 -1.801079 -1.279080 -1.616886 -1.027026
 -1.923684 -0.877720 -2.696865 -0.992130
 -1.875139 -1.297063 -1.678430 -0.950193
 -1.494775 -0.844189 -2.107876 -1.494775
 -2.490097 -1.573810 -1.330865 -0.808344
 -1.195240 -1.111859 -2.384814 -1.286211
 -1.249719 -1.129575 -2.104132 -1.315677
 -1.119233 -0.847300 -2.505517 -1.812377
 -2.045207 -1.192431 -1.971099 -0.848958
 -1.418043 -1.214445 -1.961656 -1.138459
 -1.560910 -1.039615 -1.979619 -1.209513
 -1.309922 -0.775842 -2.197217 -1.840546
 -2.227619 -1.074943 -1.652257 -1.023650
 -1.508896 -1.147884 -2.005330 -1.118031
 -1.598855 -0.959777 -2.017564 -1.266150
 -1.698667 -0.940985 -2.008820 -1.228666
 -1.970449 -0.995072 -1.704747 -1.174120
 -1.426035 0.000100 0.000100 0.000100
 -1.520444 0.000100 0.000100 0.000100
 -1.023577 0.000100 0.000100 0.000100
 -1.704748 0.000100 0.000100 0.000100
 -0.971862 -1.451433 -1.713796 -1.574035
 -1.479626 -1.396245 -1.524077 -1.181134
 -1.001115 -1.283347 -1.744691 -1.710789
 -1.435084 -1.486377 -1.295323 -1.339774
 -2.039165 -0.889263 -1.013316 -2.344545
 -1.809149 -0.802348 -1.257083 -2.268679
 -1.978342 -0.672096 -1.652922 -1.835242
 -2.360848 -1.025854 -0.949868 -1.830224
 -1.277661 -1.338285 -1.277661 -1.712976
 -1.054161 -1.624705 -1.054161 -2.243742
 -1.393215 -0.951383 -1.126587 -3.184960
 -1.980996 -1.287855 -1.015923 -1.495493
 -0.677881 -1.433547 -14.077878 -1.371027
 -0.994041 -1.233270 -14.054531 -1.082988
 -0.680245 -1.186805 -14.247295 -1.669656
 -1.852379 -0.987389 -13.142174 -0.753775
 -14.503647 -14.503647 -0.000002 -14.503647
 -14.108183 -14.108183 -0.000002 -14.108183
 -1.386294 -1.386294 -1.386294 -1.386294
 -14.070156 -14.070156 -0.000002 -14.070156
 -1.386294 -1.386294 -1.386294 -1.386294
 -1.386294 -1.386294 -1.386294 -1.386294
 -15.345906 -15.345906 -15.345906 -0.000001
 -1.386294 -1.386294 -1.386294 -1.386294
 -1.386294 -1.386294 -1.386294 -1.386294
 -1.386294 -1.386294 -1.386294 -1.386294
 -1.386294 -1.386294 -1.386294 -1.386294
 -0.000001 -15.345906 -15.345906 -15.345906
 -15.345906 -0.000001 -15.345906 -15.345906
 -1.386294 -1.386294 -1.386294 -1.386294
 -1.386294 -1.386294 -1.386294 -1.386294
 -1.386294 -1.386294 -1.386294 -1.386294
 -1.386294 -1.386294 -1.386294 -1.386294
 -15.345906 -15.345906 -0.000001 -15.345906
 -1.386294 -1.386294 -1.386294 -1.386294
 -1.386294 -1.386294 -1.386294 -1.386294
 -1.386294 -1.386294 -1.386294 -1.386294
 -1.386294 -1.386294 -1.386294 -1.386294
 -15.345906 -15.345906 -15.345906 -0.000001
 -1.386294 -1.386294 -1.386294 -1.386294
 -1.386294 -1.386294 -1.386294 -1.386294
 -1.386294 -1.386294 -1.386294 -1.386294
 -1.386294 -1.386294 -1.386294 -1.386294
 -2.524645 -0.783707 -1.151958 -1.916057
 -1.819153 -0.971864 -1.413693 -1.531475
 -1.439835 -1.796509 -0.969832 -1.523216
 -1.805551 -0.840473 -1.270035 -2.093232
 -2.427737 -1.821609 -0.723003 -1.329136
 -1.087053 -1.681757 -1.969437 -1.087053
 -1.921810 -1.098613 -1.378197 -1.315677
 -1.016214 -1.222550 -1.761545 -1.761545
 -1.408767 -1.098613 -1.791757 -1.364316
 -2.287076 -1.090831 -0.881740 -1.907589
 -2.072059 -0.973450 -1.167606 -1.686398
 -2.151757 -0.604202 -1.621133 -1.969437
 -2.781467 -0.943199 -0.966189 -1.782947
 -1.142099 -1.365241 -2.240698 -1.142099
 -1.413693 -1.665007 -0.957677 -1.693995
 -1.642227 -1.131403 -1.111600 -1.865370
 -1.321756 -1.678429 -1.139435 -1.484274
