 -1.296370 0.000100 0.000100 0.000100
 -1.362509 0.000100 0.000100 0.000100
 -1.509563 0.000100 0.000100 0.000100
 -1.388485 0.000100 0.000100 0.000100
 -1.217396 -1.362578 -1.532476 -1.461018
 -1.098613 -1.328187 -1.989582 -1.328187
 -1.088761 -1.088761 -2.312529 -1.479626
 -2.028145 -1.209838 -1.558144 -1.022627
 -1.067114 -1.461018 -1.496109 -1.609437
 -1.025051 -1.474000 -1.697142 -1.474000
 -0.976511 -1.011603 -1.571216 -2.957491
 -1.419084 -1.236763 -1.209364 -1.775758
 -1.340385 -1.340385 -1.072121 -2.008212
 -0.940985 -1.634130 -1.554087 -1.593308
 -1.043043 -1.070442 -1.562917 -2.351369
 -1.742967 -0.980831 -1.203974 -1.897117
 -0.995429 -1.400893 -14.137597 -0.956963
 -1.122144 -1.333452 -14.070156 -0.889522
 -0.685052 -1.410987 -14.022528 -1.378197
 -1.719784 -1.160171 -13.415039 -0.678335
 -14.328337 -14.328337 -0.000002 -14.328337
 -13.989468 -13.989468 -0.000003 -13.989468
 -1.386294 -1.386294 -1.386294 -1.386294
 -14.352006 -14.352006 -0.000002 -14.352006
 -1.386294 -1.386294 -1.386294 -1.386294
 -1.386294 -1.386294 -1.386294 -1.386294
 -15.335025 -15.335025 -15.335025 -0.000001
 -1.386294 -1.386294 -1.386294 -1.386294
 -1.386294 -1.386294 -1.386294 -1.386294
 -1.386294 -1.386294 -1.386294 -1.386294
 -1.386294 -1.386294 -1.386294 -1.386294
 -0.000001 -15.335025 -15.335025 -15.335025
 -15.335025 -15.335025 -1.539716 -0.241362
 -1.386294 -1.386294 -1.386294 -1.386294
 -1.386294 -1.386294 -1.386294 -1.386294
 -1.386294 -1.386294 -1.386294 -1.386294
 -1.386294 -1.386294 -1.386294 -1.386294
 -1.386294 -1.386294 -1.386294 -1.386294
 -13.795312 -13.795312 -0.000003 -13.795312
 -15.093664 -15.093664 -0.000001 -15.093664
 -1.386294 -1.386294 -1.386294 -1.386294
 -1.386294 -1.386294 -1.386294 -1.386294
 -15.335025 -15.335025 -15.335025 -0.000001
 -1.386294 -1.386294 -1.386294 -1.386294
 -1.386294 -1.386294 -1.386294 -1.386294
 -1.386294 -1.386294 -1.386294 -1.386294
 -1.386294 -1.386294 -1.386294 -1.386294
 -1.602895 -1.388485 -1.717964 -0.994785
 -2.219198 -1.263692 -2.219198 -0.693149
 -1.478101 -1.368903 -1.791758 -1.047320
 -1.362197 -1.187844 -1.841767 -1.271226
 -2.490837 -1.695911 -1.122566 -0.895793
 -1.043806 -1.318241 -2.876366 -1.127187
 -1.377326 -0.995959 -2.630080 -1.183170
 -1.439216 -0.837043 -2.628791 -1.355835
 -1.849578 -1.070910 -2.137259 -0.962277
 -1.386294 -1.060873 -1.648657 -1.553348
 -1.161925 -1.265109 -2.049226 -1.287088
 -1.491654 -0.644362 -2.995692 -1.609435
 -2.371573 -1.226446 -1.297063 -1.078810
 -1.237875 -1.108664 -1.897117 -1.469676
 -1.854937 -0.847299 -1.899388 -1.326871
 -1.486377 -0.717247 -2.032917 -1.865864
 -1.891841 -1.172721 -1.840548 -0.965082
 -1.325914 0.000100 0.000100 0.000100
 -1.533553 0.000100 0.000100 0.000100
 -1.222117 0.000100 0.000100 0.000100
 -1.495813 0.000100 0.000100 0.000100
 -1.519825 -1.484734 -1.633154 -1.023390
 -1.466337 -1.312187 -1.466337 -1.312187
 -0.985536 -1.429466 -1.554629 -1.736950
 -1.637608 -1.591088 -1.185624 -1.216396
 -2.003066 -1.540444 -1.029620 -1.225364
 -1.469291 -1.508512 -1.013817 -1.682864
 -1.386294 -1.163152 -1.422662 -1.627455
 -1.984823 -1.542992 -0.867865 -1.474000
 -1.310583 -1.544197 -1.310583 -1.397594
 -1.134015 -1.972341 -1.107347 -1.566878
 -1.339774 -1.627456 -1.116631 -1.540445
 -1.992427 -1.522426 -1.089563 -1.174121
 -0.875470 -1.568615 -13.997835 -0.980830
 -0.966442 -1.302913 -13.732133 -1.056054
 -0.959416 -1.186805 -14.247295 -1.165752
 -1.116005 -1.257083 -13.963934 -0.946929
 -14.414350 -14.414350 -0.000002 -14.414350
 -14.077878 -14.077878 -0.000002 -14.077878
 -1.386294 -1.386294 -1.386294 -1.386294
 -14.346141 -14.346141 -0.000002 -14.346141
 -1.386294 -1.386294 -1.386294 -1.386294
 -1.386294 -1.386294 -1.386294 -1.386294
 -15.388286 -15.388286 -15.388286 -0.000001
 -1.386294 -1.386294 -1.386294 -1.386294
 -1.386294 -1.386294 -1.386294 -1.386294
 -1.386294 -1.386294 -1.386294 -1.386294
 -1.386294 -1.386294 -1.386294 -1.386294
 -0.000001 -15.388286 -15.388286 -15.388286
 -15.388286 -15.388286 -0.973938 -0.474162
 -1.386294 -1.386294 -1.386294 -1.386294
 -1.386294 -1.386294 -1.386294 -1.386294
 -1.386294 -1.386294 -1.386294 -1.386294
 -1.386294 -1.386294 -1.386294 -1.386294
 -1.386294 -1.386294 -1.386294 -1.386294
 -14.414350 -14.414350 -0.000002 -14.414350
 -14.914124 -14.914124 -0.000001 -14.914124
 -1.386294 -1.386294 -1.386294 -1.386294
 -1.386294 -1.386294 -1.386294 -1.386294
 -15.388286 -15.388286 -15.388286 -0.000001
 -1.386294 -1.386294 -1.386294 -1.386294
 -1.386294 -1.386294 -1.386294 -1.386294
 -1.386294 -1.386294 -1.386294 -1.386294
 -1.386294 -1.386294 -1.386294 -1.386294
 -1.424354 -1.333757 -1.295142 -1.505115
 -1.709067 -1.495493 -1.090029 -1.352393
 -1.666132 -1.625310 -0.855204 -1.666132
 -1.704747 -1.145133 -1.271884 -1.515506
 -1.900238 -1.728388 -0.935161 -1.271632
 -1.609437 -1.146815 -1.552279 -1.307157
 -1.351203 -1.422662 -1.583004 -1.221992
 -0.884816 -1.235472 -1.889396 -1.928617
 -1.636344 -1.591893 -1.431551 -1.013817
 -1.437966 -1.676376 -1.220902 -1.270913
 -1.586090 -1.511982 -1.059998 -1.476891
 -1.498772 -1.247458 -1.407801 -1.407801
 -1.471816 -1.338285 -1.402824 -1.338285
 -1.424035 -1.386294 -1.248145 -1.504077
 -1.508512 -1.549333 -1.013817 -1.591893
 -1.371906 -1.371906 -1.143065 -1.749199
 -1.634130 -1.676689 -1.098613 -1.256837
