 -1.259636 0.000100 0.000100 0.000100
 -1.186514 0.000100 0.000100 0.000100
 -1.631199 0.000100 0.000100 0.000100
 -1.535889 0.000100 0.000100 0.000100
 -1.192545 -1.287855 -1.480226 -1.644529
 -1.265667 -1.243194 -1.553348 -1.523495
 -1.021652 -1.347074 -1.714797 -1.609437
 -1.927889 -1.174121 -1.174121 -1.442384
 -0.934310 -1.304056 -1.806147 -1.763587
 -0.899197 -1.287855 -1.932209 -1.757857
 -0.800394 -1.244325 -1.635189 -2.691234
 -1.686398 -0.790313 -1.591088 -1.848916
 -0.615989 -2.095612 -1.973010 -1.620190
 -0.615498 -1.526056 -3.135482 -1.615668
 -0.638491 -1.544197 -2.291405 -1.849576
 -1.739113 -1.126012 -1.596014 -1.213024
 -1.902510 -2.623053 -0.425833 -2.079440
 -1.842530 -2.669200 -0.683297 -1.319284
 -1.845822 -1.558143 -0.824178 -1.645154
 -3.267645 -2.862188 -0.377297 -1.518466
 -13.400002 -13.400002 -0.000005 -13.400002
 -12.971550 -12.971550 -0.000007 -12.971550
 -14.946914 -14.946914 -0.000001 -14.946914
 -13.732133 -13.732133 -0.000003 -13.732133
 -1.386294 -1.386294 -1.386294 -1.386294
 -1.386294 -1.386294 -1.386294 -1.386294
 -15.446711 -15.446711 -15.446711 -0.000001
 -1.386294 -1.386294 -1.386294 -1.386294
 -1.386294 -1.386294 -1.386294 -1.386294
 -1.386294 -1.386294 -1.386294 -1.386294
 -1.386294 -1.386294 -1.386294 -1.386294
 -15.446711 -0.913360 -15.446711 -0.512785
 -1.386294 -1.386294 -1.386294 -1.386294
 -0.510827 -1.561809 -2.489793 -2.231965
 -1.386294 -1.386294 -1.386294 -1.386294
 -1.489478 -0.833237 -2.356287 -1.406097
 -14.467837 -14.467837 -0.000002 -14.467837
 -14.380827 -14.380827 -0.000002 -14.380827
 -13.038990 -13.038990 -0.000006 -13.038990
 -13.785055 -13.785055 -0.000003 -13.785055
 -1.386294 -1.386294 -1.386294 -1.386294
 -1.386294 -1.386294 -1.386294 -1.386294
 -15.446711 -15.446711 -15.446711 -0.000001
 -1.386294 -1.386294 -1.386294 -1.386294
 -1.386294 -1.386294 -1.386294 -1.386294
 -1.386294 -1.386294 -1.386294 -1.386294
 -1.386294 -1.386294 -1.386294 -1.386294
 -1.641250 -1.037873 -1.782022 -1.259636
 -1.761905 -1.068760 -1.761905 -1.161133
 -1.391834 -1.266672 -1.672136 -1.266672
 -1.196252 -1.122144 -1.621133 -1.746295
 -1.841238 -1.339148 -1.450373 -1.064711
 -1.183170 -1.020652 -2.224619 -1.490654
 -1.210618 -1.188639 -2.244688 -1.233091
 -1.329136 -0.818312 -2.322382 -1.629239
 -2.045991 -1.229233 -1.435084 -1.078410
 -1.650259 -1.190728 -1.570217 -1.217396
 -1.330414 -0.924950 -1.981000 -1.603707
 -2.211011 -0.576890 -1.725508 -1.892560
 -2.044100 -0.964183 -1.602269 -1.245595
 -1.856295 -0.980831 -1.619908 -1.306252
 -1.719785 -0.848958 -1.806796 -1.474663
 -1.677645 -1.045125 -1.738269 -1.252764
 -2.039593 -1.098613 -1.676689 -1.050985
 -1.395586 0.000100 0.000100 0.000100
 -1.394907 0.000100 0.000100 0.000100
 -1.227279 0.000100 0.000100 0.000100
 -1.554159 0.000100 0.000100 0.000100
 -1.368130 -1.328910 -1.352257 -1.505096
 -1.530544 -1.236612 -1.437802 -1.363490
 -1.439916 -1.063106 -1.528469 -1.605430
 -2.067579 -1.040659 -1.393480 -1.301672
 -1.606283 -1.137264 -1.157166 -1.806079
 -1.462054 -1.226031 -1.242621 -1.681155
 -1.642345 -1.007212 -1.318945 -1.749728
 -2.082311 -1.006956 -1.150056 -1.642944
 -1.524999 -1.333944 -1.364507 -1.333944
 -1.260360 -1.509643 -1.341886 -1.451977
 -1.487996 -1.135106 -1.364909 -1.622607
 -1.778784 -1.270171 -1.231078 -1.353264
 -1.168790 -1.385574 -1.796819 -1.297362
 -1.466129 -1.171042 -1.818950 -1.214214
 -1.193413 -1.093530 -1.857573 -1.581179
 -2.571459 -1.086430 -1.321395 -1.141329
 -16.442350 -16.442350 -0.000000 -16.442350
 -16.726774 -16.726774 -0.000000 -16.726774
 -16.217941 -16.217941 -0.000000 -16.217941
 -16.601139 -16.601139 -0.000000 -16.601139
 -1.386294 -1.386294 -1.386294 -1.386294
 -1.386294 -1.386294 -1.386294 -1.386294
 -17.900982 -17.900982 -17.900982 -0.000000
 -1.386294 -1.386294 -1.386294 -1.386294
 -1.386294 -1.386294 -1.386294 -1.386294
 -1.386294 -1.386294 -1.386294 -1.386294
 -1.386294 -1.386294 -1.386294 -1.386294
 -17.900982 -0.599627 -17.900982 -0.796324
 -1.386294 -1.386294 -1.386294 -1.386294
 -1.793906 -1.295309 -1.127825 -1.443327
 -1.386294 -1.386294 -1.386294 -1.386294
 -2.782330 -1.489090 -1.072121 -0.993587
 -15.774197 -15.774197 -0.000000 -15.774197
 -16.522894 -16.522894 -0.000000 -16.522894
 -16.798664 -16.798664 -0.000000 -16.798664
 -16.685680 -16.685680 -0.000000 -16.685680
 -1.386294 -1.386294 -1.386294 -1.386294
 -1.386294 -1.386294 -1.386294 -1.386294
 -17.900982 -17.900982 -17.900982 -0.000000
 -1.386294 -1.386294 -1.386294 -1.386294
 -1.386294 -1.386294 -1.386294 -1.386294
 -1.386294 -1.386294 -1.386294 -1.386294
 -1.386294 -1.386294 -1.386294 -1.386294
 -1.926757 -1.019281 -1.198439 -1.650982
 -1.628086 -1.180389 -1.470580 -1.321467
 -1.352393 -1.645495 -1.126011 -1.495494
 -1.498242 -1.285627 -1.217441 -1.589570
 -1.989804 -1.277609 -1.216614 -1.243603
 -1.303974 -1.360119 -1.452394 -1.435865
 -1.439915 -1.261840 -1.534661 -1.330327
 -1.314132 -1.085099 -1.637609 -1.614553
 -1.906881 -1.067130 -1.357571 -1.385584
 -1.513144 -1.309200 -1.179016 -1.598666
 -1.480077 -1.345647 -1.165774 -1.607802
 -1.626155 -1.031581 -1.450883 -1.548769
 -2.177464 -1.225345 -0.998325 -1.493795
 -1.238418 -1.491460 -1.434734 -1.398629
 -1.341242 -1.529750 -1.242733 -1.455452
 -1.380285 -1.142865 -1.356603 -1.759942
 -1.803077 -1.477113 -1.180667 -1.204509
