 -1.329941 0.000100 0.000100 0.000100
 -1.381475 0.000100 0.000100 0.000100
 -1.230075 0.000100 0.000100 0.000100
 -1.650109 0.000100 0.000100 0.000100
 -1.214685 -1.457246 -1.363720 -1.538924
 -1.330205 -1.330205 -1.260001 -1.673976
 -1.284245 -1.145133 -1.499954 -1.704747
 -1.977860 -1.098613 -1.218757 -1.457986
 -1.391091 -1.492186 -1.093840 -1.653454
 -1.244324 -1.493540 -1.215337 -1.657169
 -1.424035 -1.018570 -1.367945 -1.941290
 -1.939938 -1.074943 -1.147702 -1.621486
 -1.252763 -1.307823 -1.812378 -1.270782
 -1.169126 -1.567765 -1.547562 -1.316451
 -1.169624 -1.182696 -1.323774 -2.146131
 -1.708108 -1.091924 -1.636650 -1.242747
 -0.876328 -1.462054 -14.661381 -1.044320
 -1.072637 -1.059898 -14.639688 -1.166666
 -1.081806 -0.845417 -14.386493 -1.462577
 -1.583462 -0.916292 -14.457367 -0.929537
 -14.823470 -14.823470 -0.000001 -14.823470
 -14.862831 -14.862831 -0.000001 -14.862831
 -1.386294 -1.386294 -1.386294 -1.386294
 -14.805053 -14.805053 -0.000001 -14.805053
 -1.386294 -1.386294 -1.386294 -1.386294
 -1.386294 -1.386294 -1.386294 -1.386294
 -15.929354 -15.929354 -15.929354 -0.000000
 -1.386294 -1.386294 -1.386294 -1.386294
 -1.386294 -1.386294 -1.386294 -1.386294
 -1.386294 -1.386294 -1.386294 -1.386294
 -1.386294 -1.386294 -1.386294 -1.386294
 -1.177750 -1.386294 -1.440898 -1.583215
 -1.210531 -1.210531 -1.712622 -1.498212
 -1.381475 -1.461518 -1.343735 -1.362427
 -1.235064 -1.235064 -1.252763 -2.020016
 -1.916921 -1.472237 -1.092748 -1.243978
 -0.869771 -1.203973 -14.557449 -1.269570
 -1.130948 -1.062895 -14.603970 -1.103168
 -0.895385 -1.098613 -14.571634 -1.353959
 -1.582769 -1.061473 -14.430698 -0.801516
 -1.429466 -1.414868 -1.372308 -1.331486
 -1.269323 -1.336462 -1.502254 -1.454245
 -1.386294 -1.386294 -1.386294 -1.386294
 -1.791759 -1.471287 -1.241713 -1.155771
 -1.485824 -1.636106 -1.335001 -1.152680
 -1.442005 -1.757857 -1.036541 -1.442005
 -1.420032 -1.047794 -1.326506 -1.950659
 -1.627456 -1.317302 -1.237259 -1.404313
 -1.293921 -1.255455 -1.588160 -1.441557
 -1.396050 -1.338892 -1.415853 -1.396050
 -1.273554 -1.086343 -1.541817 -1.779489
 -1.651772 -1.525020 -1.311447 -1.135556
 -1.128027 -1.420696 -1.482571 -1.571518
 -1.592270 -1.268031 -1.315284 -1.399366
 -1.146622 -1.163151 -1.619909 -1.760987
 -1.704747 -1.280934 -1.481604 -1.161133
 -1.326506 -1.291415 -1.344525 -1.614188
 -1.310945 -1.412728 -1.175400 -1.724506
 -1.407348 -1.163151 -1.519825 -1.496295
 -1.662081 -1.247648 -1.341174 -1.341174
 -1.247825 -1.396245 -1.396245 -1.524078
 -1.294945 -1.263692 -1.377636 -1.653889
 -1.278198 -1.071584 -1.651402 -1.675499
 -1.649788 -1.033016 -1.710413 -1.304949
 -1.364619 0.000100 0.000100 0.000100
 -1.317891 0.000100 0.000100 0.000100
 -1.379243 0.000100 0.000100 0.000100
 -1.491417 0.000100 0.000100 0.000100
 -1.478417 -1.231875 -1.287257 -1.588510
 -1.537792 -1.149525 -1.369406 -1.541314
 -1.449532 -0.985149 -1.545563 -1.721798
 -2.031804 -1.024681 -1.315533 -1.420227
 -1.451415 -1.242648 -1.219167 -1.705584
 -1.428073 -1.323636 -1.158725 -1.713814
 -1.613142 -1.100739 -1.314614 -1.611759
 -1.979442 -1.133146 -1.074963 -1.616842
 -1.347905 -1.279206 -1.439543 -1.492003
 -1.323312 -1.366135 -1.389048 -1.472531
 -1.412068 -1.071589 -1.473216 -1.688967
 -1.588977 -1.220156 -1.445299 -1.328003
 -1.109972 -1.012259 -19.682686 -1.180795
 -1.308181 -0.847108 -19.860065 -1.200525
 -1.205741 -0.769906 -19.648771 -1.437700
 -2.126069 -0.700473 -19.577059 -0.956217
 -19.730688 -19.730688 0.000000 -19.730688
 -20.253359 -20.253359 0.000000 -20.253359
 -1.386294 -1.386294 -1.386294 -1.386294
 -19.899303 -19.899303 0.000000 -19.899303
 -1.386294 -1.386294 -1.386294 -1.386294
 -1.386294 -1.386294 -1.386294 -1.386294
 -21.083992 -21.083992 -21.083992 0.000000
 -1.386294 -1.386294 -1.386294 -1.386294
 -1.386294 -1.386294 -1.386294 -1.386294
 -1.386294 -1.386294 -1.386294 -1.386294
 -1.386294 -1.386294 -1.386294 -1.386294
 -1.947815 -0.890904 -1.458688 -1.539031
 -1.843743 -0.877309 -1.825978 -1.328723
 -1.355343 -1.560122 -1.092345 -1.626576
 -1.686699 -1.129330 -1.142963 -1.755923
 -2.134881 -1.163853 -1.188712 -1.328602
 -1.031080 -1.106044 -19.458340 -1.163108
 -1.081315 -1.067477 -19.838110 -1.148930
 -1.051224 -0.909253 -19.880365 -1.395677
 -1.424020 -0.898171 -19.548851 -1.044290
 -1.481549 -1.243375 -1.312853 -1.535936
 -1.526112 -1.209256 -1.386500 -1.451353
 -1.386294 -1.386294 -1.386294 -1.386294
 -2.054815 -1.046601 -1.296455 -1.397337
 -1.443817 -1.339022 -1.229041 -1.563987
 -1.397833 -1.429989 -1.139081 -1.642769
 -1.468493 -1.120944 -1.266830 -1.819958
 -1.952542 -1.235131 -1.096871 -1.455103
 -1.267254 -1.378358 -1.524922 -1.391242
 -1.357984 -1.382122 -1.390534 -1.415378
 -1.280359 -1.174176 -1.496419 -1.665700
 -1.840066 -1.174296 -1.350991 -1.297649
 -1.479873 -1.242806 -1.271099 -1.593383
 -1.512399 -1.196151 -1.375224 -1.493966
 -1.423447 -0.998828 -1.569188 -1.700497
 -2.018866 -1.050846 -1.324933 -1.379393
 -1.475502 -1.270226 -1.267346 -1.565469
 -1.388288 -1.378296 -1.188820 -1.640363
 -1.483896 -1.059153 -1.354090 -1.781912
 -1.900715 -1.201207 -1.156237 -1.448003
 -1.299582 -1.336397 -1.527843 -1.396101
 -1.361077 -1.406649 -1.408013 -1.370327
 -1.312790 -1.141673 -1.521117 -1.644135
 -1.794876 -1.218539 -1.327083 -1.298503
