 -1.324623 0.000100 0.000100 0.000100
 -1.404267 0.000100 0.000100 0.000100
 -1.399099 0.000100 0.000100 0.000100
 -1.419933 0.000100 0.000100 0.000100
 -1.316983 -1.335001 -1.492186 -1.410509
 -1.219639 -1.736329 -1.707341 -1.057998
 -1.260525 -1.190321 -1.630271 -1.530188
 -1.914818 -1.276732 -1.027517 -1.533452
 -1.540445 -1.167241 -1.346289 -1.540445
 -1.098613 -1.902106 -1.565635 -1.176171
 -1.046788 -1.175999 -1.978344 -1.598855
 -1.614425 -1.665718 -0.972572 -1.453157
 -1.478818 -1.196251 -1.563975 -1.345286
 -1.279865 -1.935270 -1.469908 -1.056722
 -1.038894 -1.284016 -1.662081 -1.717651
 -1.909541 -1.504077 -1.052093 -1.271455
 -1.161133 -0.984203 -1.704747 -2.030169
 -1.386294 -1.802454 -1.904236 -0.829724
 -1.109139 -1.157929 -1.725912 -1.725912
 -1.471133 -1.372042 -1.281891 -1.430311
 -1.299283 -1.219241 -1.756041 -1.350576
 -1.472472 -1.670922 -1.623294 -0.953679
 -1.221215 -0.955512 -1.830979 -1.830979
 -1.407348 -1.568616 -1.179958 -1.428854
 -1.202332 -1.270155 -1.484564 -1.649644
 -1.477728 -1.893888 -1.716957 -0.817017
 -1.174120 -1.028409 -1.927890 -1.671957
 -1.485385 -1.527945 -1.137079 -1.444563
 -1.289668 -1.221845 -2.154663 -1.158332
 -1.525020 -1.478500 -1.736329 -0.972231
 -1.005904 -1.157453 -1.986730 -1.699049
 -1.662978 -1.480657 -1.147166 -1.326506
 -1.235669 -0.969401 -2.177709 -1.529016
 -1.425515 -1.648658 -2.079440 -0.815750
 -1.153799 -1.112127 -1.708108 -1.745849
 -1.528714 -1.508512 -1.172040 -1.377484
 -1.103503 -0.966302 -2.231965 -1.712091
 -1.404987 -1.614078 -2.007981 -0.864420
 -1.294727 -1.091787 -1.457246 -1.848111
 -1.517870 -1.477049 -0.982353 -1.725509
 -1.247990 -0.972887 -2.206838 -1.492186
 -1.609437 -1.927890 -1.867266 -0.693148
 -1.110661 -1.023650 -1.859896 -1.859896
 -1.583462 -1.462834 -1.042332 -1.558144
 -1.438119 -0.845617 -2.397892 -1.417066
 -1.586448 -1.609437 -2.003340 -0.775519
 -1.040344 -1.021652 -1.919591 -1.966111
 -1.346729 -1.622982 -1.202479 -1.418188
 -1.149385 -1.017809 -2.263742 -1.524078
 -1.508512 -1.549334 -1.782948 -0.920726
 -0.923672 -1.199083 -1.868131 -1.916921
 -1.432385 -1.596014 -1.112218 -1.470852
 -0.979323 -0.920827 -2.759100 -1.814643
 -1.272276 -1.619146 -1.866982 -1.001986
 -0.796333 -1.366876 -2.197221 -1.698233
 -1.472862 -1.516347 -1.179876 -1.410987
 -1.218343 -0.848596 -2.371020 -1.698928
 -1.112797 -1.554629 -1.672412 -1.300849
 -1.252763 -1.280934 -1.280934 -1.840548
 -1.509354 -1.663504 -1.203973 -1.239691
 -1.252763 -0.945739 -2.367121 -1.460402
 -1.172040 -1.450243 -1.659334 -1.326191
 -1.098613 -1.265667 -1.830979 -1.494508
 -1.758969 -1.342809 -1.386294 -1.149906
 -1.205510 -1.089438 -2.012600 -1.467874
 -1.085709 -1.635755 -1.592270 -1.331544
 -1.208961 -1.184268 -1.853316 -1.432104
 -2.060022 -1.240583 -1.292768 -1.174986
 -1.051875 -1.183452 -2.569741 -1.316983
 -1.241361 -1.492675 -1.472472 -1.359143
 -1.772340 -1.159238 -1.533930 -1.201797
 -2.069778 -1.357584 -1.200742 -1.153489
 -1.304616 -1.266150 -1.978344 -1.175999
 -1.207093 -1.515828 -1.652403 -1.238842
 -1.252763 -1.297215 -1.749199 -1.320204
 -2.074965 -1.158677 -1.264037 -1.280038
 -1.370546 -0.951288 -2.408530 -1.309922
 -1.305533 -1.414732 -1.395684 -1.434150
 -1.255933 -1.191394 -1.971551 -1.301395
 -2.851145 -1.021652 -1.241713 -1.226446
 -0.217066 -14.310209 -1.634130 -14.310209
 -0.431390 -14.747676 -1.048698 -14.747676
 -0.567611 -14.266589 -0.836739 -14.266589
 -1.089179 -14.562201 -0.410217 -14.562201
 -0.690962 -1.406184 -2.866584 -1.624873
 -1.386294 -1.386294 -1.386294 -1.386294
 -1.132619 -1.252763 -1.701713 -1.561951
 -1.386294 -1.386294 -1.386294 -1.386294
 -0.000001 -15.024472 -15.024472 -15.024472
 -0.000002 -14.538218 -14.538218 -14.538218
 -0.000003 -13.664692 -13.664692 -13.664692
 -0.000002 -14.279247 -14.279247 -14.279247
 -15.877297 -0.000000 -15.877297 -15.877297
 -1.386294 -1.386294 -1.386294 -1.386294
 -1.386294 -1.386294 -1.386294 -1.386294
 -1.386294 -1.386294 -1.386294 -1.386294
 -1.386294 -1.386294 -1.386294 -1.386294
 -0.000000 -15.877297 -15.877297 -15.877297
 -1.386294 -1.386294 -1.386294 -1.386294
 -1.386294 -1.386294 -1.386294 -1.386294
 -15.877297 -15.877297 -0.000000 -15.877297
 -1.386294 -1.386294 -1.386294 -1.386294
 -1.386294 -1.386294 -1.386294 -1.386294
 -1.386294 -1.386294 -1.386294 -1.386294
 -1.386294 -1.386294 -1.386294 -1.386294
 -1.386294 -1.386294 -1.386294 -1.386294
 -1.173895 -1.425210 -1.129623 -2.061786
 -1.386294 -1.386294 -1.386294 -1.386294
 -1.731861 -1.149256 -1.522769 -1.244566
 -1.686398 -1.234414 -1.658227 -1.098613
 -1.394199 -1.155308 -1.645514 -1.410200
 -1.714797 -0.843972 -1.771955 -1.514127
 -1.197704 -1.240263 -1.850027 -1.380025
 -1.480820 -1.292768 -1.590019 -1.223776
 -1.193278 -1.073134 -1.785327 -1.676128
 -1.824548 -0.891262 -1.529749 -1.551256
 -1.355207 0.000100 0.000100 0.000100
 -1.264370 0.000100 0.000100 0.000100
 -1.356451 0.000100 0.000100 0.000100
 -1.598915 0.000100 0.000100 0.000100
 -1.391904 -1.314943 -1.228510 -1.659783
 -1.373886 -1.281842 -1.426833 -1.472790
 -1.268442 -1.175548 -1.398188 -1.813780
 -1.941163 -1.080537 -1.237027 -1.483668
 -1.487980 -1.307657 -1.142143 -1.689650
 -1.305627 -1.234236 -1.451809 -1.590645
 -1.346656 -1.141776 -1.290271 -1.927967
 -2.049682 -1.075822 -1.133391 -1.568934
 -1.333740 -1.391212 -1.289520 -1.549597
 -1.240699 -1.387879 -1.375274 -1.568088
 -1.247395 -1.222077 -1.346856 -1.844694
 -1.890199 -1.152101 -1.250162 -1.400281
 -1.417300 -1.448634 -1.111783 -1.641086
 -1.257154 -1.307691 -1.521162 -1.484412
 -1.182727 -1.235158 -1.426214 -1.816753
 -1.897913 -1.094655 -1.210071 -1.526532
 -1.532430 -1.299919 -1.175167 -1.596184
 -1.382291 -1.301195 -1.270105 -1.629699
 -1.322203 -1.138764 -1.342543 -1.883498
 -2.198029 -1.049937 -1.068499 -1.632222
 -1.277272 -1.412308 -1.342513 -1.530468
 -1.194776 -1.447852 -1.459255 -1.470789
 -1.247076 -1.204516 -1.371735 -1.837892
 -1.937319 -1.120419 -1.265353 -1.395831
 -1.464716 -1.441308 -1.160721 -1.518784
 -1.390413 -1.319849 -1.339828 -1.505252
 -1.188954 -1.229086 -1.415727 -1.831636
 -2.021432 -1.034840 -1.245135 -1.494552
 -1.499294 -1.302256 -1.197147 -1.595832
 -1.386294 -1.277329 -1.357371 -1.542328
 -1.315677 -1.159673 -1.322191 -1.886721
 -2.077109 -1.087776 -1.169553 -1.481760
 -1.357964 -1.360761 -1.234610 -1.632695
 -1.286313 -1.356694 -1.416798 -1.497394
 -1.239743 -1.129865 -1.486288 -1.824777
 -1.942658 -1.129206 -1.308007 -1.335490
 -1.389511 -1.439720 -1.147981 -1.626931
 -1.230796 -1.439313 -1.378000 -1.519746
 -1.239920 -1.156364 -1.428799 -1.855542
 -1.903576 -1.079491 -1.302635 -1.429694
 -1.484162 -1.258206 -1.242598 -1.606887
 -1.383417 -1.282895 -1.367453 -1.526518
 -1.344330 -1.146153 -1.310657 -1.885285
 -2.043528 -1.023596 -1.197107 -1.565124
 -1.253842 -1.423648 -1.263969 -1.654282
 -1.170711 -1.384205 -1.444438 -1.592326
 -1.183153 -1.235541 -1.404408 -1.848339
 -1.932763 -1.173293 -1.160013 -1.459194
 -1.455962 -1.396977 -1.165752 -1.571217
 -1.404205 -1.227926 -1.392229 -1.546380
 -1.220502 -1.251853 -1.322211 -1.881258
 -2.053296 -1.105257 -1.135716 -1.516991
 -1.448126 -1.436464 -1.114590 -1.613581
 -1.296858 -1.323859 -1.294811 -1.679031
 -1.363459 -1.166198 -1.314039 -1.808232
 -2.095862 -0.990649 -1.194248 -1.595689
 -1.338634 -1.365590 -1.349329 -1.499902
 -1.218105 -1.413450 -1.457085 -1.478438
 -1.237988 -1.197014 -1.437182 -1.769948
 -1.887414 -1.112477 -1.240787 -1.466911
 -1.267071 -1.462638 -1.222048 -1.649771
 -1.284271 -1.267810 -1.506378 -1.514180
 -1.090340 -1.301202 -1.436747 -1.870844
 -1.778154 -1.105485 -1.256575 -1.535384
 -1.451228 -1.233670 -1.221524 -1.716381
 -1.294466 -1.315835 -1.342095 -1.627562
 -1.285294 -1.129539 -1.343113 -1.971722
 -1.957471 -1.020466 -1.213321 -1.603707
 -1.258165 -1.289455 -1.384276 -1.661263
 -1.098090 -1.447180 -1.444961 -1.632172
 -1.156927 -1.120823 -1.451990 -2.075979
 -1.675478 -1.107654 -1.315922 -1.540745
 -1.377503 -1.377503 -1.185022 -1.661545
 -1.267395 -1.452100 -1.291492 -1.563045
 -1.186220 -1.290151 -1.278316 -1.959767
 -2.225523 -1.113119 -1.041754 -1.557695
 -0.885735 -16.554413 -0.531728 -16.554413
 -0.646682 -16.625515 -0.741877 -16.625515
 -0.655745 -16.740284 -0.732003 -16.740284
 -1.193751 -16.273390 -0.361088 -16.273390
 -1.434448 -1.309111 -1.215468 -1.634130
 -1.386294 -1.386294 -1.386294 -1.386294
 -1.336527 -1.319925 -1.126867 -1.923867
 -1.386294 -1.386294 -1.386294 -1.386294
 -0.000000 -16.569172 -16.569172 -16.569172
 -0.000000 -16.633909 -16.633909 -16.633909
 -0.000000 -16.782845 -16.782845 -16.782845
 -0.000000 -16.166885 -16.166885 -16.166885
 -17.948915 0.000000 -17.948915 -17.948915
 -1.386294 -1.386294 -1.386294 -1.386294
 -1.386294 -1.386294 -1.386294 -1.386294
 -1.386294 -1.386294 -1.386294 -1.386294
 -1.386294 -1.386294 -1.386294 -1.386294
 0.000000 -17.948915 -17.948915 -17.948915
 -1.386294 -1.386294 -1.386294 -1.386294
 -1.386294 -1.386294 -1.386294 -1.386294
 -17.948915 -17.948915 0.000000 -17.948915
 -1.386294 -1.386294 -1.386294 -1.386294
 -1.386294 -1.386294 -1.386294 -1.386294
 -1.386294 -1.386294 -1.386294 -1.386294
 -1.386294 -1.386294 -1.386294 -1.386294
 -1.386294 -1.386294 -1.386294 -1.386294
 -1.381019 -0.926602 -1.475946 -2.085712
 -1.386294 -1.386294 -1.386294 -1.386294
 -1.433300 -1.254998 -1.235063 -1.684233
 -1.209386 -1.400155 -1.496615 -1.464584
 -1.222374 -1.118443 -1.522836 -1.828906
 -1.669256 -0.884542 -1.615910 -1.609438
 -1.331192 -1.530359 -1.214162 -1.503183
 -1.206872 -1.468874 -1.396114 -1.500014
 -1.188712 -1.299283 -1.363490 -1.790403
 -1.785359 -1.200768 -1.322559 -1.328601
