 -1.305268 0.000100 0.000100 0.000100
 -1.474469 0.000100 0.000100 0.000100
 -1.333979 0.000100 0.000100 0.000100
 -1.441499 0.000100 0.000100 0.000100
 -1.424761 -1.506438 -1.137079 -1.527945
 -1.144335 -1.632037 -1.549799 -1.295566
 -1.302525 -1.320543 -1.477728 -1.456675
 -2.275914 -1.436166 -0.943690 -1.308333
 -1.359339 -1.425296 -1.297463 -1.471816
 -1.327296 -1.701989 -1.460827 -1.138054
 -1.355657 -1.125641 -1.338563 -1.860751
 -2.043813 -1.434049 -1.043183 -1.273706
 -1.353142 -1.353142 -1.375121 -1.468211
 -1.307823 -1.614552 -1.471452 -1.200578
 -1.328629 -1.112406 -1.517870 -1.675499
 -2.150702 -1.309922 -1.007641 -1.391599
 -1.337238 -1.316185 -1.449716 -1.449716
 -1.599868 -1.508896 -1.726619 -0.918698
 -1.189584 -1.128027 -1.721800 -1.643839
 -1.547562 -1.386294 -1.304616 -1.324419
 -1.496295 -1.268512 -1.450833 -1.345472
 -1.386294 -1.576338 -1.553348 -1.103432
 -1.534474 -1.147702 -1.454432 -1.454432
 -1.707076 -1.478818 -0.963919 -1.563975
 -1.165507 -1.307157 -1.609437 -1.524880
 -1.361479 -1.709785 -2.115249 -0.815969
 -1.113001 -1.172721 -1.683545 -1.736189
 -1.757857 -1.463058 -0.995718 -1.484564
 -1.194404 -1.277095 -1.726619 -1.425515
 -1.461195 -2.009760 -1.554286 -0.861140
 -1.140162 -1.004360 -1.815289 -1.889396
 -1.811177 -1.530875 -0.968091 -1.425515
 -1.312912 -0.979139 -1.817467 -1.645617
 -1.519825 -1.961657 -1.673976 -0.791588
 -1.328536 -1.093222 -1.754619 -1.482686
 -1.425515 -1.673976 -1.089043 -1.445718
 -1.376038 -1.019364 -1.866660 -1.461195
 -1.724748 -1.752919 -1.724748 -0.754392
 -1.075356 -1.092748 -1.734600 -1.916921
 -1.637608 -1.504077 -1.018570 -1.504077
 -1.269112 -0.971861 -1.962258 -1.609437
 -1.562917 -1.736189 -1.979810 -0.741938
 -1.287855 -1.031922 -1.470176 -1.981000
 -1.410048 -1.750373 -1.017487 -1.511144
 -1.307823 -0.934310 -1.876916 -1.694595
 -1.772527 -1.926677 -1.831367 -0.645746
 -1.255674 -0.843430 -2.056450 -1.851656
 -1.466337 -1.348554 -1.178655 -1.599868
 -1.288530 -0.813638 -2.275914 -1.723847
 -1.698385 -2.463850 -2.058387 -0.503760
 -0.960896 -1.112127 -2.008212 -1.868451
 -1.098613 -1.672412 -1.266948 -1.623622
 -1.008229 -0.971861 -3.004775 -1.574036
 -1.538701 -1.563394 -1.956435 -0.833434
 -0.816763 -1.394076 -1.768769 -1.969438
 -1.261131 -1.869720 -1.061799 -1.529395
 -1.078572 -0.836560 -3.206795 -1.680746
 -1.456028 -1.434049 -1.525020 -1.168346
 -0.758153 -1.918320 -1.784789 -1.528857
 -1.604425 -1.267953 -1.198961 -1.532104
 -1.512588 -0.701659 -2.519389 -1.592630
 -1.218572 -1.449095 -1.587931 -1.327206
 -1.301737 -1.199083 -1.545359 -1.545359
 -1.825660 -1.261131 -1.301137 -1.261131
 -1.218414 -0.794931 -2.586684 -1.729238
 -1.254666 -1.382499 -1.382499 -1.546802
 -1.141173 -1.098613 -1.791758 -1.711716
 -2.022869 -1.198696 -1.370546 -1.164210
 -1.453157 -0.884465 -2.045207 -1.496642
 -1.292768 -1.366876 -1.570971 -1.336571
 -1.497520 -1.132061 -1.497520 -1.468532
 -2.386463 -1.116005 -1.207812 -1.267235
 -1.040457 -1.454432 -1.982498 -1.289353
 -1.394199 -1.274655 -1.530001 -1.362947
 -1.277304 -1.045503 -1.847848 -1.550597
 -2.233589 -1.235064 -1.235064 -1.167241
 -1.658227 -1.181304 -1.504077 -1.271455
 -1.373049 -1.272966 -1.654900 -1.288966
 -1.647416 -1.169382 -1.615668 -1.210204
 -2.442343 -1.070039 -1.343735 -1.173836
 -1.372308 -1.554629 -1.820331 -0.985536
 -1.878019 -1.445886 -1.269430 -1.106911
 -1.291516 -1.014530 -2.050619 -1.452784
 -2.206072 -1.553749 -1.006110 -1.162270
 -1.798679 -0.303907 -2.337672 -14.187077
 -1.915907 -0.487414 -1.433056 -14.493546
 -1.252763 -0.653143 -1.640528 -14.488457
 -3.417716 -0.453744 -1.102720 -14.707510
 -13.972518 -13.972518 -0.000003 -13.972518
 -15.394490 -15.394490 -0.000001 -15.394490
 -14.403299 -14.403299 -0.000002 -14.403299
 -1.386294 -1.386294 -1.386294 -1.386294
 -1.386294 -1.386294 -1.386294 -1.386294
 -1.386294 -1.386294 -1.386294 -1.386294
 -15.872196 -0.000000 -15.872196 -15.872196
 -1.386294 -1.386294 -1.386294 -1.386294
 -1.386294 -1.386294 -1.386294 -1.386294
 -0.000000 -15.872196 -15.872196 -15.872196
 -1.386294 -1.386294 -1.386294 -1.386294
 -1.386294 -1.386294 -1.386294 -1.386294
 -15.872196 -15.872196 -0.000000 -15.872196
 -1.386294 -1.386294 -1.386294 -1.386294
 -1.386294 -1.386294 -1.386294 -1.386294
 -1.386294 -1.386294 -1.386294 -1.386294
 -1.386294 -1.386294 -1.386294 -1.386294
 -1.386294 -1.386294 -1.386294 -1.386294
 -1.277360 -1.210816 -1.425413 -1.699010
 -1.386294 -1.386294 -1.386294 -1.386294
 -1.377162 -1.273621 -1.720933 -1.241361
 -1.519213 -1.407987 -1.600890 -1.094330
 -1.365241 -1.304616 -1.710081 -1.229109
 -1.918320 -1.407497 -0.973861 -1.466337
 -1.314639 -1.194494 -1.906688 -1.272966
 -1.347828 -1.580450 -1.292768 -1.347828
 -1.247033 -1.170072 -1.548137 -1.662547
 -1.907360 -1.199616 -1.306588 -1.274839
 -1.317705 0.000100 0.000100 0.000100
 -1.243020 0.000100 0.000100 0.000100
 -1.395240 0.000100 0.000100 0.000100
 -1.629816 0.000100 0.000100 0.000100
 -1.625554 -1.339273 -0.964667 -1.832260
 -1.561005 -1.193343 -1.240559 -1.621274
 -1.443500 -1.032722 -1.335200 -1.932694
 -2.321083 -0.923978 -1.186469 -1.611448
 -1.534282 -1.284030 -1.144470 -1.665597
 -1.375709 -1.297056 -1.243457 -1.684061
 -1.420956 -1.047042 -1.295908 -2.010713
 -2.194415 -0.988172 -1.115353 -1.668551
 -1.274033 -1.407102 -1.372585 -1.505096
 -1.251516 -1.318019 -1.465298 -1.535932
 -1.173729 -1.171049 -1.472386 -1.888033
 -1.927351 -1.060168 -1.334079 -1.407851
 -1.641768 -1.319093 -0.964897 -1.845397
 -1.530497 -1.230684 -1.244194 -1.593043
 -1.439341 -1.033589 -1.328569 -1.949593
 -2.332629 -0.919815 -1.126658 -1.713398
 -1.548026 -1.268855 -1.149039 -1.664750
 -1.351650 -1.338762 -1.250781 -1.646433
 -1.414197 -1.041193 -1.362807 -1.911185
 -2.233974 -0.994283 -1.122081 -1.622989
 -1.271587 -1.439588 -1.327614 -1.525652
 -1.223021 -1.386924 -1.469539 -1.488167
 -1.204143 -1.173440 -1.491825 -1.797045
 -1.949771 -1.024622 -1.359409 -1.419029
 -1.738930 -1.305412 -0.950377 -1.791945
 -1.532214 -1.198267 -1.269726 -1.602870
 -1.458003 -1.032277 -1.315955 -1.945706
 -2.365090 -0.949844 -1.123822 -1.638750
 -1.508908 -1.257594 -1.147162 -1.731749
 -1.308166 -1.308166 -1.271818 -1.720102
 -1.433930 -1.033498 -1.301054 -2.012720
 -2.178997 -0.990913 -1.052054 -1.793433
 -1.238771 -1.389381 -1.357219 -1.591329
 -1.191046 -1.388155 -1.416485 -1.589653
 -1.180273 -1.149975 -1.516421 -1.853649
 -1.988694 -1.052644 -1.257478 -1.470798
 -1.669805 -1.353516 -0.931544 -1.836081
 -1.552988 -1.182324 -1.227747 -1.666708
 -1.430491 -1.061094 -1.288730 -1.972481
 -2.402215 -0.917940 -1.156278 -1.632262
 -1.504469 -1.268018 -1.150029 -1.715640
 -1.347368 -1.277354 -1.250773 -1.742860
 -1.431011 -0.998112 -1.360992 -1.995452
 -2.193466 -1.005464 -1.095720 -1.669737
 -1.234118 -1.420273 -1.377867 -1.536444
 -1.145568 -1.397019 -1.456681 -1.601393
 -1.129913 -1.205554 -1.518231 -1.843177
 -1.899201 -1.098909 -1.239340 -1.480595
 -1.691233 -1.349435 -0.891791 -1.921411
 -1.530316 -1.167554 -1.251335 -1.680487
 -1.389952 -1.095777 -1.271807 -1.992836
 -2.263268 -0.973670 -1.136150 -1.623318
 -1.540530 -1.249583 -1.147428 -1.705640
 -1.313280 -1.294868 -1.266206 -1.741654
 -1.447898 -0.951906 -1.396124 -2.029684
 -2.318220 -0.940294 -1.133523 -1.665263
 -1.282147 -1.387867 -1.372695 -1.516273
 -1.166622 -1.398961 -1.470442 -1.551613
 -1.251552 -1.136193 -1.481986 -1.797490
 -1.921962 -1.041903 -1.294308 -1.483641
 -1.673490 -1.398781 -0.861695 -1.944451
 -1.580106 -1.229296 -1.150703 -1.686674
 -1.411252 -1.082447 -1.273344 -1.984113
 -2.363573 -0.950577 -1.128642 -1.630017
 -1.482655 -1.209236 -1.214527 -1.727713
 -1.346221 -1.253794 -1.292282 -1.716384
 -1.471744 -0.916582 -1.431913 -2.026925
 -2.256691 -0.962355 -1.100708 -1.711050
 -1.228026 -1.485855 -1.325033 -1.536991
 -1.084345 -1.421242 -1.542603 -1.576782
 -1.147144 -1.200122 -1.503098 -1.839731
 -1.821421 -1.128273 -1.309478 -1.407918
 -1.681654 -1.455455 -0.806710 -2.007561
 -1.540812 -1.244173 -1.161097 -1.690261
 -1.421623 -1.066500 -1.222363 -2.120818
 -2.316107 -1.013006 -1.110403 -1.566421
 -1.610219 -1.126315 -1.197833 -1.748224
 -1.313966 -1.231536 -1.316407 -1.764298
 -1.381960 -0.871358 -1.502817 -2.225359
 -2.242378 -1.042484 -0.998794 -1.755083
 -0.753222 -1.310271 -1.349361 -17.632124
 -0.682030 -1.427955 -1.368016 -18.086046
 -0.764859 -1.163222 -1.504526 -17.836926
 -2.063160 -0.860739 -0.798289 -17.231926
 -18.286119 -18.286119 0.000000 -18.286119
 -17.905346 -17.905346 0.000000 -17.905346
 -17.842825 -17.842825 0.000000 -17.842825
 -1.386294 -1.386294 -1.386294 -1.386294
 -1.386294 -1.386294 -1.386294 -1.386294
 -1.386294 -1.386294 -1.386294 -1.386294
 -19.129948 0.000000 -19.129948 -19.129948
 -1.386294 -1.386294 -1.386294 -1.386294
 -1.386294 -1.386294 -1.386294 -1.386294
 0.000000 -19.129948 -19.129948 -19.129948
 -1.386294 -1.386294 -1.386294 -1.386294
 -1.386294 -1.386294 -1.386294 -1.386294
 -19.129948 -19.129948 0.000000 -19.129948
 -1.386294 -1.386294 -1.386294 -1.386294
 -1.386294 -1.386294 -1.386294 -1.386294
 -1.386294 -1.386294 -1.386294 -1.386294
 -1.386294 -1.386294 -1.386294 -1.386294
 -1.386294 -1.386294 -1.386294 -1.386294
 -1.425682 -0.877804 -1.538921 -2.045248
 -1.386294 -1.386294 -1.386294 -1.386294
 -1.426605 -1.389780 -1.225004 -1.527900
 -1.040113 -1.471360 -1.575004 -1.560811
 -1.241819 -1.119461 -1.543353 -1.765960
 -1.700573 -1.079772 -1.414454 -1.449490
 -1.669522 -1.517045 -0.843013 -1.820827
 -1.550728 -1.318154 -1.171737 -1.558510
 -1.482236 -1.065110 -1.271015 -1.913019
 -2.333312 -1.016318 -1.108670 -1.555408
