 -1.414465 0.000100 0.000100 0.000100
 -1.332227 0.000100 0.000100 0.000100
 -1.424035 0.000100 0.000100 0.000100
 -1.377078 0.000100 0.000100 0.000100
 -1.219974 -1.395864 -1.286665 -1.709520
 -1.239691 -1.440361 -1.791758 -1.180851
 -1.277095 -1.089044 -1.508896 -1.811176
 -1.983295 -1.080431 -1.136001 -1.600305
 -1.386294 -1.098613 -1.737691 -1.424035
 -1.190728 -1.609437 -2.120260 -0.978167
 -1.667706 -1.262242 -1.405342 -1.262242
 -1.536867 -1.274503 -1.131403 -1.699385
 -1.286665 -1.321756 -1.763587 -1.252763
 -1.206826 -1.466337 -2.054121 -1.073295
 -1.203974 -1.203974 -1.555370 -1.666595
 -1.651996 -1.529395 -1.098613 -1.353505
 -1.180851 -1.152680 -1.791758 -1.558144
 -1.349927 -1.424035 -2.197220 -0.944463
 -1.225952 -0.966442 -2.324557 -1.477266
 -1.826244 -1.081806 -1.551808 -1.244325
 -1.433251 -1.027787 -1.695614 -1.513294
 -1.256420 -1.701104 -2.147389 -0.876931
 -1.401798 -0.842185 -1.977158 -1.689478
 -1.428495 -1.394593 -1.212272 -1.537694
 -1.368276 -0.893819 -1.927889 -1.655957
 -1.140460 -1.808287 -1.712977 -1.090450
 -1.136354 -1.027155 -2.091859 -1.621859
 -1.483286 -1.483286 -1.223776 -1.377926
 -1.026293 -1.203973 -1.954276 -1.609437
 -1.428495 -1.800057 -1.617736 -0.924591
 -1.327798 -0.984855 -1.779781 -1.646250
 -1.314836 -1.504077 -0.875470 -2.379540
 -1.444888 -0.880360 -2.104131 -1.479980
 -1.618487 -1.713796 -1.936939 -0.739240
 -1.171184 -1.049823 -1.832579 -1.714797
 -1.540444 -2.020015 -1.029621 -1.217672
 -1.302525 -0.945851 -1.638996 -1.926676
 -1.483286 -1.945908 -2.140062 -0.668251
 -1.573505 -0.717842 -1.841767 -1.921809
 -1.760986 -1.556193 -1.023390 -1.355523
 -1.077560 -0.987948 -2.240704 -1.710080
 -1.684786 -1.775758 -2.181220 -0.630629
 -1.200396 -0.949082 -2.047689 -1.699385
 -1.299283 -1.499953 -1.299283 -1.463586
 -1.142673 -0.764608 -2.961818 -1.809149
 -1.643628 -1.643628 -1.888749 -0.771792
 -1.189585 -0.976012 -2.154658 -1.595048
 -1.450833 -1.519825 -1.268512 -1.325670
 -1.342234 -0.720548 -2.512298 -1.765090
 -1.348837 -1.879463 -2.102605 -0.764325
 -0.852214 -1.041456 -2.022278 -2.427737
 -1.277661 -1.585145 -1.248673 -1.471816
 -1.280934 -0.847299 -2.533690 -1.540444
 -1.410987 -1.285824 -1.978968 -1.074516
 -1.289668 -1.015232 -2.036877 -1.461517
 -1.335001 -1.558144 -1.125281 -1.600703
 -1.180851 -0.975000 -3.126744 -1.302212
 -1.552685 -1.282395 -1.661883 -1.135792
 -0.923166 -1.400088 -2.344540 -1.346021
 -1.737691 -1.248145 -1.280934 -1.349927
 -1.540444 -0.806477 -2.521267 -1.351203
 -1.203973 -1.229949 -2.094943 -1.256617
 -1.386294 -1.084015 -1.821609 -1.386294
 -2.406120 -1.140460 -1.115142 -1.338285
 -1.566420 -0.927342 -2.313628 -1.215023
 -1.514127 -1.203973 -1.678430 -1.226446
 -1.286211 -1.111859 -2.028143 -1.335001
 -2.442341 -1.007264 -1.343735 -1.248425
 -1.199966 -1.199966 -1.933930 -1.374318
 -1.596014 -1.126012 -1.596014 -1.308333
 -1.510591 -0.909820 -2.264357 -1.299283
 -2.255328 -0.812950 -1.354546 -1.642227
 -1.184556 -1.446919 -1.877699 -1.184556
 -1.542543 -1.240263 -2.024379 -1.008462
 -1.362197 -0.910214 -2.104129 -1.516347
 -4.663343 -0.925771 -0.999879 -1.485385
 -1.410987 -0.972734 -2.209488 -1.315677
 -1.904236 -1.098613 -2.751527 -0.789878
 -1.710788 -0.953106 -2.116250 -1.160745
 -2.890361 -1.052093 -1.402295 -1.052093
 -1.198697 -1.252764 -2.197217 -1.198697
 -1.399366 -1.230290 -1.778855 -1.230290
 -1.512587 -0.899486 -2.285768 -1.304949
 -2.277264 -0.955512 -1.584120 -1.178655
 -13.664692 -13.664692 -13.664692 -0.000003
 -14.200776 -14.200776 -14.200776 -0.000002
 -13.473026 -13.473026 -13.473026 -0.000004
 -14.062374 -14.062374 -14.062374 -0.000002
 -1.386294 -1.386294 -1.386294 -1.386294
 -1.386294 -1.386294 -1.386294 -1.386294
 -1.386294 -1.386294 -1.386294 -1.386294
 -15.278767 -0.000001 -15.278767 -15.278767
 -1.386294 -1.386294 -1.386294 -1.386294
 -15.278767 -0.000001 -15.278767 -15.278767
 -1.386294 -1.386294 -1.386294 -1.386294
 -1.386294 -1.386294 -1.386294 -1.386294
 -1.386294 -1.386294 -1.386294 -1.386294
 -0.000001 -15.278767 -15.278767 -15.278767
 -1.386294 -1.386294 -1.386294 -1.386294
 -1.386294 -1.386294 -1.386294 -1.386294
 -15.278767 -15.278767 -0.000001 -15.278767
 -1.386294 -1.386294 -1.386294 -1.386294
 -1.386294 -1.386294 -1.386294 -1.386294
 -1.386294 -1.386294 -1.386294 -1.386294
 -1.386294 -1.386294 -1.386294 -1.386294
 -1.386294 -1.386294 -1.386294 -1.386294
 -1.404987 -1.349927 -1.037988 -1.957551
 -1.386294 -1.386294 -1.386294 -1.386294
 -1.718999 -1.667706 -1.618916 -0.834799
 -1.774058 -1.499623 -1.673975 -0.868353
 -1.475090 -0.952901 -1.629240 -1.663141
 -2.319104 -1.019833 -1.115143 -1.545923
 -1.324926 -1.073612 -1.971549 -1.373716
 -1.339774 -1.052093 -2.063690 -1.339774
 -1.343735 -0.966442 -1.813736 -1.631416
 -1.860751 -0.897943 -1.573070 -1.471287
 -1.382103 0.000100 0.000100 0.000100
 -1.271928 0.000100 0.000100 0.000100
 -1.487893 0.000100 0.000100 0.000100
 -1.415472 0.000100 0.000100 0.000100
 -1.746469 -1.181071 -1.036853 -1.807324
 -1.775183 -0.924974 -1.383417 -1.696711
 -1.590309 -0.800258 -1.555823 -1.995774
 -2.651779 -0.768433 -1.316282 -1.621486
 -1.473686 -1.353370 -1.227968 -1.515650
 -1.284797 -1.329314 -1.271819 -1.724213
 -1.362819 -1.074557 -1.353581 -1.935866
 -2.113994 -1.066127 -1.066127 -1.657756
 -1.151090 -1.418857 -1.564127 -1.459092
 -1.353260 -1.409309 -1.422702 -1.361681
 -1.071426 -1.217943 -1.639700 -1.786151
 -1.902289 -1.015704 -1.453080 -1.367366
 -1.790593 -1.145799 -0.960424 -2.021635
 -1.690686 -0.933784 -1.406143 -1.729029
 -1.426993 -0.879317 -1.517086 -2.075020
 -2.727637 -0.749292 -1.333135 -1.618096
 -1.600662 -1.308137 -1.034135 -1.758054
 -1.296016 -1.303518 -1.300511 -1.701481
 -1.445343 -1.082121 -1.265458 -1.942476
 -2.233592 -1.038228 -1.026766 -1.711403
 -1.216755 -1.423648 -1.599423 -1.343375
 -1.257567 -1.426495 -1.539026 -1.343557
 -1.082714 -1.232144 -1.662645 -1.714680
 -1.849647 -1.047510 -1.487532 -1.324381
 -1.836889 -1.091190 -1.042888 -1.881014
 -1.711536 -0.944630 -1.444422 -1.636265
 -1.506039 -0.836128 -1.502511 -2.101629
 -2.538747 -0.761460 -1.318528 -1.679209
 -1.419355 -1.221745 -1.260414 -1.715476
 -1.305200 -1.314142 -1.327707 -1.634281
 -1.432843 -1.042340 -1.389252 -1.835835
 -2.090210 -1.039994 -1.120267 -1.626129
 -1.229474 -1.380077 -1.654079 -1.329059
 -1.410570 -1.436545 -1.485994 -1.231101
 -1.284835 -1.199068 -1.549334 -1.563320
 -1.921519 -1.080263 -1.413106 -1.306659
 -1.891670 -1.030801 -1.095339 -1.844953
 -1.710596 -0.953415 -1.399796 -1.675727
 -1.531569 -0.834992 -1.517917 -2.034408
 -2.609571 -0.719681 -1.342385 -1.724264
 -1.439308 -1.298581 -1.195927 -1.673625
 -1.339916 -1.268252 -1.283583 -1.716096
 -1.407774 -1.096792 -1.299688 -1.905452
 -2.240123 -0.900787 -1.160031 -1.749688
 -1.178300 -1.524497 -1.616555 -1.287766
 -1.234199 -1.456461 -1.510773 -1.365969
 -1.141344 -1.265564 -1.570087 -1.658087
 -1.862905 -1.088318 -1.467592 -1.281875
 -1.858032 -1.117861 -1.013914 -1.869206
 -1.658846 -0.982066 -1.402494 -1.665361
 -1.567256 -0.912895 -1.370546 -1.994700
 -2.680758 -0.759884 -1.301702 -1.651826
 -1.571543 -1.327513 -1.201887 -1.484950
 -1.279857 -1.333428 -1.266533 -1.734187
 -1.399337 -1.023217 -1.367874 -1.972167
 -2.345644 -1.031921 -1.008016 -1.698541
 -1.176881 -1.397723 -1.569753 -1.441783
 -1.239691 -1.495170 -1.414044 -1.414044
 -1.020665 -1.228897 -1.655456 -1.857743
 -1.692337 -1.077559 -1.484384 -1.390930
 -1.922176 -1.077013 -1.016389 -1.889146
 -1.828993 -0.861782 -1.438566 -1.716197
 -1.623676 -0.854267 -1.479820 -1.900101
 -2.682360 -0.722572 -1.315271 -1.727686
 -1.438000 -1.265158 -1.309790 -1.558145
 -1.332186 -1.267555 -1.338138 -1.648972
 -1.482300 -1.040103 -1.315835 -1.889041
 -2.153927 -0.901165 -1.224169 -1.693504
 -1.232553 -1.521055 -1.581884 -1.257430
 -1.291623 -1.522552 -1.466672 -1.286163
 -1.155173 -1.221865 -1.581732 -1.689032
 -1.964719 -1.158018 -1.417843 -1.192504
 -2.104134 -1.148623 -0.979205 -1.685424
 -1.980529 -0.874335 -1.461518 -1.546555
 -1.788831 -0.819582 -1.494592 -1.784455
 -2.970414 -0.688779 -1.502203 -1.496601
 -1.587727 -1.334178 -1.298369 -1.349927
 -1.295424 -1.402669 -1.465950 -1.388617
 -1.257635 -1.131341 -1.663100 -1.591973
 -1.846098 -0.954861 -1.314864 -1.667219
 -16.536148 -16.536148 -16.536148 -0.000000
 -16.723505 -16.723505 -16.723505 -0.000000
 -16.481350 -16.481350 -16.481350 -0.000000
 -16.455282 -16.455282 -16.455282 -0.000000
 -1.386294 -1.386294 -1.386294 -1.386294
 -1.386294 -1.386294 -1.386294 -1.386294
 -1.386294 -1.386294 -1.386294 -1.386294
 -17.941031 0.000000 -17.941031 -17.941031
 -1.386294 -1.386294 -1.386294 -1.386294
 -17.941031 0.000000 -17.941031 -17.941031
 -1.386294 -1.386294 -1.386294 -1.386294
 -1.386294 -1.386294 -1.386294 -1.386294
 -1.386294 -1.386294 -1.386294 -1.386294
 0.000000 -17.941031 -17.941031 -17.941031
 -1.386294 -1.386294 -1.386294 -1.386294
 -1.386294 -1.386294 -1.386294 -1.386294
 -17.941031 -17.941031 0.000000 -17.941031
 -1.386294 -1.386294 -1.386294 -1.386294
 -1.386294 -1.386294 -1.386294 -1.386294
 -1.386294 -1.386294 -1.386294 -1.386294
 -1.386294 -1.386294 -1.386294 -1.386294
 -1.386294 -1.386294 -1.386294 -1.386294
 -1.422148 -1.005802 -1.343600 -2.023828
 -1.386294 -1.386294 -1.386294 -1.386294
 -1.287519 -1.309606 -1.509450 -1.456340
 -1.228114 -1.416790 -1.544872 -1.381008
 -1.174484 -1.168490 -1.603265 -1.720663
 -1.689582 -0.963859 -1.644267 -1.423659
 -1.800493 -1.195315 -0.972938 -1.869486
 -1.701921 -1.029167 -1.376154 -1.571111
 -1.598693 -0.837317 -1.436938 -2.061092
 -2.573539 -0.733138 -1.357490 -1.681848
