 -1.379043 0.000100 0.000100 0.000100
 -1.396536 0.000100 0.000100 0.000100
 -1.438584 0.000100 0.000100 0.000100
 -1.333837 0.000100 0.000100 0.000100
 -1.282091 -1.369102 -1.415622 -1.489730
 -1.498212 -1.446919 -1.552279 -1.110447
 -1.123459 -1.201930 -1.628014 -1.726453
 -1.831200 -1.437297 -1.008843 -1.437297
 -1.410392 -1.295323 -1.410392 -1.435084
 -1.258461 -1.432814 -1.532897 -1.341843
 -1.163151 -1.092947 -1.644123 -1.838278
 -1.750697 -1.246793 -0.974860 -1.822156
 -1.427116 -1.037652 -1.832580 -1.403586
 -1.284016 -1.662081 -1.746638 -1.024505
 -1.219241 -1.076140 -1.532897 -1.912386
 -1.953025 -1.337842 -1.036738 -1.422399
 -1.460402 -1.116631 -1.905087 -1.232144
 -1.516914 -1.540445 -1.540445 -1.044009
 -1.399717 -0.985284 -1.714797 -1.609437
 -1.597943 -1.261472 -1.092849 -1.719303
 -1.299283 -1.124930 -1.741115 -1.481604
 -1.230731 -1.594695 -1.697349 -1.133881
 -1.132061 -1.239691 -1.558144 -1.728043
 -1.337238 -1.449716 -1.093042 -1.786187
 -1.391383 -1.172330 -1.786695 -1.294220
 -1.264127 -1.620801 -1.592630 -1.150799
 -1.098613 -1.079565 -1.958812 -1.682559
 -1.688949 -1.418660 -0.995804 -1.590509
 -1.431757 -1.098613 -1.555370 -1.529395
 -1.797120 -1.517536 -1.567547 -0.900376
 -1.393028 -0.960896 -1.825891 -1.569959
 -1.403994 -1.645155 -1.171372 -1.380463
 -1.504077 -0.952901 -1.852383 -1.446919
 -1.281982 -1.818285 -2.116777 -0.821458
 -1.348073 -1.085710 -1.510592 -1.704747
 -1.457557 -1.457557 -1.114613 -1.578185
 -1.530745 -1.014530 -1.883566 -1.313022
 -1.488077 -1.670398 -1.893541 -0.831298
 -1.201645 -1.156183 -1.630639 -1.667007
 -1.299283 -1.469908 -1.242125 -1.567547
 -1.392092 -0.978905 -1.934414 -1.464412
 -1.723847 -1.853059 -2.129311 -0.605237
 -1.249094 -0.801782 -2.427743 -1.734600
 -1.549118 -1.350667 -1.135556 -1.573810
 -1.336284 -0.875470 -2.216639 -1.553348
 -1.634130 -1.955713 -1.955713 -0.650182
 -1.184873 -1.058122 -1.576914 -1.962575
 -1.410987 -1.712091 -0.953563 -1.659448
 -1.172721 -0.780160 -2.639051 -1.828126
 -1.369102 -2.380699 -1.687555 -0.758843
 -1.139435 -0.950193 -2.014901 -1.832580
 -1.471452 -1.406914 -1.150981 -1.564542
 -1.271455 -0.799097 -3.044513 -1.504077
 -1.655718 -1.655718 -2.035207 -0.718595
 -0.965082 -1.370546 -1.840548 -1.578185
 -1.656783 -1.282091 -1.303144 -1.346629
 -1.409825 -0.693148 -2.439440 -1.780198
 -1.218862 -1.529016 -1.879218 -1.093699
 -1.128466 -0.987388 -2.227072 -1.629239
 -1.475906 -1.658228 -1.172721 -1.304056
 -1.098613 -1.035100 -2.213751 -1.598568
 -1.226664 -1.386294 -1.811177 -1.226664
 -1.370034 -1.090450 -1.759497 -1.436725
 -2.214613 -1.267235 -1.064711 -1.330414
 -1.592146 -0.740776 -2.508432 -1.433922
 -1.548529 -1.173836 -1.595049 -1.289668
 -1.216396 -1.121086 -1.814231 -1.537979
 -2.380699 -1.092849 -1.324650 -1.183000
 -1.439539 -0.973450 -1.860751 -1.471287
 -1.323774 -1.236763 -1.706766 -1.339041
 -1.236763 -1.106710 -1.875841 -1.488077
 -2.708044 -1.065823 -1.261131 -1.185624
 -1.222407 -1.457246 -1.892562 -1.133460
 -1.309661 -1.342998 -1.706962 -1.246148
 -1.301737 -1.020835 -1.777159 -1.616817
 -2.622431 -1.012999 -1.236142 -1.295566
 -1.124930 -1.453434 -2.552040 -1.011602
 -1.777370 -1.056053 -2.154663 -1.001986
 -1.143065 -1.120592 -2.362299 -1.343735
 -1.940604 -1.229109 -1.365241 -1.175999
 -1.265667 -1.336284 -1.754018 -1.265667
 -1.508896 -1.330205 -1.673976 -1.118031
 -1.439216 -1.078205 -1.578978 -1.530188
 -2.162436 -1.103047 -1.413202 -1.172040
 -0.590670 -1.063274 -2.295412 -14.144817
 -1.223776 -0.936094 -1.159237 -14.528462
 -0.923409 -0.923409 -1.581464 -14.159103
 -1.729686 -0.813397 -0.969401 -14.523548
 -14.644064 -0.000001 -14.644064 -14.644064
 -14.823470 -0.000001 -14.823470 -14.823470
 -14.425279 -0.000002 -14.425279 -14.425279
 -1.386294 -1.386294 -1.386294 -1.386294
 -1.386294 -1.386294 -1.386294 -1.386294
 -15.742676 -0.000001 -15.742676 -15.742676
 -1.386294 -1.386294 -1.386294 -1.386294
 -1.386294 -1.386294 -1.386294 -1.386294
 -1.386294 -1.386294 -1.386294 -1.386294
 -0.000001 -15.742676 -15.742676 -15.742676
 -1.386294 -1.386294 -1.386294 -1.386294
 -1.386294 -1.386294 -1.386294 -1.386294
 -15.742676 -15.742676 -0.000000 -15.742676
 -1.386294 -1.386294 -1.386294 -1.386294
 -1.386294 -1.386294 -1.386294 -1.386294
 -1.386294 -1.386294 -1.386294 -1.386294
 -1.386294 -1.386294 -1.386294 -1.386294
 -1.386294 -1.386294 -1.386294 -1.386294
 -1.264476 -1.438584 -1.138707 -1.831854
 -1.386294 -1.386294 -1.386294 -1.386294
 -1.741497 -1.124724 -2.009760 -1.005179
 -1.287088 -1.142507 -1.797912 -1.430188
 -1.481604 -0.916291 -1.959639 -1.461802
 -2.302580 -0.986910 -1.333185 -1.333185
 -1.180443 -1.157453 -1.997201 -1.415282
 -1.454117 -1.220502 -1.625967 -1.292476
 -1.395183 -1.116471 -1.326191 -1.837014
 -2.202499 -0.781117 -1.396876 -1.691675
 -1.323059 0.000100 0.000100 0.000100
 -1.257818 0.000100 0.000100 0.000100
 -1.442013 0.000100 0.000100 0.000100
 -1.546671 0.000100 0.000100 0.000100
 -1.670791 -1.161072 -1.080672 -1.836438
 -1.577780 -1.020461 -1.413563 -1.661450
 -1.423296 -0.953171 -1.483434 -1.919316
 -2.476356 -0.800447 -1.302236 -1.635270
 -1.553403 -1.254726 -1.141776 -1.692452
 -1.296610 -1.283644 -1.310849 -1.715212
 -1.385477 -1.049939 -1.370878 -1.924474
 -2.188912 -0.985226 -1.099897 -1.705390
 -1.224359 -1.453934 -1.494279 -1.394350
 -1.300515 -1.393890 -1.391764 -1.465927
 -1.191750 -1.177782 -1.487994 -1.816928
 -1.925475 -0.979540 -1.388878 -1.472485
 -1.642018 -1.160180 -1.069499 -1.898448
 -1.624390 -1.032318 -1.390404 -1.620433
 -1.430321 -0.931504 -1.510771 -1.923687
 -2.428780 -0.846010 -1.281656 -1.583991
 -1.555418 -1.270975 -1.097703 -1.744660
 -1.328603 -1.297934 -1.299583 -1.663830
 -1.356930 -1.070627 -1.386497 -1.898405
 -2.301950 -0.949557 -1.132864 -1.655928
 -1.300849 -1.417159 -1.466255 -1.368417
 -1.309890 -1.363739 -1.462513 -1.415542
 -1.251892 -1.159479 -1.463759 -1.777725
 -1.894711 -1.026416 -1.417931 -1.389761
 -1.755548 -1.124921 -1.097086 -1.779830
 -1.602903 -1.040009 -1.400666 -1.615433
 -1.433233 -0.893739 -1.558263 -1.953063
 -2.422029 -0.825415 -1.277400 -1.637609
 -1.575953 -1.269935 -1.153513 -1.625499
 -1.353575 -1.275061 -1.281374 -1.689481
 -1.460211 -1.014817 -1.363361 -1.900162
 -2.322200 -0.957707 -1.105213 -1.676486
 -1.272522 -1.455769 -1.382931 -1.444719
 -1.287703 -1.354459 -1.428155 -1.486077
 -1.258746 -1.116865 -1.516176 -1.777052
 -1.953417 -1.000445 -1.347481 -1.467064
 -1.783760 -1.139597 -1.080330 -1.756990
 -1.638883 -1.009754 -1.442661 -1.583788
 -1.457368 -0.907437 -1.493736 -1.972834
 -2.519105 -0.787363 -1.310289 -1.636381
 -1.584080 -1.299925 -1.104731 -1.655423
 -1.358236 -1.225199 -1.310280 -1.717900
 -1.459716 -1.038586 -1.326073 -1.909024
 -2.223926 -0.933014 -1.163275 -1.682069
 -1.233102 -1.451831 -1.440877 -1.436530
 -1.265589 -1.360293 -1.413693 -1.522811
 -1.159950 -1.173597 -1.491505 -1.882483
 -1.863254 -1.014786 -1.349155 -1.501061
 -1.725306 -1.159966 -1.070186 -1.799149
 -1.611187 -1.059945 -1.362687 -1.619981
 -1.467495 -0.944693 -1.463487 -1.901992
 -2.360095 -0.799533 -1.313583 -1.675606
 -1.513371 -1.278532 -1.142097 -1.702438
 -1.385994 -1.228928 -1.314680 -1.667286
 -1.389106 -1.002865 -1.431841 -1.930980
 -2.170398 -0.947764 -1.154526 -1.697974
 -1.243763 -1.391834 -1.530284 -1.399948
 -1.280494 -1.398048 -1.436474 -1.438613
 -1.239183 -1.142057 -1.544712 -1.726847
 -1.842234 -1.053595 -1.418894 -1.382807
 -1.657859 -1.184263 -1.073400 -1.822399
 -1.579008 -1.034997 -1.420692 -1.624317
 -1.463656 -0.923517 -1.486057 -1.929449
 -2.364502 -0.822749 -1.340132 -1.584889
 -1.475793 -1.188111 -1.233967 -1.740284
 -1.361201 -1.216507 -1.329634 -1.699307
 -1.444398 -1.039225 -1.325936 -1.932201
 -2.274310 -0.889532 -1.163650 -1.749044
 -1.225248 -1.470658 -1.547486 -1.332721
 -1.217517 -1.463794 -1.472445 -1.413398
 -1.197355 -1.150955 -1.542971 -1.784218
 -1.850956 -1.077926 -1.417474 -1.345969
 -1.721188 -1.161087 -1.130511 -1.686682
 -1.660208 -1.058058 -1.454505 -1.472919
 -1.381103 -0.923129 -1.655073 -1.830415
 -2.368653 -0.874938 -1.313048 -1.511827
 -1.535286 -1.340791 -1.145310 -1.585518
 -1.404677 -1.434811 -1.113754 -1.670945
 -1.434739 -1.150235 -1.184231 -1.971278
 -2.281994 -1.034681 -1.006206 -1.731739
 -1.077162 -1.308491 -0.943631 -17.448349
 -1.159552 -1.246001 -0.919494 -17.758839
 -1.320785 -1.013375 -0.994029 -17.896938
 -1.186939 -1.079623 -1.035292 -17.275606
 -17.815178 0.000000 -17.815178 -17.815178
 -17.865032 0.000000 -17.865032 -17.865032
 -18.042490 0.000000 -18.042490 -18.042490
 -1.386294 -1.386294 -1.386294 -1.386294
 -1.386294 -1.386294 -1.386294 -1.386294
 -19.011021 0.000000 -19.011021 -19.011021
 -1.386294 -1.386294 -1.386294 -1.386294
 -1.386294 -1.386294 -1.386294 -1.386294
 -1.386294 -1.386294 -1.386294 -1.386294
 0.000000 -19.011021 -19.011021 -19.011021
 -1.386294 -1.386294 -1.386294 -1.386294
 -1.386294 -1.386294 -1.386294 -1.386294
 -19.011021 -19.011021 0.000000 -19.011021
 -1.386294 -1.386294 -1.386294 -1.386294
 -1.386294 -1.386294 -1.386294 -1.386294
 -1.386294 -1.386294 -1.386294 -1.386294
 -1.386294 -1.386294 -1.386294 -1.386294
 -1.386294 -1.386294 -1.386294 -1.386294
 -1.438270 -0.932548 -1.446240 -2.012468
 -1.386294 -1.386294 -1.386294 -1.386294
 -1.363899 -1.355714 -1.372152 -1.456656
 -1.274758 -1.346272 -1.504218 -1.435056
 -1.183550 -1.170568 -1.549824 -1.764138
 -1.809326 -0.961666 -1.563653 -1.408089
 -1.605468 -1.261279 -1.075023 -1.745125
 -1.585084 -1.116491 -1.336697 -1.585084
 -1.435379 -0.963056 -1.444711 -1.934917
 -2.475715 -0.841657 -1.229331 -1.648110
