 -1.342203 0.000100 0.000100 0.000100
 -1.363556 0.000100 0.000100 0.000100
 -1.485845 0.000100 0.000100 0.000100
 -1.359965 0.000100 0.000100 0.000100
 -1.474587 -1.372308 -1.331486 -1.372308
 -1.437966 -1.468738 -1.484486 -1.184970
 -1.098613 -1.378197 -1.378197 -1.816451
 -1.739391 -1.224493 -1.131402 -1.570768
 -1.334238 -1.305665 -1.441210 -1.474000
 -1.330725 -1.386294 -1.475906 -1.358124
 -1.192544 -1.365816 -1.407201 -1.626829
 -1.515912 -1.278584 -1.210531 -1.590019
 -1.355417 -1.240642 -1.500599 -1.469827
 -1.379326 -1.393312 -1.743968 -1.123393
 -1.227445 -1.227445 -1.450589 -1.717651
 -1.723596 -1.459445 -1.102771 -1.357663
 -1.405057 -1.128804 -1.375204 -1.723510
 -1.326076 -1.526746 -1.680896 -1.105533
 -1.262500 -1.262500 -1.492516 -1.563975
 -1.455287 -1.504077 -1.144075 -1.487548
 -1.382717 -1.249185 -1.588160 -1.354546
 -1.368781 -1.656462 -1.567909 -1.060480
 -1.214049 -1.306830 -1.594512 -1.472622
 -1.531476 -1.586536 -1.057019 -1.462483
 -1.347351 -1.169670 -1.635033 -1.449630
 -1.337320 -1.567844 -1.819158 -1.002952
 -1.229949 -1.178655 -1.754018 -1.483144
 -1.498936 -1.369258 -1.130029 -1.612880
 -1.479471 -1.161018 -1.511220 -1.433662
 -1.206243 -1.876916 -1.464072 -1.150981
 -1.348712 -1.065137 -1.746013 -1.508342
 -1.910444 -1.375522 -0.923538 -1.598665
 -1.317827 -1.332642 -1.586090 -1.332642
 -1.358515 -1.798826 -1.474587 -1.053855
 -1.116566 -1.161018 -1.463967 -2.054834
 -1.496642 -1.602003 -1.080128 -1.447852
 -1.376108 -1.191537 -1.709880 -1.336367
 -1.613351 -1.574885 -1.519826 -0.980830
 -1.166821 -1.132135 -1.620487 -1.780830
 -1.485385 -1.590745 -1.057942 -1.502192
 -1.408767 -1.294357 -1.424035 -1.424035
 -1.571437 -1.697730 -1.659990 -0.869851
 -1.351609 -1.110447 -1.430390 -1.757073
 -1.453234 -1.657329 -1.052911 -1.484486
 -1.175730 -1.102527 -1.807507 -1.633154
 -1.241421 -1.620910 -1.934567 -0.997444
 -1.113158 -1.205177 -1.480883 -1.935137
 -1.410643 -1.382864 -1.173514 -1.630272
 -1.328085 -1.104942 -1.952238 -1.340061
 -1.460665 -1.709880 -1.672839 -0.917999
 -0.973702 -1.160579 -1.813451 -1.924677
 -1.508184 -1.471816 -1.220502 -1.370034
 -1.314132 -0.992232 -1.833431 -1.606042
 -1.277456 -1.830840 -1.670498 -0.986654
 -1.219973 -1.475906 -1.455287 -1.415282
 -1.427680 -1.399900 -1.236012 -1.500705
 -1.210846 -1.061634 -1.784933 -1.669420
 -1.302913 -1.542863 -1.461518 -1.263692
 -1.057113 -1.438480 -1.369487 -1.826245
 -1.795299 -1.502312 -1.060480 -1.327959
 -1.369258 -0.861139 -2.009760 -1.665990
 -1.488077 -1.488077 -1.340752 -1.249185
 -1.136211 -1.220092 -1.710298 -1.594785
 -2.008823 -1.285824 -1.242652 -1.201267
 -1.344383 -1.071740 -1.677875 -1.560092
 -1.380324 -1.216021 -1.668006 -1.333804
 -1.421386 -1.352393 -1.514912 -1.272350
 -1.769286 -1.133298 -1.271884 -1.481604
 -1.370546 -1.280934 -1.722766 -1.238970
 -1.170406 -1.487647 -1.556640 -1.374318
 -1.173373 -1.386294 -1.474848 -1.551808
 -1.923686 -1.256516 -1.217801 -1.296789
 -1.224493 -1.354546 -1.824548 -1.249185
 -1.627456 -1.317302 -1.627456 -1.080913
 -1.143981 -1.339041 -1.752228 -1.402555
 -1.828126 -1.344330 -1.091495 -1.415282
 -1.345013 -1.195073 -1.953601 -1.220715
 -1.609438 -1.270463 -1.478102 -1.233649
 -1.442708 -1.233954 -1.460727 -1.425009
 -2.161678 -1.262681 -1.206168 -1.195239
 -1.071214 -1.386294 -1.764360 -1.443453
 -1.418660 -1.216794 -1.671855 -1.295046
 -1.339041 -1.402555 -1.386294 -1.419084
 -1.763049 -1.168993 -1.244705 -1.470661
 -1.113651 -1.480113 -1.980068 -1.184268
 -1.322579 -1.274377 -1.866879 -1.206168
 -1.152680 -1.448945 -1.898469 -1.205324
 -1.927424 -1.125079 -1.762345 -1.026639
 -0.672386 -1.237151 -2.477935 -2.159482
 -0.768049 -1.218976 -1.741497 -2.728880
 -1.333804 -1.023650 -1.246793 -2.409940
 -2.031067 -0.661581 -1.337921 -2.403741
 -0.114411 -15.123844 -2.224622 -15.123844
 -0.165712 -15.216695 -1.879218 -15.216695
 -0.370861 -14.571634 -1.171638 -14.571634
 -0.713768 -13.795312 -0.672947 -13.795312
 -0.000000 -15.977684 -15.977684 -15.977684
 -1.386294 -1.386294 -1.386294 -1.386294
 -0.000001 -14.594837 -14.594837 -14.594837
 -1.386294 -1.386294 -1.386294 -1.386294
 -16.201517 -16.201517 -0.000000 -16.201517
 -1.386294 -1.386294 -1.386294 -1.386294
 -1.386294 -1.386294 -1.386294 -1.386294
 -1.386294 -1.386294 -1.386294 -1.386294
 -1.386294 -1.386294 -1.386294 -1.386294
 -1.386294 -1.386294 -1.386294 -1.386294
 -1.378049 -1.411447 -1.088544 -1.787170
 -1.386294 -1.386294 -1.386294 -1.386294
 -1.642836 -1.194288 -1.570077 -1.218679
 -1.502192 -1.210282 -1.572396 -1.303064
 -1.585145 -1.004794 -1.654138 -1.436725
 -1.945909 -0.984500 -1.233715 -1.648658
 -1.353959 -1.266948 -1.372308 -1.577102
 -1.490435 -1.233715 -1.408517 -1.431246
 -1.348712 -1.142098 -1.489293 -1.630944
 -1.855570 -1.234745 -1.197931 -1.382665
 -1.283518 0.000100 0.000100 0.000100
 -1.326919 0.000100 0.000100 0.000100
 -1.452035 0.000100 0.000100 0.000100
 -1.498109 0.000100 0.000100 0.000100
 -1.731443 -1.252594 -0.958188 -1.873265
 -1.571709 -1.110922 -1.300892 -1.656708
 -1.427183 -1.017132 -1.359333 -1.955078
 -2.422964 -0.962567 -1.127998 -1.581096
 -1.351902 -1.475731 -1.155763 -1.620379
 -1.253862 -1.478749 -1.193748 -1.695030
 -1.290982 -1.266243 -1.195685 -1.961736
 -2.013218 -1.214749 -0.997337 -1.605461
 -1.170001 -1.480731 -1.425097 -1.506534
 -1.337849 -1.405524 -1.448967 -1.356583
 -1.059000 -1.288409 -1.530642 -1.825782
 -1.893764 -1.132956 -1.334687 -1.331142
 -1.745973 -1.274313 -0.931385 -1.884571
 -1.583275 -1.109501 -1.287046 -1.666591
 -1.425082 -1.022940 -1.356283 -1.949407
 -2.409476 -0.965295 -1.133904 -1.572662
 -1.379326 -1.471590 -1.142568 -1.610975
 -1.248115 -1.486408 -1.204494 -1.677034
 -1.309108 -1.250288 -1.205938 -1.937208
 -2.060671 -1.192344 -0.999448 -1.604253
 -1.181689 -1.488273 -1.439673 -1.467624
 -1.365109 -1.403826 -1.463396 -1.318476
 -1.093778 -1.279522 -1.527549 -1.773053
 -1.888428 -1.137336 -1.335146 -1.328408
 -1.767772 -1.266405 -0.939030 -1.855102
 -1.584809 -1.117666 -1.291725 -1.644161
 -1.445941 -1.018840 -1.350612 -1.935304
 -2.458788 -0.944358 -1.121960 -1.609981
 -1.390783 -1.484778 -1.144960 -1.578275
 -1.239350 -1.483577 -1.208580 -1.687498
 -1.301213 -1.252847 -1.215670 -1.926913
 -2.049202 -1.200928 -0.997987 -1.601338
 -1.182538 -1.504678 -1.429207 -1.461394
 -1.353043 -1.415291 -1.449577 -1.331719
 -1.070683 -1.299495 -1.533667 -1.778963
 -1.878208 -1.140032 -1.329547 -1.336627
 -1.743488 -1.288676 -0.938141 -1.844525
 -1.578639 -1.124761 -1.285191 -1.648092
 -1.417712 -1.048697 -1.330134 -1.945636
 -2.446707 -0.964231 -1.117598 -1.584351
 -1.349941 -1.508168 -1.125533 -1.635012
 -1.228222 -1.491358 -1.187972 -1.730016
 -1.279136 -1.295231 -1.182931 -1.955396
 -2.027609 -1.211146 -0.980942 -1.632009
 -1.123728 -1.535929 -1.428703 -1.513859
 -1.329707 -1.407315 -1.418869 -1.391677
 -1.022907 -1.331275 -1.538217 -1.822953
 -1.877799 -1.139784 -1.313326 -1.353784
 -1.763071 -1.325840 -0.891724 -1.877614
 -1.592824 -1.100904 -1.284148 -1.675618
 -1.420153 -1.037426 -1.323458 -1.982357
 -2.432234 -0.969991 -1.110747 -1.590811
 -1.365096 -1.498056 -1.115071 -1.644094
 -1.223479 -1.494406 -1.187369 -1.735054
 -1.289930 -1.273697 -1.186260 -1.969305
 -2.042231 -1.201453 -0.984400 -1.630453
 -1.126187 -1.509222 -1.409473 -1.558846
 -1.346007 -1.376519 -1.441556 -1.383469
 -1.039976 -1.293919 -1.538337 -1.847664
 -1.921326 -1.103713 -1.319189 -1.368070
 -1.740043 -1.317821 -0.883119 -1.942969
 -1.597374 -1.097528 -1.275862 -1.689091
 -1.435109 -1.041970 -1.308263 -1.974269
 -2.434214 -0.965685 -1.091968 -1.629357
 -1.358153 -1.514283 -1.125713 -1.617078
 -1.238549 -1.497450 -1.195800 -1.692637
 -1.282591 -1.282139 -1.192263 -1.954006
 -2.001037 -1.222134 -0.983738 -1.628145
 -1.156732 -1.499693 -1.459686 -1.469764
 -1.381051 -1.430285 -1.470261 -1.274469
 -1.050757 -1.305012 -1.544514 -1.797322
 -1.861861 -1.167958 -1.328047 -1.314453
 -1.764390 -1.298298 -0.913921 -1.865856
 -1.650723 -1.124177 -1.238560 -1.643161
 -1.431353 -1.034700 -1.319412 -1.977684
 -2.434044 -0.995941 -1.067696 -1.613731
 -1.375003 -1.504044 -1.088964 -1.669366
 -1.269817 -1.467634 -1.156132 -1.749012
 -1.266525 -1.317541 -1.147748 -2.017051
 -1.975468 -1.226407 -0.939456 -1.730937
 -1.104686 -1.547425 -1.445639 -1.512791
 -1.355163 -1.354441 -1.473285 -1.367152
 -0.997417 -1.349289 -1.540828 -1.848072
 -1.838854 -1.176182 -1.302494 -1.344411
 -1.556087 -1.182753 -0.970499 -2.266139
 -1.420736 -0.869241 -1.440824 -2.278268
 -1.398597 -0.963261 -1.345030 -2.199319
 -2.687091 -0.713244 -1.197888 -1.965840
 -0.806058 -19.628864 -0.591702 -19.628864
 -0.632543 -20.320143 -0.757663 -20.320143
 -0.688204 -20.047132 -0.698115 -20.047132
 -1.501118 -19.074568 -0.252162 -19.074568
 0.000000 -20.503740 -20.503740 -20.503740
 -1.386294 -1.386294 -1.386294 -1.386294
 0.000000 -20.618959 -20.618959 -20.618959
 -1.386294 -1.386294 -1.386294 -1.386294
 -21.256157 -21.256157 0.000000 -21.256157
 -1.386294 -1.386294 -1.386294 -1.386294
 -1.386294 -1.386294 -1.386294 -1.386294
 -1.386294 -1.386294 -1.386294 -1.386294
 -1.386294 -1.386294 -1.386294 -1.386294
 -1.386294 -1.386294 -1.386294 -1.386294
 -1.245506 -1.266755 -1.215929 -2.009722
 -1.386294 -1.386294 -1.386294 -1.386294
 -1.186173 -1.460434 -1.380682 -1.555568
 -1.325460 -1.424187 -1.528346 -1.284745
 -1.059759 -1.235305 -1.567239 -1.870190
 -1.694922 -1.070887 -1.515108 -1.370825
 -1.697471 -1.367792 -0.903125 -1.852248
 -1.636060 -1.250104 -1.155073 -1.590887
 -1.405594 -1.030434 -1.353215 -1.969558
 -2.423093 -1.099984 -1.038695 -1.493612
