 -1.349593 0.000100 0.000100 0.000100
 -1.405163 0.000100 0.000100 0.000100
 -1.349593 0.000100 0.000100 0.000100
 -1.444003 0.000100 0.000100 0.000100
 -1.020652 -1.490654 -1.377326 -1.819156
 -1.219974 -1.188225 -1.820745 -1.435084
 -1.243795 -1.377326 -1.618487 -1.342234
 -2.050167 -1.781905 -0.764975 -1.437066
 -1.257083 -1.421386 -1.421386 -1.457753
 -1.292769 -1.916920 -1.446919 -1.069626
 -1.209838 -1.125281 -1.558144 -1.791758
 -1.999395 -1.268512 -1.130362 -1.345473
 -1.386294 -1.314836 -1.686398 -1.216396
 -1.271632 -2.033768 -1.340624 -1.117482
 -1.376992 -1.009268 -1.537334 -1.782455
 -1.667706 -1.527944 -1.137079 -1.296144
 -1.425515 -1.210404 -1.811176 -1.210404
 -1.070442 -1.709520 -1.945907 -1.098613
 -1.321756 -1.127601 -1.658227 -1.518466
 -1.791758 -1.558144 -1.072638 -1.270463
 -1.349927 -1.044546 -1.909540 -1.424035
 -1.314836 -1.637608 -1.791758 -0.993253
 -1.291984 -0.955513 -1.515127 -2.112959
 -1.330055 -1.499953 -1.428495 -1.299283
 -1.517322 -1.022627 -2.028145 -1.239691
 -1.184873 -2.087737 -1.800057 -0.903972
 -1.283347 -1.051546 -1.933930 -1.474401
 -1.609437 -1.368276 -1.089563 -1.564986
 -1.117482 -1.453953 -1.628305 -1.414732
 -1.469291 -1.591893 -1.894172 -0.877242
 -1.295323 -1.063522 -1.865864 -1.486377
 -1.488077 -1.642227 -0.970135 -1.601405
 -1.054938 -0.980830 -2.233588 -1.774058
 -1.437066 -1.907068 -1.570597 -0.901550
 -1.183771 -0.921407 -2.100057 -1.751752
 -1.504077 -1.466337 -1.098613 -1.543298
 -1.560247 -1.041455 -1.783390 -1.313388
 -1.593308 -1.867743 -2.104131 -0.653303
 -1.063522 -0.996831 -2.233586 -1.722765
 -1.366876 -1.533930 -1.159238 -1.533930
 -1.252763 -0.940390 -2.456728 -1.435084
 -1.403994 -1.845825 -1.645155 -0.907558
 -1.286211 -0.929538 -1.558144 -2.133503
 -1.106160 -1.712294 -1.306830 -1.523053
 -1.074516 -0.983544 -2.173123 -1.767660
 -1.469291 -2.019335 -1.682864 -0.795564
 -1.528468 -0.892482 -1.528468 -1.853888
 -1.395511 -1.513294 -1.027787 -1.746907
 -1.431551 -0.738405 -2.329487 -1.682864
 -1.521026 -1.688080 -1.945908 -0.790141
 -1.477266 -0.832911 -2.036878 -1.577349
 -1.277095 -1.699951 -1.060873 -1.648657
 -1.168994 -1.023812 -1.995668 -1.638996
 -1.439539 -1.573070 -2.014900 -0.862225
 -1.111859 -1.152681 -2.133503 -1.440361
 -1.239691 -1.902983 -1.098613 -1.478101
 -1.193104 -1.166435 -2.724570 -1.140460
 -1.485385 -1.367602 -1.667706 -1.108092
 -1.037245 -1.536234 -1.884538 -1.278406
 -1.299283 -1.499953 -1.212272 -1.576914
 -1.338285 -0.760971 -2.724570 -1.585145
 -1.225613 -1.513294 -1.555853 -1.290151
 -1.034898 -1.386294 -1.765782 -1.497519
 -2.397889 -1.660295 -1.034591 -1.011602
 -1.629239 -1.014056 -2.060020 -1.159238
 -1.378197 -1.593308 -1.444888 -1.174599
 -1.374866 -1.521469 -1.470176 -1.207812
 -2.188637 -1.421386 -1.198243 -1.064712
 -1.363305 -1.318853 -2.151757 -1.020362
 -1.513294 -1.107830 -1.918757 -1.194841
 -1.578978 -1.078205 -1.684338 -1.316615
 -2.715422 -1.041455 -1.446919 -1.062508
 -1.373049 -0.950194 -2.238039 -1.373049
 -1.683545 -1.278081 -1.850598 -0.971351
 -1.558144 -0.865000 -2.133503 -1.386294
 -2.211927 -0.894630 -1.518783 -1.336462
 -1.691674 -1.286211 -1.845824 -0.963439
 -1.871801 -1.336284 -1.830979 -0.860202
 -1.526055 -1.015232 -1.836208 -1.343735
 -2.541595 -1.476891 -1.260669 -0.892945
 -1.504077 -1.578184 -1.945905 -0.847301
 -1.863216 -1.040019 -2.045537 -1.015922
 -1.658227 -1.172721 -1.597602 -1.211942
 -1.609437 -1.299283 -1.579584 -1.135654
 -13.604795 -0.000004 -13.604795 -13.604795
 -14.038657 -0.000002 -14.038657 -14.038657
 -13.527834 -0.000004 -13.527834 -13.527834
 -14.200776 -0.000002 -14.200776 -14.200776
 -1.386294 -1.386294 -1.386294 -1.386294
 -15.269464 -1.002878 -1.230810 -1.075517
 -1.386294 -1.386294 -1.386294 -1.386294
 -1.386294 -1.386294 -1.386294 -1.386294
 -1.386294 -1.386294 -1.386294 -1.386294
 -14.266589 -14.266589 -14.266589 -0.000002
 -14.038657 -14.038657 -14.038657 -0.000002
 -14.193950 -14.193950 -14.193950 -0.000002
 -1.386294 -1.386294 -1.386294 -1.386294
 -1.386294 -1.386294 -1.386294 -1.386294
 -1.386294 -1.386294 -1.386294 -1.386294
 -0.000001 -15.269464 -15.269464 -15.269464
 -15.269464 -15.269464 -0.000001 -15.269464
 -1.386294 -1.386294 -1.386294 -1.386294
 -1.386294 -1.386294 -1.386294 -1.386294
 -1.386294 -1.386294 -1.386294 -1.386294
 -1.386294 -1.386294 -1.386294 -1.386294
 -1.386294 -1.386294 -1.386294 -1.386294
 -1.230810 -1.869468 -0.923325 -1.854430
 -1.386294 -1.386294 -1.386294 -1.386294
 -1.532476 -1.244795 -2.189252 -0.957114
 -1.481604 -1.245216 -1.992425 -1.054162
 -1.670062 -0.961412 -1.803593 -1.329136
 -1.902103 -1.026641 -1.806794 -1.113652
 -1.339774 -0.965083 -2.351367 -1.339774
 -1.568615 -1.077994 -1.568615 -1.414465
 -1.182697 -1.131404 -2.181216 -1.354546
 -2.288192 -1.098613 -1.189585 -1.343735
 -1.497622 0.000100 0.000100 0.000100
 -1.215263 0.000100 0.000100 0.000100
 -1.313050 0.000100 0.000100 0.000100
 -1.557281 0.000100 0.000100 0.000100
 -1.308333 -1.437791 -1.308333 -1.505043
 -1.290587 -1.264476 -1.469739 -1.548728
 -1.225060 -1.281255 -1.417267 -1.680956
 -1.899855 -1.263062 -1.146890 -1.386294
 -1.429969 -1.600927 -1.184226 -1.374400
 -1.373636 -1.405588 -1.486713 -1.289249
 -1.090368 -1.386294 -1.469100 -1.694044
 -1.895117 -1.076808 -1.285352 -1.459016
 -1.452567 -1.360630 -1.148356 -1.648312
 -1.197809 -1.394762 -1.341769 -1.666695
 -1.337345 -1.146567 -1.350166 -1.829242
 -2.179140 -0.973557 -1.182311 -1.596745
 -1.458240 -1.474500 -1.254641 -1.373247
 -1.308477 -1.392092 -1.470682 -1.380531
 -1.412349 -1.205487 -1.387808 -1.573773
 -1.787119 -1.136532 -1.251601 -1.489074
 -1.616818 -1.249093 -1.288314 -1.431415
 -1.428440 -1.269570 -1.633535 -1.258334
 -1.180326 -1.259463 -1.574980 -1.599471
 -1.890390 -1.039614 -1.437297 -1.355467
 -1.668278 -1.188225 -1.272966 -1.484275
 -1.356526 -1.173274 -1.520031 -1.539966
 -1.461280 -1.106246 -1.330827 -1.754441
 -1.963609 -1.152680 -1.119890 -1.525355
 -1.298589 -1.446398 -1.369765 -1.437587
 -1.175573 -1.421190 -1.510269 -1.473680
 -1.300352 -1.152947 -1.459417 -1.717651
 -1.875951 -1.217172 -1.203283 -1.384226
 -1.441103 -1.347074 -1.261131 -1.514128
 -1.381536 -1.251175 -1.568934 -1.368957
 -1.163500 -1.244940 -1.588712 -1.632387
 -2.131348 -1.112325 -1.430039 -1.160819
 -1.495778 -1.364316 -1.173576 -1.555370
 -1.342492 -1.219011 -1.587297 -1.432104
 -1.366166 -1.067673 -1.539829 -1.678298
 -1.967377 -1.058711 -1.312945 -1.409572
 -1.478102 -1.469591 -1.243064 -1.372741
 -1.248593 -1.476603 -1.411684 -1.423178
 -1.219240 -1.305714 -1.393312 -1.685700
 -2.035583 -1.209838 -1.216395 -1.291516
 -1.428310 -1.356336 -1.406169 -1.356336
 -1.349685 -1.336697 -1.600999 -1.286372
 -1.204513 -1.277375 -1.549672 -1.565057
 -1.940470 -1.162424 -1.419569 -1.197931
 -1.444200 -1.406460 -1.287854 -1.413895
 -1.284361 -1.229703 -1.546164 -1.524502
 -1.348554 -1.135835 -1.401799 -1.754019
 -1.957606 -1.072381 -1.288270 -1.423524
 -1.363822 -1.498412 -1.258461 -1.440782
 -1.247032 -1.369200 -1.386294 -1.568616
 -1.250193 -1.192038 -1.398374 -1.814310
 -1.710659 -1.114454 -1.327173 -1.487516
 -1.459626 -1.356441 -1.466898 -1.274892
 -1.335940 -1.330006 -1.647720 -1.272519
 -1.154893 -1.225768 -1.526720 -1.747957
 -1.609438 -1.203973 -1.588818 -1.217959
 -1.587716 -1.179500 -1.277561 -1.563225
 -1.416289 -1.224398 -1.538891 -1.390971
 -1.388341 -1.062464 -1.430188 -1.797913
 -1.710678 -1.105392 -1.320912 -1.508309
 -1.359002 -1.672660 -1.236104 -1.328697
 -1.263692 -1.386294 -1.370121 -1.544984
 -1.229675 -1.316149 -1.369141 -1.686745
 -1.684787 -1.410785 -1.131402 -1.394392
 -1.468008 -1.364824 -1.326357 -1.391315
 -1.275543 -1.413693 -1.591580 -1.295088
 -1.190030 -1.259023 -1.459083 -1.718097
 -1.801402 -1.186846 -1.372948 -1.285937
 -1.573506 -1.210966 -1.355417 -1.439974
 -1.453699 -1.176273 -1.538856 -1.413693
 -1.417518 -1.052668 -1.366598 -1.872706
 -1.817077 -1.044733 -1.445135 -1.386294
 -1.591274 -1.542484 -1.261970 -1.206012
 -1.439332 -1.596280 -1.444934 -1.125460
 -1.316822 -1.350955 -1.508584 -1.379126
 -1.885514 -1.148473 -1.286396 -1.367026
 -1.672660 -1.535189 -1.090739 -1.343735
 -1.906008 -1.206927 -1.431551 -1.160676
 -1.647971 -1.291297 -1.083267 -1.639082
 -1.168899 -1.506342 -1.440529 -1.466337
 -15.418931 -0.000001 -15.418931 -15.418931
 -15.581953 -0.000001 -15.581953 -15.581953
 -15.701065 -0.000001 -15.701065 -15.701065
 -15.564712 -0.000001 -15.564712 -15.564712
 -1.386294 -1.386294 -1.386294 -1.386294
 -16.957937 -0.767521 -1.247810 -1.391489
 -1.386294 -1.386294 -1.386294 -1.386294
 -1.386294 -1.386294 -1.386294 -1.386294
 -1.386294 -1.386294 -1.386294 -1.386294
 -16.190416 -16.190416 -16.190416 -0.000000
 -15.710128 -15.710128 -15.710128 -0.000000
 -15.566449 -15.566449 -15.566449 -0.000001
 -1.386294 -1.386294 -1.386294 -1.386294
 -1.386294 -1.386294 -1.386294 -1.386294
 -1.386294 -1.386294 -1.386294 -1.386294
 0.000000 -16.957937 -16.957937 -16.957937
 -16.957937 -16.957937 -0.000000 -16.957937
 -1.386294 -1.386294 -1.386294 -1.386294
 -1.386294 -1.386294 -1.386294 -1.386294
 -1.386294 -1.386294 -1.386294 -1.386294
 -1.386294 -1.386294 -1.386294 -1.386294
 -1.386294 -1.386294 -1.386294 -1.386294
 -1.222567 -1.157296 -1.536997 -1.736330
 -1.386294 -1.386294 -1.386294 -1.386294
 -1.475174 -1.343246 -1.113384 -1.704748
 -1.375365 -1.130716 -1.546876 -1.553348
 -1.483212 -1.193320 -1.519252 -1.382286
 -1.467972 -1.069625 -1.511457 -1.580450
 -1.362806 -1.550858 -1.235545 -1.421647
 -1.219240 -1.629525 -1.158616 -1.636797
 -1.177790 -1.290670 -1.329136 -1.882236
 -1.336234 -1.469765 -1.218451 -1.553535
