 -1.390802 0.000100 0.000100 0.000100
 -1.214523 0.000100 0.000100 0.000100
 -1.478909 0.000100 0.000100 0.000100
 -1.485510 0.000100 0.000100 0.000100
 -1.283347 -1.160745 -1.585627 -1.585627
 -1.262916 -1.574695 -1.599387 -1.177394
 -1.239691 -1.173733 -1.589893 -1.622682
 -1.972755 -1.303708 -1.146079 -1.303708
 -1.246793 -1.166751 -1.591633 -1.621486
 -1.391834 -1.614977 -1.797299 -0.950003
 -1.180291 -1.098613 -1.504077 -1.985913
 -1.710789 -1.528468 -1.240787 -1.160745
 -1.374598 -1.128466 -1.552279 -1.552279
 -1.252763 -1.945908 -1.638425 -0.975132
 -1.245937 -1.013316 -1.939082 -1.582409
 -1.615135 -1.278664 -1.076140 -1.704747
 -1.329136 -1.184555 -1.609437 -1.472237
 -1.291984 -1.738270 -1.707498 -0.999315
 -1.046989 -1.210618 -1.926235 -1.583292
 -1.732570 -1.544518 -1.074515 -1.315677
 -1.414950 -0.971458 -1.742162 -1.592630
 -1.488948 -1.880989 -1.880989 -0.756062
 -1.105533 -1.044909 -1.932209 -1.757857
 -1.460827 -1.209513 -1.286474 -1.643148
 -1.351609 -1.092748 -1.670062 -1.524880
 -1.412003 -2.025105 -1.849215 -0.761416
 -1.206601 -0.972987 -1.848453 -1.799663
 -1.597943 -1.687555 -0.849227 -1.687555
 -1.080594 -1.116962 -1.970449 -1.640209
 -1.835652 -1.874873 -1.874873 -0.627843
 -1.048913 -0.978709 -1.965201 -2.011721
 -1.252763 -1.802808 -1.093133 -1.540445
 -1.216396 -0.822907 -2.150702 -1.909541
 -1.627456 -2.128229 -1.828126 -0.646628
 -1.025051 -0.904907 -2.236136 -2.041981
 -1.380723 -1.473814 -1.109849 -1.661025
 -1.266672 -1.008843 -1.797299 -1.672136
 -1.619642 -1.727855 -2.105148 -0.688085
 -1.248673 -1.042822 -1.712977 -1.712977
 -1.404422 -1.507076 -1.023650 -1.750697
 -1.051545 -0.849309 -2.339395 -2.067463
 -1.587579 -1.701989 -2.153972 -0.698688
 -1.062508 -1.020835 -2.079439 -1.777159
 -1.302913 -1.577349 -1.120592 -1.631416
 -1.268512 -0.940008 -2.166451 -1.543923
 -1.563394 -1.641355 -1.614687 -0.921541
 -1.047320 -0.929537 -2.171245 -1.963607
 -1.243978 -1.398129 -1.446919 -1.472237
 -1.338285 -0.687699 -2.644531 -1.808288
 -1.361479 -1.827568 -1.997466 -0.804669
 -1.089803 -1.230881 -1.837014 -1.549333
 -1.713506 -1.340832 -1.158511 -1.409825
 -1.172721 -1.080913 -2.233589 -1.410392
 -1.319284 -1.396245 -1.842531 -1.118613
 -1.004928 -1.351203 -1.945907 -1.460402
 -1.531476 -1.436166 -1.370208 -1.231372
 -1.087974 -0.997003 -2.340734 -1.620190
 -1.261131 -1.185624 -1.860751 -1.364316
 -1.116471 -1.201028 -2.088327 -1.395183
 -1.647589 -1.188058 -1.493439 -1.279865
 -1.153572 -1.072226 -2.235373 -1.446919
 -1.211755 -1.563975 -1.419394 -1.381654
 -1.406097 -1.128466 -1.734599 -1.366876
 -2.321158 -1.181728 -1.222550 -1.201930
 -1.271225 -1.148623 -2.266650 -1.208046
 -1.098613 -1.568616 -1.673976 -1.306252
 -1.400893 -0.995429 -1.931519 -1.430746
 -2.320075 -0.948600 -1.439719 -1.282091
 -1.443818 -1.056053 -2.308812 -1.149579
 -1.455287 -1.029620 -1.709521 -1.475906
 -1.600703 -0.864999 -2.171245 -1.335001
 -2.495952 -1.014353 -1.252763 -1.312187
 -0.999673 -1.362578 -1.937940 -1.461018
 -1.440815 -1.390384 -1.390384 -1.326871
 -1.601069 -1.115563 -1.734600 -1.223776
 -2.696871 -1.174451 -1.104247 -1.230540
 -1.029620 -1.507655 -2.376688 -1.113002
 -1.620190 -1.517536 -1.593522 -0.968429
 -1.262242 -1.405342 -2.073169 -1.061572
 -1.979619 -1.534935 -1.071363 -1.191164
 -14.266589 -0.000002 -14.266589 -14.266589
 -14.220979 -0.000002 -14.220979 -14.220979
 -14.100693 -0.000002 -14.100693 -14.100693
 -14.635292 -0.000001 -14.635292 -14.635292
 -1.386294 -1.386294 -1.386294 -1.386294
 -0.981329 -1.526056 -1.959495 -1.321007
 -1.386294 -1.386294 -1.386294 -1.386294
 -1.386294 -1.386294 -1.386294 -1.386294
 -0.000001 -14.731803 -14.731803 -14.731803
 -0.000002 -14.187077 -14.187077 -14.187077
 -0.000003 -13.753639 -13.753639 -13.753639
 -0.000002 -14.392126 -14.392126 -14.392126
 -15.713131 -0.000001 -15.713131 -15.713131
 -1.386294 -1.386294 -1.386294 -1.386294
 -1.386294 -1.386294 -1.386294 -1.386294
 -1.386294 -1.386294 -1.386294 -1.386294
 -1.386294 -1.386294 -1.386294 -1.386294
 -0.000001 -15.713131 -15.713131 -15.713131
 -1.386294 -1.386294 -1.386294 -1.386294
 -1.386294 -1.386294 -1.386294 -1.386294
 -15.713131 -15.713131 -0.000000 -15.713131
 -1.386294 -1.386294 -1.386294 -1.386294
 -1.386294 -1.386294 -1.386294 -1.386294
 -1.386294 -1.386294 -1.386294 -1.386294
 -1.386294 -1.386294 -1.386294 -1.386294
 -1.386294 -1.386294 -1.386294 -1.386294
 -1.250517 -1.184670 -1.390802 -1.839351
 -1.386294 -1.386294 -1.386294 -1.386294
 -1.641355 -1.340250 -1.423632 -1.191831
 -1.426300 -1.366876 -1.604548 -1.190986
 -1.327798 -1.240787 -2.167546 -1.104655
 -1.667706 -0.856778 -1.527944 -1.773066
 -0.967585 -1.078810 -2.445681 -1.643339
 -1.083345 -1.401798 -1.662081 -1.488810
 -1.196251 -1.196251 -1.527607 -1.724317
 -1.766182 -1.135556 -1.292398 -1.456028
 -1.354924 0.000100 0.000100 0.000100
 -1.252460 0.000100 0.000100 0.000100
 -1.324129 0.000100 0.000100 0.000100
 -1.659691 0.000100 0.000100 0.000100
 -1.293048 -1.433522 -1.237632 -1.624405
 -1.384179 -1.340095 -1.472472 -1.353664
 -1.231386 -1.144374 -1.448057 -1.866509
 -1.997036 -0.930173 -1.406649 -1.492480
 -1.620989 -1.046663 -1.173541 -1.952494
 -1.507831 -1.053332 -1.459774 -1.621775
 -1.575267 -0.886034 -1.450563 -1.921947
 -2.306460 -0.845366 -1.285198 -1.637885
 -1.361734 -1.328536 -1.250064 -1.648010
 -1.164630 -1.428349 -1.372660 -1.635650
 -1.316169 -1.191684 -1.333611 -1.804201
 -2.020837 -1.022309 -1.213884 -1.557553
 -1.360977 -1.382417 -1.249273 -1.580339
 -1.415366 -1.242430 -1.530939 -1.377735
 -1.255384 -1.150811 -1.468084 -1.782083
 -1.953400 -1.008939 -1.358953 -1.441073
 -1.637730 -1.057216 -1.267666 -1.733474
 -1.469472 -1.070833 -1.429466 -1.672413
 -1.504487 -0.870237 -1.508184 -1.982642
 -2.503882 -0.825605 -1.242943 -1.651671
 -1.359796 -1.368199 -1.283300 -1.553056
 -1.199944 -1.371139 -1.364934 -1.662979
 -1.336265 -1.155446 -1.357510 -1.802073
 -1.987409 -1.034510 -1.209018 -1.565138
 -1.378402 -1.453478 -1.240556 -1.491479
 -1.426414 -1.339647 -1.353142 -1.429343
 -1.273720 -1.147289 -1.434180 -1.805427
 -1.992430 -1.071499 -1.338814 -1.350984
 -1.694883 -1.079824 -1.221365 -1.704317
 -1.556377 -1.013195 -1.485150 -1.611563
 -1.543792 -0.861534 -1.487637 -1.980423
 -2.367123 -0.812080 -1.315343 -1.640238
 -1.310583 -1.453683 -1.230540 -1.587215
 -1.162532 -1.416679 -1.414554 -1.600704
 -1.276294 -1.188325 -1.344671 -1.860638
 -1.971141 -0.969195 -1.290264 -1.579318
 -1.294234 -1.433719 -1.275029 -1.569983
 -1.314959 -1.350337 -1.410269 -1.477164
 -1.231814 -1.242424 -1.455617 -1.680412
 -2.027095 -0.988941 -1.294727 -1.503551
 -1.742162 -1.017267 -1.224906 -1.774952
 -1.496975 -1.058104 -1.423322 -1.670419
 -1.696521 -0.808965 -1.460584 -1.971409
 -2.317043 -0.869553 -1.238039 -1.648467
 -1.309718 -1.451833 -1.335693 -1.456771
 -1.062650 -1.373484 -1.489995 -1.738045
 -1.262037 -1.110996 -1.466337 -1.851999
 -1.880052 -1.077706 -1.198511 -1.582801
 -1.287230 -1.512314 -1.212569 -1.579228
 -1.281501 -1.383466 -1.415032 -1.475110
 -1.142097 -1.244613 -1.445284 -1.850749
 -1.951348 -1.027453 -1.375507 -1.397200
 -1.656691 -1.017387 -1.270222 -1.790222
 -1.544667 -1.034539 -1.411136 -1.674720
 -1.691564 -0.806257 -1.499405 -1.924288
 -2.334083 -0.797217 -1.333452 -1.666254
 -1.310057 -1.446632 -1.284845 -1.522618
 -1.081629 -1.462148 -1.355050 -1.764428
 -1.293968 -1.150284 -1.482724 -1.702353
 -1.975727 -1.049319 -1.151701 -1.634424
 -1.205679 -1.518053 -1.186355 -1.737039
 -1.365180 -1.406362 -1.449313 -1.328400
 -1.151277 -1.170837 -1.525750 -1.856604
 -1.908731 -1.105127 -1.315283 -1.377674
 -1.741768 -0.937165 -1.451905 -1.614808
 -1.460402 -0.994816 -1.533525 -1.702147
 -1.469231 -0.818048 -1.669521 -1.964201
 -2.339880 -0.734451 -1.451990 -1.661847
 -1.297142 -1.530137 -1.320952 -1.413455
 -1.074238 -1.498289 -1.362865 -1.720351
 -1.453434 -1.162780 -1.262551 -1.767927
 -1.951608 -1.027349 -1.166794 -1.667934
 -1.424380 -1.718292 -1.065533 -1.446359
 -1.543997 -1.576550 -1.341710 -1.144481
 -1.267611 -1.321388 -1.381149 -1.607229
 -1.580299 -1.319910 -1.397978 -1.273569
 -16.283611 -0.000000 -16.283611 -16.283611
 -16.237656 -0.000000 -16.237656 -16.237656
 -16.440180 -0.000000 -16.440180 -16.440180
 -16.357901 -0.000000 -16.357901 -16.357901
 -1.386294 -1.386294 -1.386294 -1.386294
 -1.148018 -1.625295 -1.129126 -1.816674
 -1.386294 -1.386294 -1.386294 -1.386294
 -1.386294 -1.386294 -1.386294 -1.386294
 -0.000000 -16.571081 -16.571081 -16.571081
 -0.000000 -16.093803 -16.093803 -16.093803
 -0.000000 -16.589973 -16.589973 -16.589973
 -0.000000 -15.902425 -15.902425 -15.902425
 -17.719097 0.000000 -17.719097 -17.719097
 -1.386294 -1.386294 -1.386294 -1.386294
 -1.386294 -1.386294 -1.386294 -1.386294
 -1.386294 -1.386294 -1.386294 -1.386294
 -1.386294 -1.386294 -1.386294 -1.386294
 0.000000 -17.719097 -17.719097 -17.719097
 -1.386294 -1.386294 -1.386294 -1.386294
 -1.386294 -1.386294 -1.386294 -1.386294
 -17.719097 -17.719097 0.000000 -17.719097
 -1.386294 -1.386294 -1.386294 -1.386294
 -1.386294 -1.386294 -1.386294 -1.386294
 -1.386294 -1.386294 -1.386294 -1.386294
 -1.386294 -1.386294 -1.386294 -1.386294
 -1.386294 -1.386294 -1.386294 -1.386294
 -1.662878 -0.670809 -1.656515 -2.222759
 -1.386294 -1.386294 -1.386294 -1.386294
 -1.489294 -1.122295 -1.189888 -1.933225
 -1.165916 -1.348744 -1.417954 -1.678854
 -1.239115 -1.068418 -1.543975 -1.875509
 -1.820089 -0.906101 -1.395649 -1.680828
 -1.290517 -1.637714 -1.142097 -1.554483
 -1.291346 -1.431108 -1.398319 -1.431108
 -1.157821 -1.281096 -1.415044 -1.800706
 -1.954140 -1.155220 -1.307513 -1.298893
