 -1.396089 0.000100 0.000100 0.000100
 -1.305802 0.000100 0.000100 0.000100
 -1.342436 0.000100 0.000100 0.000100
 -1.512888 0.000100 0.000100 0.000100
 -1.288839 -1.378451 -1.476891 -1.410200
 -1.220902 -1.638636 -1.676376 -1.127812
 -1.314321 -1.160171 -1.401332 -1.762344
 -1.591893 -1.431551 -1.013817 -1.636344
 -1.294357 -1.408767 -1.504077 -1.349927
 -1.484734 -1.519825 -1.556193 -1.067842
 -1.276294 -1.122144 -1.458615 -1.815288
 -1.800057 -1.463586 -1.034591 -1.394593
 -1.471816 -1.042822 -1.585145 -1.545924
 -1.319849 -1.474000 -1.697142 -1.137528
 -1.256617 -1.060873 -1.609437 -1.776491
 -1.689480 -1.401798 -1.038894 -1.535329
 -1.354546 -1.264934 -1.875841 -1.182696
 -1.160488 -1.832580 -1.832580 -1.003303
 -1.269430 -1.106912 -1.576914 -1.704747
 -1.726161 -1.592630 -1.107124 -1.244325
 -1.314321 -1.208961 -1.565635 -1.496642
 -1.346449 -1.767660 -1.921810 -0.860942
 -1.207094 -1.146469 -2.033768 -1.376992
 -1.569959 -1.745849 -0.996614 -1.393028
 -1.211636 -1.409461 -1.656321 -1.319849
 -1.704747 -1.428495 -1.660295 -0.945644
 -1.218572 -1.279197 -1.526056 -1.566878
 -1.294727 -1.582409 -1.091787 -1.687769
 -1.241714 -0.954032 -2.266213 -1.504077
 -1.444888 -1.816450 -1.676689 -0.880360
 -1.166435 -1.307514 -1.712977 -1.436725
 -1.558144 -1.754854 -0.998530 -1.393842
 -1.314321 -0.985818 -1.806796 -1.639742
 -1.593933 -1.807506 -1.716535 -0.791589
 -1.185624 -0.944463 -2.117178 -1.686398
 -1.595548 -1.630639 -1.112698 -1.299283
 -1.354546 -0.928462 -2.422380 -1.354546
 -1.904236 -2.383806 -1.904236 -0.494414
 -1.070442 -0.990400 -2.256060 -1.709520
 -1.201645 -1.784789 -1.134204 -1.561647
 -1.169230 -0.990983 -2.484900 -1.448815
 -1.692818 -2.055722 -1.995098 -0.594209
 -0.933290 -1.121342 -2.003726 -1.923684
 -1.429114 -1.684006 -1.040457 -1.507076
 -1.323556 -0.874032 -2.631882 -1.408113
 -1.609437 -1.883873 -2.189252 -0.623623
 -0.906242 -1.193923 -1.956059 -1.887067
 -1.297063 -1.678430 -1.139435 -1.514127
 -1.351927 -0.788459 -2.397890 -1.630639
 -1.321756 -2.266213 -1.814231 -0.762141
 -0.647687 -1.318853 -2.508427 -2.056448
 -1.448598 -1.477586 -1.340385 -1.290375
 -1.223776 -0.936094 -3.084516 -1.316866
 -1.301737 -1.580450 -1.693778 -1.084014
 -0.928715 -1.216396 -2.197218 -1.621859
 -1.379326 -1.528857 -1.407497 -1.249273
 -1.455287 -0.933099 -2.708043 -1.181994
 -1.466337 -1.273965 -1.704747 -1.178656
 -1.152681 -1.497519 -1.932834 -1.152681
 -2.136597 -1.280934 -1.332227 -1.077994
 -1.257361 -0.884687 -2.293447 -1.600305
 -1.265667 -1.553348 -1.682559 -1.137833
 -1.110448 -1.670061 -1.446919 -1.398129
 -2.149308 -1.332550 -1.287088 -1.068399
 -1.220503 -1.166435 -1.808287 -1.471816
 -1.485993 -1.587776 -1.661883 -0.968738
 -1.321756 -1.562917 -1.358124 -1.321756
 -2.606045 -1.014963 -1.393028 -1.153799
 -1.296144 -1.331235 -2.178528 -1.052522
 -1.623622 -1.266948 -1.344909 -1.344909
 -1.442384 -1.234745 -1.442384 -1.442384
 -2.335371 -1.092182 -1.405839 -1.131403
 -1.326871 -1.217672 -2.187067 -1.119233
 -1.558144 -1.053589 -1.845825 -1.262681
 -1.731654 -1.116471 -1.591893 -1.230881
 -2.302581 -0.950193 -1.455287 -1.272966
 -0.725939 -1.588160 -2.586679 -1.441557
 -1.205858 -1.710413 -1.742162 -1.065277
 -1.397105 -1.313724 -1.642226 -1.236763
 -1.875139 -1.249436 -1.399717 -1.160488
 -14.180157 -14.180157 -14.180157 -0.000002
 -13.989468 -13.989468 -13.989468 -0.000003
 -13.742944 -13.742944 -13.742944 -0.000003
 -14.266589 -14.266589 -14.266589 -0.000002
 -1.386294 -1.386294 -1.386294 -1.386294
 -1.386294 -1.386294 -1.386294 -1.386294
 -1.386294 -1.386294 -1.386294 -1.386294
 -2.050620 -0.897942 -1.380463 -1.548928
 -0.000005 -13.400002 -13.400002 -13.400002
 -0.000002 -14.552676 -14.552676 -14.552676
 -0.000003 -14.070156 -14.070156 -14.070156
 -0.000003 -13.901692 -13.901692 -13.901692
 -15.450617 -0.000001 -15.450617 -15.450617
 -1.386294 -1.386294 -1.386294 -1.386294
 -1.386294 -1.386294 -1.386294 -1.386294
 -1.386294 -1.386294 -1.386294 -1.386294
 -1.386294 -1.386294 -1.386294 -1.386294
 -0.000001 -15.450617 -15.450617 -15.450617
 -1.386294 -1.386294 -1.386294 -1.386294
 -1.386294 -1.386294 -1.386294 -1.386294
 -15.450617 -15.450617 -0.000001 -15.450617
 -1.386294 -1.386294 -1.386294 -1.386294
 -1.386294 -1.386294 -1.386294 -1.386294
 -1.386294 -1.386294 -1.386294 -1.386294
 -1.386294 -1.386294 -1.386294 -1.386294
 -1.386294 -1.386294 -1.386294 -1.386294
 -1.284449 -1.512888 -1.134331 -1.707676
 -1.386294 -1.386294 -1.386294 -1.386294
 -1.554629 -1.105680 -1.588531 -1.372308
 -1.469291 -1.326191 -1.731654 -1.116471
 -1.277304 -1.116962 -1.847848 -1.442384
 -2.335368 -0.949082 -1.441557 -1.274503
 -1.154183 -1.377326 -2.001477 -1.213023
 -1.267846 -1.205971 -1.380324 -1.785788
 -1.355835 -1.078205 -1.355835 -1.935651
 -2.362299 -1.077107 -1.343735 -1.189585
 -1.495797 0.000100 0.000100 0.000100
 -1.228337 0.000100 0.000100 0.000100
 -1.322303 0.000100 0.000100 0.000100
 -1.529564 0.000100 0.000100 0.000100
 -1.394138 -1.318344 -1.347975 -1.493392
 -1.182774 -1.501838 -1.381820 -1.515351
 -1.159545 -1.258527 -1.330414 -1.981001
 -1.860752 -1.039772 -1.360371 -1.450967
 -1.427116 -1.226446 -1.373049 -1.544899
 -1.389454 -1.298757 -1.434769 -1.428168
 -1.284676 -1.266438 -1.322180 -1.743697
 -2.024690 -0.999767 -1.417066 -1.356441
 -1.421114 -1.288568 -1.323659 -1.529103
 -1.309063 -1.163443 -1.525472 -1.609438
 -1.273965 -1.156182 -1.400379 -1.838279
 -1.928140 -1.124850 -1.106612 -1.613430
 -1.244540 -1.472472 -1.380805 -1.464504
 -1.286075 -1.516981 -1.406439 -1.349927
 -1.214091 -1.225455 -1.578056 -1.594450
 -1.996964 -1.009906 -1.363922 -1.409179
 -1.289131 -1.339774 -1.456746 -1.471452
 -1.384670 -1.279959 -1.410987 -1.479980
 -1.344959 -1.130302 -1.410437 -1.757491
 -1.995538 -1.018140 -1.358745 -1.403196
 -1.763902 -1.318935 -1.065276 -1.529830
 -1.444045 -1.230706 -1.408113 -1.481317
 -1.340752 -1.224493 -1.411704 -1.605860
 -2.324785 -0.990860 -1.318766 -1.333804
 -1.373049 -1.445808 -1.265061 -1.474519
 -1.177936 -1.444045 -1.513474 -1.444045
 -1.304648 -1.219611 -1.371951 -1.716047
 -1.971376 -1.179139 -1.148177 -1.444022
 -1.446041 -1.237935 -1.326601 -1.564757
 -1.343191 -1.236581 -1.513090 -1.476722
 -1.325084 -1.235471 -1.409825 -1.612766
 -1.939939 -1.104618 -1.239872 -1.445921
 -1.529103 -1.352646 -1.190127 -1.511711
 -1.428091 -1.185624 -1.398059 -1.572131
 -1.166617 -1.194788 -1.476772 -1.848714
 -2.081455 -0.940732 -1.197955 -1.697730
 -1.298002 -1.348554 -1.333848 -1.590389
 -1.177256 -1.446919 -1.440984 -1.514637
 -1.126830 -1.352502 -1.404462 -1.761136
 -1.912387 -1.152301 -1.174120 -1.481604
 -1.331806 -1.296088 -1.413871 -1.517771
 -1.243638 -1.243638 -1.552742 -1.552742
 -1.340082 -1.131233 -1.406773 -1.768386
 -2.005333 -1.118031 -1.243194 -1.386294
 -1.611238 -1.220902 -1.150285 -1.666808
 -1.140161 -1.286765 -1.550182 -1.650987
 -1.481962 -1.111214 -1.257245 -1.837513
 -1.873878 -1.036281 -1.222117 -1.624067
 -1.401446 -1.401446 -1.146745 -1.661523
 -1.226318 -1.327414 -1.463989 -1.559909
 -1.141242 -1.328601 -1.378301 -1.809573
 -1.883749 -1.072820 -1.333103 -1.417660
 -1.423524 -1.282264 -1.403045 -1.444430
 -1.392684 -1.289249 -1.244043 -1.671855
 -1.342349 -1.167486 -1.428782 -1.671207
 -2.166852 -1.148284 -1.120885 -1.417617
 -1.455287 -1.422226 -1.271566 -1.406097
 -1.215464 -1.288413 -1.421173 -1.680455
 -1.337581 -1.216395 -1.307367 -1.767892
 -2.021133 -1.032522 -1.289668 -1.443818
 -1.395511 -1.448756 -1.303573 -1.402946
 -1.204977 -1.448426 -1.386294 -1.535437
 -1.149385 -1.276981 -1.611089 -1.586598
 -1.686824 -1.232752 -1.262384 -1.425345
 -1.491111 -1.166092 -1.476722 -1.448552
 -1.528092 -1.232628 -1.336697 -1.474848
 -1.513808 -1.111013 -1.379277 -1.614733
 -2.164685 -1.100560 -1.192367 -1.390193
 -1.534536 -1.381860 -1.226446 -1.427116
 -1.312781 -1.292372 -1.537214 -1.421584
 -1.481604 -1.171944 -1.376244 -1.558565
 -1.910023 -0.980829 -1.197583 -1.742969
 -1.520110 -1.250777 -1.585861 -1.236984
 -1.111742 -1.449095 -1.700409 -1.371906
 -1.403273 -0.837803 -1.742488 -1.920971
 -1.816150 -1.104655 -1.585627 -1.199965
 -15.545396 -15.545396 -15.545396 -0.000001
 -15.800642 -15.800642 -15.800642 -0.000000
 -15.285687 -15.285687 -15.285687 -0.000001
 -15.534700 -15.534700 -15.534700 -0.000001
 -1.386294 -1.386294 -1.386294 -1.386294
 -1.386294 -1.386294 -1.386294 -1.386294
 -1.386294 -1.386294 -1.386294 -1.386294
 -1.919991 -0.921776 -1.177343 -1.914038
 -0.000001 -15.024472 -15.024472 -15.024472
 -0.000000 -16.022686 -16.022686 -16.022686
 -0.000001 -15.767119 -15.767119 -15.767119
 -0.000001 -15.030424 -15.030424 -15.030424
 -16.944462 0.000000 -16.944462 -16.944462
 -1.386294 -1.386294 -1.386294 -1.386294
 -1.386294 -1.386294 -1.386294 -1.386294
 -1.386294 -1.386294 -1.386294 -1.386294
 -1.386294 -1.386294 -1.386294 -1.386294
 0.000000 -16.944462 -16.944462 -16.944462
 -1.386294 -1.386294 -1.386294 -1.386294
 -1.386294 -1.386294 -1.386294 -1.386294
 -16.944462 -16.944462 -0.000000 -16.944462
 -1.386294 -1.386294 -1.386294 -1.386294
 -1.386294 -1.386294 -1.386294 -1.386294
 -1.386294 -1.386294 -1.386294 -1.386294
 -1.386294 -1.386294 -1.386294 -1.386294
 -1.386294 -1.386294 -1.386294 -1.386294
 -1.304402 -0.995969 -1.620439 -1.823325
 -1.386294 -1.386294 -1.386294 -1.386294
 -1.480960 -1.151605 -1.242334 -1.785328
 -1.216692 -1.274321 -1.644402 -1.465153
 -1.395183 -0.966188 -1.625045 -1.744234
 -2.039594 -0.940984 -1.422160 -1.433460
 -1.483421 -1.475453 -1.274782 -1.328128
 -1.214726 -1.469908 -1.344403 -1.548499
 -1.290984 -1.147883 -1.409642 -1.811177
 -1.826697 -1.416798 -1.153753 -1.268988
