 -1.251458 0.000100 0.000100 0.000100
 -1.398782 0.000100 0.000100 0.000100
 -1.543716 0.000100 0.000100 0.000100
 -1.372671 0.000100 0.000100 0.000100
 -1.184379 -1.477049 -1.286428 -1.663378
 -1.147403 -1.578185 -1.578185 -1.309921
 -1.027787 -1.184790 -1.838716 -1.729517
 -2.110857 -1.140724 -1.288177 -1.260525
 -1.005044 -1.481604 -1.440361 -1.772801
 -0.890507 -1.652646 -1.474663 -1.776944
 -0.817938 -1.391896 -1.486084 -2.479333
 -1.841116 -1.104294 -1.323173 -1.412121
 -0.968376 -1.822296 -1.540445 -1.409109
 -0.917615 -1.715386 -1.891842 -1.309921
 -0.666192 -1.639953 -1.990609 -1.859581
 -1.780063 -1.264598 -1.223776 -1.366876
 -2.013192 -1.987874 -0.656169 -1.557717
 -1.519345 -1.704748 -1.161133 -1.251081
 -1.320912 -1.929158 -0.627765 -2.917766
 -3.096703 -2.205734 -0.453197 -1.565232
 -14.682612 -14.682612 -0.000001 -14.682612
 -14.585621 -14.585621 -0.000001 -14.585621
 -15.868352 -15.868352 -0.000000 -15.868352
 -14.907435 -14.907435 -0.000001 -14.907435
 -1.386294 -1.386294 -1.386294 -1.386294
 -1.386294 -1.386294 -1.386294 -1.386294
 -16.544018 -16.544018 -16.544018 -0.000000
 -1.386294 -1.386294 -1.386294 -1.386294
 -1.386294 -1.386294 -1.386294 -1.386294
 -1.386294 -1.386294 -1.386294 -1.386294
 -1.386294 -1.386294 -1.386294 -1.386294
 -16.544018 -16.544018 -0.000000 -16.544018
 -1.386294 -1.386294 -1.386294 -1.386294
 -1.386294 -1.386294 -1.386294 -1.386294
 -0.302819 -1.731558 -3.174792 -3.159288
 -1.386294 -1.386294 -1.386294 -1.386294
 -16.241198 -16.241198 -0.000000 -16.241198
 -14.812461 -14.812461 -0.000001 -14.812461
 -13.369229 -13.369229 -0.000005 -13.369229
 -13.384734 -13.384734 -0.000005 -13.384734
 -1.386294 -1.386294 -1.386294 -1.386294
 -1.386294 -1.386294 -1.386294 -1.386294
 -16.544018 -16.544018 -16.544018 -0.000000
 -1.386294 -1.386294 -1.386294 -1.386294
 -1.386294 -1.386294 -1.386294 -1.386294
 -1.386294 -1.386294 -1.386294 -1.386294
 -1.386294 -1.386294 -1.386294 -1.386294
 -1.735254 -1.377839 -1.552933 -1.021942
 -1.934859 -1.335742 -1.378914 -1.076634
 -1.861492 -1.444978 -1.721730 -0.843850
 -1.349927 -1.146015 -1.848917 -1.326396
 -2.574064 -1.757858 -1.193741 -0.802347
 -1.125641 -1.034074 -2.931187 -1.321756
 -1.364316 -1.251375 -2.518806 -0.973450
 -1.256997 -1.092995 -1.811674 -1.528312
 -2.238680 -1.103702 -1.577795 -1.034709
 -1.519391 -1.365241 -1.439349 -1.242181
 -1.615480 -1.116850 -1.893111 -1.129196
 -1.223776 -0.932255 -1.842814 -1.871801
 -2.267992 -1.351703 -1.375996 -0.954270
 -1.561647 -1.261543 -1.512857 -1.249273
 -1.596450 -1.079194 -1.838590 -1.209069
 -1.225713 -1.009185 -1.929909 -1.625698
 -1.991030 -1.313388 -1.313388 -1.121993
 -1.503600 0.000100 0.000100 0.000100
 -1.447277 0.000100 0.000100 0.000100
 -1.262592 0.000100 0.000100 0.000100
 -1.348837 0.000100 0.000100 0.000100
 -1.425687 -1.549066 -1.075282 -1.579837
 -1.413017 -1.537070 -1.196563 -1.429825
 -1.303790 -1.310021 -1.310021 -1.666695
 -2.008489 -1.644989 -0.839364 -1.423752
 -1.600891 -1.407987 -1.069012 -1.559218
 -1.452252 -1.407801 -1.332451 -1.356942
 -1.592512 -1.384873 -1.431393 -1.180079
 -2.099331 -1.353999 -1.114048 -1.234334
 -1.681448 -1.488077 -1.178655 -1.271549
 -1.346927 -1.541082 -1.229144 -1.455560
 -1.356832 -1.218474 -1.306507 -1.736818
 -2.491972 -1.678682 -0.689633 -1.474587
 -1.187166 -1.459099 -1.849060 -1.187166
 -1.320730 -1.336234 -1.733916 -1.225420
 -1.302968 -1.582225 -1.841239 -1.010223
 -2.393656 -1.279661 -1.157646 -1.150912
 -15.416917 -15.416917 -0.000001 -15.416917
 -15.432918 -15.432918 -0.000001 -15.432918
 -15.236207 -15.236207 -0.000001 -15.236207
 -15.735371 -15.735371 -0.000000 -15.735371
 -1.386294 -1.386294 -1.386294 -1.386294
 -1.386294 -1.386294 -1.386294 -1.386294
 -16.858126 -16.858126 -16.858126 -0.000000
 -1.386294 -1.386294 -1.386294 -1.386294
 -1.386294 -1.386294 -1.386294 -1.386294
 -1.386294 -1.386294 -1.386294 -1.386294
 -1.386294 -1.386294 -1.386294 -1.386294
 -16.858126 -16.858126 -0.000000 -16.858126
 -1.386294 -1.386294 -1.386294 -1.386294
 -1.386294 -1.386294 -1.386294 -1.386294
 -1.984825 -1.409461 -1.325221 -1.042488
 -1.386294 -1.386294 -1.386294 -1.386294
 -14.873302 -14.873302 -0.000001 -14.873302
 -15.448666 -15.448666 -0.000001 -15.448666
 -15.532907 -15.532907 -0.000001 -15.532907
 -15.815639 -15.815639 -0.000000 -15.815639
 -1.386294 -1.386294 -1.386294 -1.386294
 -1.386294 -1.386294 -1.386294 -1.386294
 -16.858126 -16.858126 -16.858126 -0.000000
 -1.386294 -1.386294 -1.386294 -1.386294
 -1.386294 -1.386294 -1.386294 -1.386294
 -1.386294 -1.386294 -1.386294 -1.386294
 -1.386294 -1.386294 -1.386294 -1.386294
 -1.998812 -1.433178 -0.893182 -1.529689
 -1.717148 -1.414868 -1.798826 -0.886801
 -1.514128 -1.807889 -1.055553 -1.316768
 -1.567218 -1.589818 -1.497109 -1.011601
 -2.591735 -1.522977 -0.930712 -1.162270
 -1.380961 -1.446919 -1.380961 -1.339288
 -1.407698 -1.417360 -1.446919 -1.281405
 -1.236012 -1.478232 -1.406773 -1.441864
 -1.913806 -1.464447 -0.844465 -1.652923
 -1.706860 -1.373716 -1.157261 -1.382084
 -1.547971 -1.404871 -1.396572 -1.222549
 -1.620401 -1.487854 -1.408342 -1.103296
 -2.102099 -1.477945 -0.933754 -1.360162
 -1.550218 -1.501428 -1.178655 -1.357534
 -1.295935 -1.686801 -1.145995 -1.499060
 -1.214784 -1.335969 -1.419084 -1.617535
 -2.018230 -1.638083 -0.798139 -1.502418
