 -1.262627 0.000100 0.000100 0.000100
 -1.361208 0.000100 0.000100 0.000100
 -1.501195 0.000100 0.000100 0.000100
 -1.436009 0.000100 0.000100 0.000100
 -1.119232 -1.311604 -1.458207 -1.763588
 -0.902868 -1.342234 -1.510857 -2.183799
 -1.088303 -1.151817 -1.651772 -1.861492
 -2.069778 -1.023812 -1.168993 -1.590206
 -0.920130 -1.453646 -1.405637 -2.098783
 -0.651554 -1.893265 -1.685626 -1.945909
 -0.913879 -1.420696 -1.381475 -2.241674
 -2.101258 -0.807341 -1.323556 -1.798978
 -0.584254 -2.242480 -2.137119 -1.521935
 -0.731614 -1.860078 -1.801237 -1.618916
 -0.541132 -1.692386 -2.258780 -2.045207
 -1.645155 -1.335001 -1.478101 -1.152680
 -2.480264 -2.928288 -0.286134 -2.192583
 -1.580450 -1.734600 -0.980830 -1.416147
 -1.277661 -1.471816 -0.852779 -2.724570
 -2.984550 -1.923685 -0.454397 -1.780585
 -13.883173 -13.883173 -0.000003 -13.883173
 -13.825465 -13.825465 -0.000003 -13.825465
 -15.500057 -15.500057 -0.000001 -15.500057
 -13.989468 -13.989468 -0.000003 -13.989468
 -1.386294 -1.386294 -1.386294 -1.386294
 -1.386294 -1.386294 -1.386294 -1.386294
 -15.974226 -15.974226 -15.974226 -0.000000
 -1.386294 -1.386294 -1.386294 -1.386294
 -1.386294 -1.386294 -1.386294 -1.386294
 -1.386294 -1.386294 -1.386294 -1.386294
 -1.386294 -1.386294 -1.386294 -1.386294
 -15.974226 -1.959864 -0.347153 -1.881083
 -1.386294 -1.386294 -1.386294 -1.386294
 -0.743580 -1.585145 -2.095968 -1.625966
 -0.253418 -2.085998 -2.727851 -3.372206
 -1.791758 -1.169230 -1.747306 -1.054161
 -15.529309 -15.529309 -0.000001 -15.529309
 -14.166170 -14.166170 -0.000002 -14.166170
 -13.567055 -13.567055 -0.000004 -13.567055
 -13.721204 -13.721204 -0.000003 -13.721204
 -1.386294 -1.386294 -1.386294 -1.386294
 -1.386294 -1.386294 -1.386294 -1.386294
 -1.169174 -0.654638 -1.773452 -15.974226
 -1.386294 -1.386294 -1.386294 -1.386294
 -1.435828 -1.375204 -1.318045 -1.420324
 -0.991254 -1.427116 -1.998373 -1.373049
 -1.098613 -1.276861 -1.379515 -1.994698
 -1.386294 -1.386294 -1.386294 -1.386294
 -1.574346 -1.574346 -1.304056 -1.157453
 -1.269024 -1.595707 -1.716335 -1.089438
 -1.058262 -1.075356 -1.639290 -2.140064
 -1.859316 -1.629743 -1.381282 -0.923858
 -1.492186 -1.450514 -1.391091 -1.231461
 -1.443157 -1.182431 -1.682386 -1.304321
 -1.280934 -0.997808 -1.761906 -1.704747
 -2.005332 -0.906722 -1.689480 -1.284016
 -1.453735 -1.025282 -1.604017 -1.577349
 -1.711716 -0.935573 -1.673976 -1.428854
 -1.047320 -1.116312 -1.645155 -2.050619
 -2.362646 -1.025146 -1.280038 -1.312827
 -1.278664 -1.341843 -1.219241 -1.803187
 -1.408767 -1.025185 -1.801328 -1.462113
 -1.218414 -1.006240 -1.699385 -1.858450
 -2.063691 -0.951288 -1.391599 -1.435084
 -1.382515 0.000100 0.000100 0.000100
 -1.374069 0.000100 0.000100 0.000100
 -1.256395 0.000100 0.000100 0.000100
 -1.554476 0.000100 0.000100 0.000100
 -1.458250 -1.281526 -1.210569 -1.651740
 -1.532846 -1.141674 -1.392376 -1.531036
 -1.280395 -1.101311 -1.447876 -1.867119
 -2.227908 -0.952121 -1.202568 -1.580350
 -1.685869 -1.278955 -0.992412 -1.797534
 -1.426094 -1.226887 -1.270728 -1.682422
 -1.508704 -1.120640 -1.269661 -1.761391
 -2.349427 -0.991459 -1.077388 -1.644766
 -1.394163 -1.463265 -1.298020 -1.396715
 -1.303131 -1.449902 -1.410979 -1.387005
 -1.399814 -1.155504 -1.387010 -1.667929
 -1.952841 -1.177481 -1.198325 -1.392808
 -1.309225 -1.320158 -1.523668 -1.406634
 -1.495025 -1.177973 -1.618298 -1.310745
 -1.164040 -1.147823 -1.692581 -1.679823
 -2.930656 -1.014861 -1.192740 -1.270126
 -18.297382 -18.297382 0.000000 -18.297382
 -18.656464 -18.656464 0.000000 -18.656464
 -18.318094 -18.318094 0.000000 -18.318094
 -18.408913 -18.408913 0.000000 -18.408913
 -1.386294 -1.386294 -1.386294 -1.386294
 -1.386294 -1.386294 -1.386294 -1.386294
 -19.817099 -19.817099 -19.817099 0.000000
 -1.386294 -1.386294 -1.386294 -1.386294
 -1.386294 -1.386294 -1.386294 -1.386294
 -1.386294 -1.386294 -1.386294 -1.386294
 -1.386294 -1.386294 -1.386294 -1.386294
 -19.817099 -0.838003 -1.283268 -1.236853
 -1.386294 -1.386294 -1.386294 -1.386294
 -1.622046 -1.372826 -1.278112 -1.307286
 -1.453325 -1.259798 -1.182301 -1.737702
 -2.971310 -1.367545 -1.220303 -0.919065
 -18.015865 -18.015865 0.000000 -18.015865
 -18.478384 -18.478384 0.000000 -18.478384
 -18.583139 -18.583139 0.000000 -18.583139
 -18.549778 -18.549778 0.000000 -18.549778
 -1.386294 -1.386294 -1.386294 -1.386294
 -1.386294 -1.386294 -1.386294 -1.386294
 -1.173354 -0.887614 -1.276415 -19.817099
 -1.386294 -1.386294 -1.386294 -1.386294
 -1.631195 -1.322676 -1.108825 -1.570522
 -1.431867 -1.282944 -1.263826 -1.602727
 -1.405909 -1.030560 -1.433419 -1.835357
 -1.386294 -1.386294 -1.386294 -1.386294
 -1.267242 -1.616870 -1.249230 -1.456081
 -1.302940 -1.536830 -1.238036 -1.499449
 -1.190714 -1.314982 -1.347201 -1.786475
 -1.770432 -1.342230 -1.139047 -1.392899
 -1.434353 -1.320912 -1.233754 -1.591396
 -1.429151 -1.241212 -1.452243 -1.437970
 -1.258568 -1.139974 -1.430361 -1.852211
 -2.091633 -1.000212 -1.262796 -1.487879
 -1.610528 -1.302595 -1.061490 -1.701266
 -1.434380 -1.355838 -1.203065 -1.590943
 -1.401674 -1.113030 -1.288566 -1.899873
 -2.341245 -1.092655 -1.065040 -1.497212
 -1.401669 -1.530607 -1.216212 -1.422712
 -1.355825 -1.505000 -1.291571 -1.404827
 -1.311205 -1.291178 -1.300996 -1.696643
 -1.975707 -1.298759 -1.076961 -1.394982
