 -1.285198 0.000100 0.000100 0.000100
 -1.332451 0.000100 0.000100 0.000100
 -1.416534 0.000100 0.000100 0.000100
 -1.527760 0.000100 0.000100 0.000100
 -1.068308 -1.195462 -1.807263 -1.662081
 -1.114873 -1.333927 -1.967648 -1.313724
 -0.797859 -1.171372 -2.656751 -1.774367
 -1.663141 -1.118415 -1.698233 -1.201797
 -1.178655 -1.412270 -1.296438 -1.741748
 -1.117752 -1.257514 -1.567668 -1.714271
 -0.614678 -1.589234 -1.589234 -2.975514
 -1.450010 -0.944463 -1.561235 -1.791758
 -1.212631 -1.369200 -1.198242 -1.920376
 -0.867501 -1.469676 -1.832580 -1.660731
 -0.783532 -1.117305 -1.868719 -2.785004
 -1.713796 -0.859384 -1.451433 -1.819156
 -0.934678 -1.304696 -14.719730 -1.090548
 -1.352718 -1.431190 -14.533352 -0.688282
 -0.739980 -1.269238 -14.240781 -1.419520
 -1.966110 -1.139435 -13.815515 -0.616188
 -14.678402 -14.678402 -0.000001 -14.678402
 -14.462616 -14.462616 -0.000002 -14.462616
 -1.386294 -1.386294 -1.386294 -1.386294
 -14.834359 -14.834359 -0.000001 -14.834359
 -1.386294 -1.386294 -1.386294 -1.386294
 -1.386294 -1.386294 -1.386294 -1.386294
 -15.768538 -15.768538 -15.768538 -0.000000
 -1.386294 -1.386294 -1.386294 -1.386294
 -1.386294 -1.386294 -1.386294 -1.386294
 -1.386294 -1.386294 -1.386294 -1.386294
 -1.386294 -1.386294 -1.386294 -1.386294
 -0.000001 -15.768538 -15.768538 -15.768538
 -0.602361 -1.595353 -3.124208 -1.581464
 -1.386294 -1.386294 -1.386294 -1.386294
 -1.386294 -1.386294 -1.386294 -1.386294
 -1.386294 -1.386294 -1.386294 -1.386294
 -15.166179 -15.166179 -0.000001 -15.166179
 -14.173188 -14.173188 -0.000002 -14.173188
 -12.644341 -12.644341 -0.000010 -12.644341
 -14.187077 -14.187077 -0.000002 -14.187077
 -1.386294 -1.386294 -1.386294 -1.386294
 -1.386294 -1.386294 -1.386294 -1.386294
 -1.225479 -0.652836 -1.683000 -15.768538
 -1.386294 -1.386294 -1.386294 -1.386294
 -1.173836 -1.238374 -1.806357 -1.440898
 -1.372762 -1.204882 -1.935069 -1.195832
 -1.137528 -0.814756 -2.041981 -2.236136
 -1.386294 -1.386294 -1.386294 -1.386294
 -1.422104 -1.401484 -1.323013 -1.401484
 -1.351808 -1.459054 -1.668145 -1.138887
 -0.752572 -0.906723 -3.034937 -2.564941
 -1.826850 -1.267235 -1.308908 -1.247033
 -1.688575 -1.104062 -1.847639 -1.120592
 -1.456028 -1.073036 -1.736329 -1.391489
 -1.441864 -0.763107 -1.701374 -2.163996
 -2.101912 -1.018570 -1.637608 -1.132514
 -1.446919 -1.329136 -1.416147 -1.357307
 -1.330414 -0.989810 -1.900958 -1.539168
 -1.427116 -0.839331 -1.692818 -1.937940
 -1.951388 -0.778670 -1.743749 -1.495914
 -1.500897 -1.185045 -1.798148 -1.185045
 -1.817928 -0.848529 -2.018599 -1.284631
 -1.442990 -0.669801 -2.071595 -2.071595
 -2.302581 -0.791129 -1.678430 -1.347074
 -1.418115 0.000100 0.000100 0.000100
 -1.429730 0.000100 0.000100 0.000100
 -1.107037 0.000100 0.000100 0.000100
 -1.671742 0.000100 0.000100 0.000100
 -1.082575 -1.541729 -1.567231 -1.432778
 -1.274413 -1.343605 -1.597054 -1.358643
 -1.065331 -1.296279 -1.580531 -1.737425
 -1.673976 -1.182382 -1.321012 -1.430927
 -1.735227 -1.190925 -0.945803 -2.030026
 -1.658228 -1.073348 -1.314321 -1.614425
 -1.584013 -1.020222 -1.336891 -1.762159
 -2.330636 -0.961734 -1.095265 -1.681549
 -1.254975 -1.620549 -1.077835 -1.732761
 -1.118893 -1.478895 -1.274983 -1.795565
 -1.549090 -1.007794 -1.198511 -2.112857
 -1.995358 -1.063067 -1.166666 -1.573893
 -0.823077 -1.504449 -16.415234 -1.082400
 -1.071636 -1.342976 -16.547277 -0.925119
 -0.745708 -1.320061 -16.601139 -1.352928
 -1.978971 -0.802257 -15.968435 -0.883164
 -16.813740 -16.813740 -0.000000 -16.813740
 -16.536148 -16.536148 -0.000000 -16.536148
 -1.386294 -1.386294 -1.386294 -1.386294
 -16.727861 -16.727861 -0.000000 -16.727861
 -1.386294 -1.386294 -1.386294 -1.386294
 -1.386294 -1.386294 -1.386294 -1.386294
 -17.797806 -17.797806 -17.797806 -0.000000
 -1.386294 -1.386294 -1.386294 -1.386294
 -1.386294 -1.386294 -1.386294 -1.386294
 -1.386294 -1.386294 -1.386294 -1.386294
 -1.386294 -1.386294 -1.386294 -1.386294
 0.000000 -17.797806 -17.797806 -17.797806
 -2.220994 -0.759427 -2.178936 -1.169885
 -1.386294 -1.386294 -1.386294 -1.386294
 -1.386294 -1.386294 -1.386294 -1.386294
 -1.386294 -1.386294 -1.386294 -1.386294
 -15.576812 -15.576812 -0.000001 -15.576812
 -17.038378 -17.038378 -0.000000 -17.038378
 -15.618870 -15.618870 -0.000000 -15.618870
 -16.627922 -16.627922 -0.000000 -16.627922
 -1.386294 -1.386294 -1.386294 -1.386294
 -1.386294 -1.386294 -1.386294 -1.386294
 -0.850285 -1.233103 -1.268263 -17.797806
 -1.386294 -1.386294 -1.386294 -1.386294
 -1.733293 -1.309075 -1.015754 -1.654961
 -1.634050 -1.017537 -1.403720 -1.621021
 -1.523145 -0.825449 -1.618759 -1.925575
 -1.386294 -1.386294 -1.386294 -1.386294
 -1.404750 -1.637746 -1.073896 -1.521064
 -1.336086 -1.617601 -1.069764 -1.631356
 -1.315497 -1.239631 -1.303257 -1.768890
 -1.616703 -1.517612 -0.939304 -1.653843
 -1.153926 -1.557024 -1.430610 -1.449538
 -1.247032 -1.463058 -1.435085 -1.414606
 -1.079108 -1.391372 -1.442427 -1.742889
 -1.508939 -1.354788 -1.393107 -1.299930
 -1.831180 -1.149774 -1.029370 -1.796759
 -1.622893 -1.144459 -1.245712 -1.626885
 -1.496331 -0.985506 -1.309967 -2.017628
 -2.382211 -0.947557 -1.222445 -1.489623
 -1.434864 -1.552647 -1.171788 -1.425647
 -1.335431 -1.497109 -1.203435 -1.546380
 -1.357446 -1.260414 -1.302132 -1.675604
 -1.989650 -1.327513 -0.914205 -1.623101
